100 166
9 3 4 23
8 32 11 6
1 4 5
1 3 21 22
3 45 46 7
2 18 19 44
17 12 5 13
9 2 10
8 1 10
8 9 24 25
41 2 62 15
26 13 7
64 65 12 7
16 59 53 15
16 11 14
47 43 14 15
31 19 30 7
50 29 6
17 51 52 6
33 34 21 22
4 20 22
4 20 21
24 1 25
25 10 23
24 10 23
27 12 28
26 28 54 55
26 27 36 37
18 30 31
17 29 31
17 29 30
33 2 34
32 34 20
32 33 20
36 37 60 61
35 28 71
40 35 28 39
40 73 95 39
40 37 38
37 38 39
42 11 83 78
48 41 49 43
16 42 77
87 88 6 46
5 46 86
44 5 45
16 48 57 58
49 42 47
48 42 99 100
18 52 93 94
19 52 92
50 19 51
55 14 54
27 53 55
27 53 54
58 98 69 70
58 68 47
56 57 47
60 61 14
35 59 75 76
74 35 59
64 11 63
64 66 67 62
13 62 63
66 67 13
65 67 63
65 66 63
57 69 70
56 68 70
56 68 69
72 73 36
96 73 97 71
72 38 71
75 76 61
74 60 76
74 75 60
43 78 79
41 90 91 77
81 82 89 77
81 82 84 85
80 82 79
80 81 79
41 84 85
80 83 85
80 83 84
88 45 87
88 44 86
44 86 87
90 91 79
89 91 78
89 90 78
51 93 94
50 92 94
50 92 93
96 97 38
72 97 95
72 96 95
56 99 100
49 98 100
49 98 99
