100 166
2 4 12 13
1 33 34 4
8 32 11 7
1 2 5
48 49 4 6
9 10 5 7
3 92 6
9 3 27 62
8 74 6
75 68 76 6
18 3 20 13
1 59 23
16 1 11 15
16 60 61 15
35 44 13 14
13 14 29
24 25 18 19
17 11 19
17 18 21 22
11 21 22
19 20 22
19 20 21
24 25 12
17 99 100 23
17 51 52 23
27 28 70 71
8 26 28
64 26 27 77
16 30 31
36 29 37 31
46 29 30 45
33 34 3
32 2 34
32 33 2
39 40 37 15
89 37 30
35 36 30
40 42 43 39
40 35 38
35 38 39
56 43 54 55
57 58 43 38
41 42 38
45 46 15
44 46 31
44 45 31
48 49 93 94
49 5 47
48 5 47
65 81 82 98
25 66 67 52
80 25 51
90 91 54 55
41 53 55
41 53 54
41 58 95
96 97 42 58
56 57 42
12 60 61
59 61 14
59 60 14
8 64 84 85
64 83 78 79
28 62 63
50 66 67
88 65 51 87
65 51 86
10 69 70
72 73 68 70
26 68 69
72 73 26
73 69 71
72 69 71
9 75 76
10 74 76
10 74 75
28 78 79
79 77 63
77 78 63
81 82 52
80 50 82
80 81 50
84 85 63
83 85 62
83 84 62
88 67 87
88 66 86
66 86 87
90 91 36
89 91 53
89 90 53
93 94 7
92 94 47
92 93 47
56 96 97
57 97 95
96 57 95
50 99 100
24 98 100
24 98 99
