88 146
65 2 6 7
1 4 53 38
8 5 21 22
2 12 13 20
3 60 61 6
24 1 25 5
1 59 78 79
9 10 3
8 10 54 55
8 9 17 15
32 44 13 30
4 13 45 47
11 4 12
16 40 68 15
16 10 14
18 19 14 15
10 18 19
16 17 19
16 17 18
42 43 4 21
26 3 20
41 3 27 28
24 25 77
25 6 23
24 6 23
27 28 21
26 28 22
26 27 22
66 67 30 31
11 29 31
56 33 29 30
33 34 11
32 37 62 31
32 57 58 35
88 34 36 87
64 35 37 63
33 36 86
40 2 39
40 69 38 70
39 14 38
42 51 52 22
41 43 20
42 50 20
11 45 46
12 44 46
49 74 44 45
48 49 12
49 75 76 47
48 46 47
43 51 52
41 50 81 82
80 41 50
2 54 55
9 53 71
9 73 83 53
57 58 31
56 34 58
56 57 34
60 61 7
59 5 61
59 60 5
64 33 63
64 36 62
36 62 63
1 66 67
65 67 29
65 66 29
69 14 70
68 70 39
68 69 39
72 73 54
73 84 85 71
71 72 55
75 76 46
48 74 76
48 74 75
79 78 23
79 77 7
77 78 7
81 82 52
80 82 51
80 81 51
84 85 55
72 83 85
72 83 84
88 37 87
88 35 86
35 86 87
