88 146
17 3 11 7
24 25 5 77
1 4 78 79
80 26 3 14
9 2 10 7
8 18 19 7
1 5 6
9 10 6
8 10 5
8 9 5
1 60 13 61
16 56 59 13
33 34 11 12
39 40 4 15
50 21 14 22
51 12 52 62
1 18 19
17 19 6
17 18 6
57 58 21 22
75 20 76 15
74 20 15
24 27 28 53
31 2 30 23
2 42 43 29
35 4 28
28 36 37 23
26 27 23
25 44 30
24 29 31
24 45 30 46
33 34 66 67
32 34 13
32 33 13
26 36 37
27 35 84 85
27 35 83
40 63 71 39
40 14 38
39 14 38
42 43 54 55
25 41 43
25 41 42
29 46 47
48 49 46 31
44 45 31
48 49 44
49 45 47
48 45 47
51 52 15
16 50 68
16 50 69 70
55 54 23
41 53 55
41 53 54
57 58 12
56 58 20
56 57 20
12 60 61
11 59 61
11 59 60
16 64 63
64 38 62
72 73 62 63
81 66 67 82
32 65 67
32 65 66
51 69 70
52 68 70
52 68 69
72 73 38
64 73 71
64 72 71
88 75 22 87
74 76 21
75 21 86
2 78 79
3 77 79
3 77 78
81 82 4
80 65 82
80 65 81
84 37 85
83 36 85
83 36 84
88 76 87
88 74 86
74 86 87
