662 8362
0 2 
1 1 3 5 7 9 42 44 46 25 
0 33 2 35 4 37 6 39 8 16 22 23 25 27 29 31 
1 32 34 3 36 5 38 7 40 15 49 21 24 26 28 30 
0 2 4 6 8 9 11 13 15 
1 3 5 7 10 12 14 16 50 
2 2 4 6 8 14 17 19 21 
1 3 5 7 13 50 18 20 22 
2 2 5 41 10 43 12 45 14 16 26 
0 6 9 42 11 44 13 46 15 25 
1 5 10 12 14 16 18 53 55 57 28 
0 6 9 11 13 15 17 54 56 58 27 
2 5 8 10 12 14 16 17 19 21 
0 6 7 9 11 13 15 18 20 22 
2 33 35 4 5 37 39 10 12 14 16 22 23 25 27 29 31 
3 32 34 3 36 6 38 40 9 11 13 15 21 24 26 28 30 
1 7 12 13 18 20 53 22 55 57 28 
2 8 11 14 17 19 21 54 56 58 27 
1 65 67 69 7 71 73 75 13 18 20 22 58 59 61 30 63 
3 64 66 68 70 8 72 74 76 14 17 19 21 57 60 29 62 
0 33 35 4 37 7 39 13 16 18 20 22 23 25 27 29 31 
3 32 34 3 36 38 8 40 14 15 17 19 21 24 26 28 30 
1 32 34 3 36 38 40 42 47 15 49 51 21 24 26 28 30 
2 33 35 4 37 39 41 16 48 50 52 22 23 25 27 29 31 
3 32 2 3 34 36 38 40 41 10 43 45 15 21 24 26 28 30 
0 33 35 4 37 39 9 42 44 46 16 22 23 25 27 29 31 
1 32 34 3 36 38 40 12 15 18 21 53 55 24 57 26 28 30 
0 33 35 4 37 39 11 16 17 22 23 54 25 56 27 58 29 31 
1 3 15 20 21 24 26 28 30 32 34 36 38 40 58 59 61 63 65 67 69 71 73 75 
0 4 16 19 22 23 25 27 29 31 33 35 37 39 57 60 62 64 66 68 70 72 74 76 
1 32 34 3 36 38 40 77 15 79 81 83 21 85 24 26 28 30 62 
2 33 35 4 37 39 78 16 80 82 84 22 23 86 25 27 29 61 31 
3 32 97 34 3 99 36 38 40 76 15 84 21 87 24 89 26 91 28 93 30 95 
0 96 33 98 35 4 37 100 39 75 16 83 22 23 88 25 90 27 92 29 94 31 
3 32 34 3 36 66 101 103 38 105 40 46 15 48 82 21 24 26 28 30 94 
2 33 65 35 4 37 102 39 104 106 45 47 16 81 22 23 25 27 29 93 31 
1 32 34 3 36 38 102 40 110 15 115 52 21 117 24 26 28 30 
0 33 35 4 37 101 39 109 16 51 116 22 23 118 25 27 29 31 
1 3 15 21 24 26 28 30 32 34 36 38 40 44 50 64 80 92 106 107 109 111 113 
0 4 16 22 23 25 27 29 31 33 35 37 39 43 49 63 79 91 105 108 110 112 114 
1 9 42 44 46 47 49 51 24 25 
2 2 41 10 43 45 48 50 52 23 26 
1 64 40 9 42 106 44 107 46 109 80 111 50 113 25 92 
2 2 39 41 10 43 105 45 108 79 110 49 112 114 26 91 63 
0 66 36 101 103 9 42 105 44 46 47 48 82 25 94 
2 65 2 35 102 104 41 10 43 106 45 47 81 26 93 
3 66 36 101 103 41 105 45 46 48 82 50 52 23 94 
1 65 35 102 104 42 106 45 47 49 81 51 24 93 
3 64 4 40 41 106 107 44 109 111 48 80 50 113 52 23 92 
0 6 39 8 105 42 43 108 110 47 79 49 112 51 114 24 91 63 
2 102 38 41 110 48 50 115 52 117 23 
0 37 101 42 109 47 49 51 116 118 24 
0 68 133 11 17 54 56 58 27 
1 67 134 12 18 53 55 57 28 
0 70 134 135 137 11 139 141 17 54 56 58 27 
1 69 133 136 138 12 140 142 18 53 55 57 28 
2 65 67 69 71 73 11 75 17 20 54 56 58 27 59 61 30 63 
3 64 66 68 70 72 74 12 76 18 19 53 55 57 28 29 60 62 
3 62 161 64 163 66 68 70 104 72 74 76 19 86 57 90 60 29 157 159 
2 158 65 160 67 162 69 164 71 103 73 75 20 85 89 58 59 61 30 63 
0 32 64 66 68 70 72 74 76 77 79 81 19 83 85 57 60 29 62 
2 31 65 67 69 71 73 75 78 80 82 20 84 86 58 59 61 30 63 
3 19 29 40 44 50 57 60 62 64 66 68 70 72 74 76 80 92 106 107 109 111 113 
2 20 30 39 43 49 58 59 61 63 65 67 69 71 73 75 79 91 105 108 110 112 114 
0 64 66 36 101 68 103 70 105 72 74 76 46 48 82 19 57 60 29 62 94 
1 93 65 35 67 69 102 71 104 73 106 75 45 47 81 20 58 59 61 30 63 
0 64 66 68 133 70 72 74 76 19 54 57 60 29 62 
1 65 67 69 134 71 73 75 20 53 58 59 61 30 63 
0 64 66 68 70 134 135 137 72 139 74 141 76 19 56 57 60 29 62 
1 65 67 69 133 71 136 73 138 75 140 142 20 55 58 59 61 30 63 
0 64 96 66 68 70 72 74 140 76 143 145 19 147 149 57 60 29 62 
1 95 65 67 69 71 73 75 139 144 146 20 148 150 58 59 61 30 63 
3 64 66 98 68 70 72 74 76 142 144 19 151 57 153 155 60 29 62 
2 156 65 97 67 69 71 73 75 141 143 20 152 58 59 154 61 30 63 
3 64 95 66 97 68 99 70 34 72 74 76 19 84 87 57 89 91 60 29 62 93 
1 92 33 65 67 94 69 96 71 98 73 100 75 83 20 88 58 59 90 61 30 63 
2 165 167 169 78 80 114 82 84 118 86 120 61 158 31 
1 32 166 168 170 77 79 81 113 83 85 117 119 157 62 
3 64 40 106 107 44 109 78 111 80 113 50 82 84 86 92 61 31 
0 32 39 105 43 108 77 110 79 112 49 81 83 114 85 91 62 63 
3 66 36 101 103 105 78 46 80 48 82 84 86 61 94 31 
1 32 65 35 102 104 106 45 77 47 79 81 83 85 93 62 
2 95 97 34 99 76 78 80 82 84 86 87 89 91 61 93 31 
0 32 33 96 98 100 75 77 79 81 83 85 88 90 92 62 94 
3 159 161 163 104 78 80 82 84 86 90 60 61 157 31 
0 32 160 162 164 103 77 79 81 83 85 89 59 62 158 
0 96 33 98 164 100 166 75 172 83 179 181 183 88 185 90 92 94 
2 97 34 99 163 165 171 76 84 180 182 87 184 89 186 91 93 95 
1 94 33 161 163 96 98 100 104 75 83 86 88 90 60 157 92 159 
2 160 97 34 99 162 164 103 76 84 85 87 89 59 91 93 158 95 
1 64 33 96 98 100 40 106 75 107 109 44 111 80 113 50 83 88 90 92 94 
2 95 97 34 99 39 105 43 76 108 110 79 112 49 114 84 87 89 91 93 63 
0 96 33 66 98 36 101 100 103 105 75 46 48 82 83 88 90 92 94 
2 65 97 35 99 34 102 104 106 76 45 47 81 84 87 89 91 93 95 
0 96 33 98 100 72 75 140 143 145 83 147 149 88 90 92 94 
3 97 34 99 71 139 76 144 146 84 148 150 87 89 91 93 95 
1 96 33 98 100 74 75 142 144 83 151 88 153 90 155 92 94 
2 97 34 99 73 76 141 143 84 87 152 89 154 91 156 93 95 
0 96 33 98 162 100 75 171 173 175 177 83 88 152 90 92 94 
3 97 34 99 161 76 172 174 176 178 84 87 151 89 91 93 95 
2 65 35 102 38 104 106 45 110 47 81 115 52 117 93 
3 66 36 101 37 103 105 109 46 48 82 51 116 118 94 
1 65 161 35 163 102 104 106 45 47 81 86 90 60 93 157 159 
0 160 66 162 36 101 164 103 105 46 48 82 85 89 59 94 158 
1 64 65 35 102 104 40 106 107 44 45 109 47 111 81 113 50 80 92 93 
0 66 36 101 39 103 105 43 108 46 79 48 49 82 110 112 114 91 94 63 
0 39 105 43 108 110 79 112 49 114 116 119 121 91 123 125 63 
1 64 40 106 107 44 109 111 80 113 50 115 120 122 92 124 126 
2 38 39 102 105 43 108 110 79 112 49 114 115 52 117 91 63 
3 64 37 101 40 106 107 44 109 111 80 113 50 51 116 118 92 
2 160 39 168 105 43 108 110 79 112 49 114 182 122 91 187 189 63 
3 64 167 40 106 107 44 109 111 80 113 50 181 121 92 188 190 159 
2 165 39 167 105 169 43 108 110 79 112 49 114 78 118 120 91 158 63 
1 64 166 40 168 106 107 44 77 109 111 80 113 50 170 117 119 92 157 
0 37 101 108 109 51 116 118 119 121 123 125 
1 102 38 107 110 115 52 117 120 122 124 126 
3 37 101 165 167 169 109 78 114 51 116 118 120 158 
1 102 38 166 168 170 77 110 113 115 52 117 119 157 
2 165 167 169 107 78 114 115 118 120 122 124 158 126 
0 166 168 170 108 77 113 116 117 119 121 123 125 157 
2 160 168 107 112 115 182 120 122 187 124 189 126 
3 167 108 111 116 181 119 121 123 188 125 190 159 
1 128 193 195 170 107 115 120 122 124 188 126 191 
3 192 194 196 169 108 116 119 121 123 187 125 127 
1 129 131 107 115 120 122 124 126 127 
0 128 130 132 108 116 119 121 123 125 
2 128 193 130 195 132 170 188 125 124 191 
3 192 129 194 131 196 169 123 187 126 127 
2 128 130 196 197 132 199 201 125 
1 129 131 195 198 200 202 126 127 
0 128 130 132 261 263 202 252 125 254 
1 129 131 262 264 201 251 253 126 127 
3 67 134 135 70 137 139 141 53 56 
2 68 133 69 136 138 140 142 54 55 
1 69 133 136 138 203 140 205 142 207 209 146 211 55 
0 70 135 134 137 139 204 141 206 208 145 210 212 56 
1 69 133 136 138 204 140 142 148 213 55 215 217 219 221 
0 70 134 135 137 139 203 141 147 214 56 216 218 220 222 
2 96 69 133 136 72 138 140 142 143 145 147 149 55 
3 70 71 134 135 137 139 141 144 146 148 150 56 95 
1 98 133 69 136 138 74 140 142 144 55 151 153 155 
0 97 70 134 135 73 137 139 141 143 56 152 154 156 
1 98 71 74 139 142 144 146 148 150 151 153 155 95 
0 96 97 72 73 140 141 143 145 147 149 152 154 156 
1 71 136 139 203 205 207 144 209 146 211 148 150 95 
0 96 135 72 140 204 206 143 208 145 210 147 212 149 
1 71 138 139 204 144 146 148 213 150 215 217 219 221 95 
0 96 72 137 203 140 143 145 147 149 214 216 218 220 222 
3 223 225 227 71 139 144 146 148 150 216 154 95 
2 96 224 226 228 72 140 143 145 147 149 215 153 
2 97 162 100 73 171 141 173 143 175 177 152 154 156 
3 161 98 99 74 172 142 174 144 176 178 151 153 155 
0 97 225 227 73 141 143 150 152 216 154 156 223 
1 224 98 226 228 74 142 144 149 151 215 153 155 
2 224 97 229 231 73 141 174 143 152 154 156 
3 98 230 232 74 173 142 144 151 153 155 223 
2 160 162 164 165 103 167 169 78 114 85 118 120 89 59 158 
1 161 163 166 104 168 170 77 113 117 86 119 90 60 157 159 
2 160 162 164 103 168 112 85 182 89 122 59 187 189 158 
3 190 161 163 167 104 111 181 86 121 90 60 157 188 159 
0 160 162 100 164 103 171 173 175 177 85 152 89 59 158 
3 161 99 163 104 172 174 176 178 86 151 90 60 157 159 
0 160 162 164 166 103 172 179 85 181 183 88 89 185 59 158 
1 161 163 165 104 171 180 86 87 182 184 90 186 60 157 159 
0 164 166 168 170 172 77 113 179 117 181 119 183 185 88 157 
2 163 165 167 169 171 78 114 180 118 87 120 182 184 186 158 
0 160 166 168 170 77 112 113 117 182 119 122 187 157 189 
3 190 165 167 169 78 111 114 181 118 120 121 188 158 159 
1 128 193 195 166 168 170 77 113 117 119 188 157 124 191 
3 192 194 196 165 167 169 78 114 118 120 123 187 158 127 
3 161 99 164 166 172 174 176 178 179 181 151 183 185 88 
2 162 163 100 165 171 173 175 177 180 182 87 152 184 186 
1 224 161 99 229 231 172 174 176 178 151 156 
0 162 100 230 232 171 173 175 177 152 155 223 
1 161 99 230 233 235 172 237 174 239 176 241 178 151 
0 162 100 229 234 171 236 173 238 175 240 177 242 152 
1 161 99 172 236 174 176 178 243 245 151 184 
0 162 100 171 235 173 175 177 244 246 183 152 
1 192 163 165 198 171 180 244 182 87 247 249 184 251 186 190 
0 164 197 166 172 179 243 181 183 88 185 248 250 252 189 191 
2 160 163 165 168 171 112 180 182 87 184 122 187 186 189 
3 164 166 167 172 111 179 181 183 88 121 185 188 190 159 
1 163 165 171 236 178 243 180 245 182 87 184 186 
0 164 166 235 172 177 179 244 181 246 183 88 185 
1 256 163 165 234 171 298 180 182 87 184 246 186 248 310 315 317 
3 164 166 233 297 172 179 181 245 183 88 185 247 309 316 318 255 
1 191 193 128 195 167 170 111 181 121 188 124 190 159 
0 160 192 194 196 168 169 112 182 122 187 123 189 127 
3 192 198 167 111 244 181 180 247 121 249 251 188 190 159 
2 160 197 168 112 179 243 182 248 122 187 250 189 252 191 
3 192 194 196 198 169 244 180 247 249 123 187 251 190 127 
2 128 193 252 195 197 170 179 243 248 250 124 189 188 191 
0 192 255 194 257 259 196 200 169 250 123 187 253 127 
1 128 193 256 195 258 260 199 170 249 124 188 254 191 
3 192 194 130 196 197 199 169 201 123 187 127 
1 128 129 193 195 198 200 170 202 124 188 191 
1 192 129 195 198 200 202 244 180 247 249 251 190 
2 130 196 197 199 201 179 243 248 250 252 189 191 
0 129 257 195 259 194 198 200 202 250 253 255 
3 256 193 130 258 196 197 260 199 201 249 254 
0 129 195 132 261 198 263 200 202 252 254 
2 130 131 196 197 262 199 264 201 251 253 
2 135 138 204 206 208 145 210 148 213 212 215 217 219 221 
3 136 137 203 205 207 209 146 147 211 214 216 218 220 222 
0 135 266 204 206 208 145 210 212 341 343 345 347 349 
1 136 265 203 205 207 209 146 211 342 344 346 348 350 
0 353 355 357 135 204 270 206 208 145 210 276 212 342 351 
1 352 354 356 358 136 203 205 269 207 209 146 211 275 341 
0 135 204 206 208 145 210 272 273 275 277 279 212 281 220 
1 136 203 205 207 271 209 146 211 274 276 278 280 282 219 
2 135 265 267 204 269 206 271 208 145 210 212 218 
1 136 266 203 268 205 270 207 272 209 146 211 217 
0 289 291 228 293 232 137 203 238 147 214 216 218 284 220 222 
1 290 227 292 294 231 138 204 237 148 213 215 217 219 283 221 
3 225 227 137 203 147 214 150 216 154 218 220 222 223 
2 224 226 228 138 204 148 149 213 215 153 217 219 221 
3 137 265 203 267 269 271 147 212 214 216 218 220 222 
1 138 266 204 268 270 272 211 148 213 215 217 219 221 
0 137 203 272 273 210 147 275 277 214 279 216 281 218 220 222 
1 138 204 271 209 274 148 213 276 215 278 217 280 219 282 221 
0 226 137 203 274 147 214 216 218 283 220 285 222 287 
2 288 225 138 204 273 148 213 215 217 219 284 221 286 
2 224 226 228 229 231 174 149 215 153 156 
3 225 227 230 232 173 150 216 154 155 223 
1 224 226 228 274 149 215 153 283 285 222 287 
3 288 225 227 273 150 216 154 284 221 286 223 
2 224 289 226 291 228 293 232 238 149 214 215 153 284 
3 225 290 227 292 294 231 237 213 150 216 154 283 223 
3 230 232 233 235 173 237 239 176 241 155 223 
2 224 229 231 234 236 174 175 238 240 242 156 
0 289 291 228 293 230 232 173 238 214 155 284 223 
1 224 290 227 292 229 294 231 237 174 213 283 156 
0 256 229 234 298 236 238 175 240 242 246 310 248 186 315 317 
3 230 233 297 235 237 239 176 241 245 309 247 185 316 318 255 
2 229 234 236 238 175 240 178 243 242 245 184 
3 230 233 235 237 239 176 177 241 244 246 183 
0 289 291 228 229 293 232 234 236 238 175 240 242 214 284 
1 290 227 292 230 231 294 233 235 237 239 176 241 213 283 
0 288 290 229 360 234 236 300 238 175 240 367 369 242 280 
1 289 230 359 233 235 299 237 239 176 241 368 370 279 287 
2 229 294 295 297 234 299 236 301 238 175 240 303 242 
1 293 230 296 233 298 235 300 237 302 239 176 241 304 
3 192 198 235 177 244 180 246 247 183 249 251 190 
2 197 236 178 243 179 245 184 248 250 252 189 191 
0 256 298 235 234 177 244 246 183 248 310 186 315 317 
2 233 297 236 178 243 245 309 247 184 185 316 318 255 
0 256 252 197 298 234 179 243 310 246 248 186 315 250 189 317 191 
3 192 318 198 233 297 180 245 244 247 309 185 249 251 316 190 255 
0 255 257 194 259 197 200 179 243 248 250 252 189 253 191 
1 192 193 256 258 260 198 199 180 244 247 249 251 190 254 
0 132 197 261 263 202 243 179 248 250 252 189 254 191 
1 192 131 198 262 264 201 180 244 247 249 251 253 190 
3 256 193 258 132 261 260 263 199 202 249 252 254 
2 257 194 131 259 262 200 201 264 250 251 253 255 
1 256 193 258 260 199 298 234 310 246 248 249 186 315 317 254 
2 257 194 259 200 233 297 245 309 247 185 250 316 253 318 255 
1 256 193 258 321 260 262 199 308 249 316 254 319 
0 320 257 194 259 322 261 200 307 250 315 253 255 
1 256 193 258 320 260 323 325 199 264 249 254 
0 319 257 194 259 324 326 263 200 250 253 255 
1 321 258 131 262 264 201 308 251 316 253 319 
0 320 257 322 132 261 263 202 307 315 252 254 
1 320 131 323 325 262 260 264 201 251 253 
0 259 132 261 324 263 326 202 252 254 319 
0 266 268 206 270 272 211 341 343 217 345 347 349 
3 265 267 205 269 271 212 342 344 218 346 348 350 
1 354 266 268 270 272 211 405 407 217 346 409 
2 353 265 267 269 271 212 406 408 345 218 410 
0 353 355 357 266 268 270 208 272 211 276 342 217 351 
2 352 354 356 358 265 267 269 271 207 275 212 341 218 
0 266 268 270 272 273 210 211 275 277 279 217 281 220 
3 265 267 269 271 209 274 212 276 278 280 218 219 282 
1 226 271 209 274 276 278 280 282 219 283 285 222 287 
2 288 225 272 273 210 275 277 279 281 220 221 284 286 
3 353 355 357 270 271 208 209 274 276 342 278 280 282 219 351 
2 352 354 356 358 269 207 272 273 210 275 277 341 279 281 220 
1 352 359 361 363 365 271 209 274 276 278 280 282 219 286 
0 360 362 364 366 272 273 210 275 277 279 281 220 285 351 
3 288 290 360 300 271 367 209 274 369 276 240 278 280 282 219 
2 289 359 299 239 272 273 210 275 368 277 370 279 281 220 287 
1 421 358 423 425 362 271 209 274 276 278 280 282 219 414 
0 357 422 424 361 426 272 273 210 275 277 279 281 220 413 
2 288 225 289 291 228 293 232 238 273 214 284 221 286 
1 226 227 290 292 294 231 237 274 213 283 285 222 287 
3 352 225 288 359 361 363 365 273 278 284 221 286 
0 351 226 360 362 364 366 274 277 283 285 222 287 
3 288 225 290 360 300 367 240 273 369 280 284 221 286 
1 289 226 359 299 239 368 274 370 279 283 285 222 287 
3 288 290 227 292 294 231 360 300 237 367 240 369 213 280 283 
2 289 291 228 293 359 232 299 238 239 368 370 214 279 284 287 
1 290 227 292 294 231 237 302 368 371 213 373 375 377 283 
0 289 291 228 293 232 301 238 367 372 214 374 376 378 284 
3 290 227 292 294 231 295 297 299 237 301 303 242 213 283 
0 289 291 228 293 232 296 298 300 238 302 304 241 214 284 
1 293 296 298 300 302 304 241 305 307 309 311 313 
2 294 295 297 299 301 303 242 306 308 310 312 314 
1 256 293 296 298 234 300 302 304 241 310 246 248 186 315 317 
3 294 295 297 233 299 301 303 242 245 309 247 185 316 318 255 
0 288 290 293 296 360 298 300 302 367 240 241 369 304 280 
2 289 294 295 359 297 299 301 239 303 368 242 370 279 287 
1 292 293 296 298 300 302 368 241 304 371 373 375 377 
2 291 294 295 297 299 301 303 367 242 372 374 376 378 
1 293 296 328 298 300 302 304 241 372 312 379 381 383 
3 384 294 295 327 297 299 301 303 242 371 311 380 382 
2 322 324 327 295 329 331 333 306 308 310 312 314 318 
1 321 323 296 328 330 332 334 305 307 309 311 313 317 
2 321 258 262 295 306 308 310 312 314 316 319 
3 320 257 322 261 296 305 307 309 311 313 315 
0 256 295 234 298 306 308 310 246 248 312 186 315 314 317 
3 296 233 297 305 307 309 245 247 311 185 313 316 318 255 
2 295 328 304 306 308 372 310 312 314 379 381 383 
3 384 327 296 303 305 307 371 309 311 313 380 382 
2 385 387 389 295 330 336 306 308 310 312 314 380 
3 386 388 390 296 329 335 305 307 309 311 313 379 
2 319 321 258 262 233 297 308 245 309 247 185 316 318 255 
0 256 257 320 322 261 234 298 307 246 310 248 186 315 317 
2 322 324 327 233 297 329 331 333 306 245 309 247 185 316 318 255 
1 256 321 323 328 234 298 330 332 334 305 246 310 248 186 315 317 
3 320 257 322 323 260 261 325 264 307 315 
2 321 258 259 324 262 263 326 308 316 319 
3 320 257 322 324 261 327 329 331 333 306 307 315 318 
1 321 258 323 262 328 330 332 334 305 308 316 317 319 
2 322 259 324 326 327 263 329 331 333 306 318 319 
1 320 321 323 260 325 264 328 330 332 334 305 317 
0 259 324 326 263 334 335 337 339 319 
1 320 323 260 325 264 333 336 338 340 
1 321 323 328 330 332 334 304 305 372 312 379 317 381 383 
3 384 322 324 327 329 331 333 303 306 371 311 380 318 382 
0 321 385 323 387 389 328 330 332 334 336 305 314 380 317 
3 322 386 324 388 390 327 329 331 333 335 306 313 379 318 
1 321 386 323 391 328 393 330 395 332 397 334 399 305 338 317 
2 385 322 324 327 392 329 394 331 396 333 398 400 337 306 318 
0 321 323 326 328 330 332 334 335 305 337 339 317 
2 322 324 325 327 329 331 333 336 306 338 340 318 
2 385 387 325 389 330 333 336 338 340 314 380 
3 386 388 326 390 329 334 335 337 339 313 379 
1 386 325 391 393 395 332 333 397 399 336 338 340 
0 385 326 392 394 331 396 334 335 398 337 400 339 
2 325 392 333 336 401 338 403 340 
0 326 391 334 335 337 402 339 404 
3 353 355 357 265 205 270 208 276 342 344 346 348 350 351 
2 352 354 356 358 266 269 206 207 275 341 343 345 347 349 
1 265 205 463 465 467 342 406 344 346 348 350 
0 266 206 464 466 468 341 405 343 345 347 349 
1 354 265 268 205 405 342 407 344 409 346 348 350 
2 353 266 267 206 341 406 343 408 345 410 347 349 
1 350 417 419 356 265 205 342 344 346 410 348 411 413 415 
0 416 418 355 420 266 206 341 343 345 409 347 412 349 414 
1 416 265 205 468 469 342 471 344 408 346 473 348 350 
0 266 206 467 341 470 343 407 345 472 347 474 349 415 
1 352 354 356 358 359 361 363 269 365 207 275 341 278 286 
0 353 355 357 360 362 364 270 366 208 276 277 342 285 351 
1 352 354 356 358 268 269 207 275 341 405 407 409 346 
3 353 355 357 267 270 208 276 342 406 408 345 410 351 
1 352 417 354 419 356 358 269 207 275 341 410 411 348 413 415 
0 416 353 418 355 420 357 270 208 276 342 409 347 412 414 351 
1 352 354 356 421 358 423 425 362 269 207 275 341 282 414 
0 353 355 357 422 424 361 426 270 208 276 342 281 413 351 
0 288 290 360 362 300 364 366 367 240 369 277 280 285 351 
1 352 289 359 361 299 363 365 239 368 370 278 279 286 287 
2 421 358 423 360 425 362 364 366 277 282 285 414 351 
3 352 357 422 359 424 361 426 363 365 278 281 413 286 
0 422 360 362 427 364 429 366 431 433 370 277 374 285 351 
1 352 421 359 361 363 428 365 430 432 369 434 373 278 286 
0 483 485 360 362 426 364 366 430 277 412 285 476 351 
1 352 484 486 359 361 425 363 365 429 278 411 475 286 
1 289 292 359 299 302 239 368 370 371 373 279 375 377 287 
0 288 290 291 360 300 301 367 240 369 372 374 280 376 378 
2 289 422 359 299 427 429 364 239 368 431 370 433 374 279 287 
3 288 290 421 360 363 300 428 430 367 240 369 432 434 373 280 
2 291 328 301 367 304 372 374 312 376 378 379 381 383 
3 384 292 327 302 303 368 371 373 311 375 377 380 382 
0 291 422 427 364 301 429 367 431 433 370 372 374 376 378 
1 292 421 363 428 302 430 368 369 432 371 434 373 375 377 
2 291 428 301 367 435 372 437 374 439 376 441 378 382 
1 292 427 302 368 371 436 373 438 375 440 377 442 381 
0 384 291 388 394 301 367 372 374 438 376 378 443 445 
1 387 292 393 302 368 371 373 437 375 377 444 446 383 
0 384 385 387 389 327 330 303 336 371 311 314 380 382 
1 386 388 390 328 329 335 304 372 312 313 379 381 383 
3 384 327 428 303 371 435 437 311 439 441 376 380 382 
1 328 427 304 372 436 438 375 312 440 442 379 381 383 
0 384 388 327 394 303 371 438 311 378 443 380 445 382 
1 387 328 393 304 372 437 312 377 379 444 381 446 383 
3 386 388 390 391 329 393 395 332 397 335 399 338 313 379 
2 385 387 389 392 330 331 394 396 398 336 337 400 314 380 
3 384 386 388 390 329 394 335 438 313 378 379 443 445 
2 385 387 389 393 330 336 437 377 314 380 444 446 383 
1 449 386 451 388 453 390 329 396 335 436 313 379 446 447 
0 448 385 450 387 452 389 454 330 395 336 435 314 380 445 
2 385 392 394 331 396 398 400 337 401 403 340 
3 386 391 393 395 332 397 399 338 339 402 404 
0 384 385 388 392 394 331 396 398 400 337 438 378 443 445 
1 386 387 391 393 395 332 397 399 338 437 377 444 446 383 
2 385 449 451 453 390 392 394 331 396 398 400 337 436 446 447 
3 448 386 450 452 389 454 391 393 395 332 397 399 338 435 445 
0 448 385 455 392 457 394 331 396 459 398 400 337 402 
1 386 391 456 393 458 395 332 397 460 399 401 338 447 
0 385 392 456 394 331 396 461 398 400 337 404 
1 386 391 455 393 395 332 397 462 399 338 403 
0 448 455 391 457 459 398 402 339 404 
1 392 456 458 460 397 401 403 340 447 
0 391 456 461 400 402 339 404 
1 455 392 462 399 401 403 340 
3 353 267 463 465 467 406 344 345 408 410 
0 354 268 464 466 468 405 407 343 409 346 
2 416 353 267 468 469 406 471 408 345 473 410 350 
0 354 268 467 405 470 407 472 409 346 474 349 415 
3 353 417 419 356 267 406 408 345 410 411 348 413 415 
0 416 354 355 418 420 268 405 407 409 346 347 412 414 
0 416 418 355 483 485 420 426 430 366 409 347 412 476 414 
1 417 419 356 484 486 425 365 429 410 411 348 413 475 415 
2 416 418 355 420 421 358 423 425 362 409 282 347 412 414 
3 417 419 356 357 422 424 361 426 281 410 411 348 413 415 
2 416 418 355 420 468 469 471 408 409 473 347 412 414 350 
3 474 417 419 356 467 470 407 472 410 411 348 349 413 415 
0 416 418 355 420 490 526 527 529 466 409 474 347 412 414 478 
1 417 419 356 489 525 528 465 530 473 410 411 348 413 477 415 
0 416 479 418 355 420 481 424 470 409 347 412 475 414 477 
1 478 417 480 419 356 482 423 469 410 411 348 413 476 415 
0 357 422 424 361 426 427 364 429 431 433 370 374 281 413 
1 421 358 423 425 362 363 428 430 432 369 434 373 282 414 
0 481 420 357 422 424 361 426 470 281 475 413 477 479 
1 480 482 419 421 358 423 425 362 469 282 476 414 478 
0 483 357 422 485 424 361 426 430 366 281 476 413 412 
1 484 421 358 423 486 425 362 365 429 282 411 475 414 
3 421 363 428 430 432 369 434 435 373 437 439 376 441 382 
0 422 427 364 429 431 433 370 436 374 375 438 440 442 381 
3 483 421 485 426 363 428 430 366 432 369 434 373 476 412 
2 484 422 486 425 427 364 429 365 431 433 370 374 411 475 
1 482 421 486 488 363 428 430 495 432 369 497 499 434 373 
0 481 485 422 487 427 364 429 431 496 433 370 498 500 374 
1 421 363 428 430 432 369 434 496 373 501 503 440 505 507 
0 422 427 364 429 431 495 433 370 374 439 502 504 506 508 
1 449 451 453 390 427 396 436 438 375 440 442 381 446 447 
3 448 450 452 389 454 395 428 435 437 439 376 441 445 382 
0 384 388 394 427 436 438 375 440 378 443 442 381 445 
2 446 387 393 428 435 437 439 376 377 441 444 382 383 
1 427 496 434 436 501 438 375 440 503 505 507 442 381 
2 428 495 433 435 437 502 439 376 441 504 506 508 382 
1 450 427 436 438 375 440 502 442 444 381 509 511 
2 512 449 428 435 437 501 439 376 441 443 382 510 
1 511 450 387 393 437 502 377 442 444 509 446 383 
3 384 449 512 388 394 501 438 441 378 443 445 510 
1 447 449 387 451 453 390 393 396 436 437 377 444 446 383 
0 384 448 450 388 389 452 454 394 395 435 438 378 443 445 
0 448 450 452 389 454 455 457 395 459 398 402 435 445 
1 449 451 453 390 456 458 396 397 460 401 436 446 447 
0 448 450 452 389 454 395 435 502 442 444 445 509 511 
2 510 449 512 451 453 390 396 436 501 441 443 446 447 
0 448 512 450 513 452 389 515 517 519 454 395 435 445 
1 511 449 514 451 516 453 390 518 520 396 436 446 447 
0 448 450 514 452 389 454 521 458 395 435 445 
1 449 513 451 453 390 457 522 396 436 446 447 
2 456 458 460 397 461 400 401 404 447 
3 448 455 457 459 398 399 462 402 403 
2 514 454 456 521 458 460 397 401 447 
3 448 513 453 455 457 522 459 398 402 
1 456 458 522 460 397 462 401 447 
0 448 455 457 521 459 461 398 402 
1 455 522 460 462 399 403 
0 456 521 459 461 400 404 
2 523 525 464 466 468 405 343 472 
1 524 526 463 465 467 406 471 344 
0 418 490 526 527 464 529 466 468 405 343 474 478 
1 417 489 525 463 528 465 530 467 406 344 473 477 
2 416 464 466 468 405 469 343 471 473 408 350 
3 463 465 467 406 407 344 470 472 474 349 415 
0 479 481 420 424 467 470 407 472 474 475 349 477 415 
1 416 480 482 419 423 468 469 471 408 473 476 350 478 
3 523 525 464 467 470 407 472 474 349 415 
1 416 524 526 463 468 469 471 408 473 350 
0 418 490 526 527 529 466 467 470 407 472 474 349 478 415 
1 416 417 489 525 528 465 530 468 469 471 408 473 477 350 
3 480 482 419 483 485 423 426 366 430 469 476 412 478 
2 481 420 484 486 424 425 365 429 470 475 411 477 479 
3 480 418 419 482 423 490 526 527 529 466 469 474 476 478 
2 417 481 420 424 489 525 528 465 530 470 473 475 477 479 
1 480 482 419 484 423 487 489 491 493 469 476 478 
0 481 483 420 424 488 490 492 494 470 475 477 479 
1 480 482 419 486 423 488 495 432 497 499 469 476 478 
0 481 420 485 487 424 431 496 498 500 470 475 477 479 
1 480 484 486 487 425 489 491 365 429 493 411 475 
0 483 485 488 426 490 492 366 430 494 412 476 479 
1 482 484 486 488 425 365 429 495 432 497 499 411 475 
0 481 483 485 487 426 366 431 430 496 498 500 412 476 
2 482 483 486 488 490 492 494 495 432 497 499 479 
3 480 481 484 485 487 489 491 493 431 496 498 500 
0 418 483 488 490 492 526 527 494 529 466 474 478 479 
1 480 417 484 487 489 491 493 525 528 465 530 473 477 
0 483 488 490 492 524 494 530 531 533 479 
3 480 484 487 489 491 523 493 529 532 534 
0 483 488 490 492 494 528 498 534 535 537 479 
1 480 484 487 489 491 493 527 497 533 536 538 
3 481 485 487 431 496 434 498 500 501 503 440 505 507 
2 482 486 488 495 432 433 497 499 502 439 504 506 508 
0 481 485 487 494 431 496 528 498 500 534 535 537 
1 482 486 488 493 495 432 497 527 499 533 536 538 
0 481 545 485 487 431 496 498 500 504 536 539 541 543 
1 544 482 546 486 488 495 432 497 499 503 535 540 542 
0 450 495 433 502 439 504 442 506 444 509 508 511 
3 512 449 496 434 501 503 440 441 505 443 507 510 
0 545 495 433 500 502 439 504 536 506 539 508 541 543 
1 544 546 496 434 499 501 503 440 505 535 507 540 542 
2 547 516 549 495 433 502 439 504 506 540 508 510 
1 515 548 550 496 434 501 503 440 505 507 539 509 
0 544 550 552 555 557 495 559 433 502 439 504 506 508 
1 549 551 556 558 496 560 434 501 503 440 505 507 543 
2 512 449 547 516 549 501 441 506 443 540 510 
1 450 515 548 550 502 505 442 539 444 509 511 
3 512 449 513 515 452 517 519 501 441 443 510 
1 450 451 514 516 518 520 502 442 444 509 511 
2 514 451 516 454 518 520 521 458 511 
3 512 513 515 452 453 517 519 457 522 
2 514 451 516 547 549 518 520 506 540 510 511 
0 512 513 515 452 517 548 519 550 505 539 509 
1 514 451 516 548 518 551 520 553 511 
0 512 513 515 452 517 547 519 552 554 
1 514 451 516 581 518 583 520 554 556 574 511 
0 512 513 515 452 517 582 519 584 553 555 573 
1 513 453 457 522 460 462 
0 514 454 521 458 459 461 
1 524 492 526 463 530 531 533 471 
3 523 491 525 464 529 532 534 472 
0 418 490 524 526 527 463 529 466 471 474 478 
2 417 489 523 525 464 465 528 530 472 473 477 
2 417 489 525 494 528 465 498 530 534 535 473 537 477 
3 418 490 493 526 527 497 529 466 533 536 474 538 478 
1 417 489 492 525 524 528 465 530 531 533 473 477 
3 418 490 491 523 526 527 529 466 532 534 474 478 
3 491 523 529 561 532 534 538 542 
0 492 524 530 531 562 533 537 541 
2 491 523 494 528 529 498 532 534 535 537 
1 524 492 493 527 497 530 531 533 536 538 
3 545 493 527 497 500 533 536 504 538 539 541 543 
2 544 546 494 528 498 499 534 503 535 537 540 542 
1 493 527 497 561 532 533 536 538 542 
0 494 528 498 531 562 534 535 537 541 
2 544 546 547 516 549 499 535 503 506 540 510 542 
0 545 515 548 550 500 504 505 536 539 509 541 543 
1 544 546 561 499 532 535 503 538 540 542 
0 545 562 531 500 504 537 536 539 541 543 
2 544 546 550 552 555 557 559 499 535 503 540 508 542 
3 545 549 551 556 558 560 500 504 536 507 539 541 543 
1 544 546 558 562 499 563 565 535 503 567 540 542 
0 545 557 561 500 564 566 504 536 568 539 541 543 
1 515 548 518 551 550 553 505 539 509 
2 547 516 517 549 552 554 506 540 510 
0 544 515 548 550 552 555 557 559 505 539 508 509 
3 547 516 549 551 556 558 560 506 507 540 510 543 
0 544 547 517 550 552 554 555 557 559 508 
1 548 549 518 551 553 556 558 560 507 543 
2 547 517 581 583 552 520 554 556 574 
3 548 518 551 519 553 582 555 584 573 
1 549 581 551 583 520 554 556 558 560 507 574 543 
0 544 550 519 552 553 582 555 584 557 559 508 573 
1 546 549 551 556 558 560 562 563 565 567 507 543 
0 544 545 550 552 555 557 559 561 564 566 568 508 
1 575 577 579 549 551 556 558 560 568 569 507 571 573 543 
0 544 576 578 580 550 552 555 557 559 567 570 508 572 574 
2 546 558 562 531 563 565 567 537 541 
3 545 557 561 532 564 566 568 538 542 
0 576 545 609 611 613 557 561 564 598 566 568 602 606 
1 546 610 612 614 558 562 563 565 597 567 601 605 575 
0 545 578 588 557 592 561 564 596 566 568 601 603 
1 577 546 587 558 591 562 563 595 565 567 602 604 
3 545 577 579 557 560 561 564 566 568 569 571 573 575 
2 576 546 578 580 558 559 562 563 565 567 570 572 574 
0 576 578 580 582 586 591 559 593 567 570 572 574 
3 577 579 581 585 560 592 594 568 569 571 573 575 
0 576 578 580 584 585 587 589 559 567 570 572 574 
1 577 579 583 586 588 590 560 568 569 571 573 575 
2 576 578 580 581 583 520 554 556 559 567 570 572 574 
3 577 579 582 519 584 553 555 560 568 569 571 573 575 
0 576 609 578 611 580 613 559 564 598 567 570 602 572 574 606 
1 577 610 579 612 614 560 563 597 568 569 601 571 573 605 575 
0 576 578 580 588 559 592 596 566 567 601 570 603 572 574 
1 577 579 587 591 560 595 565 568 569 602 571 604 573 575 
2 576 578 580 590 559 594 595 597 567 599 570 572 574 
3 577 579 589 560 593 596 598 568 569 600 571 573 575 
0 582 519 584 553 586 555 591 593 570 573 
2 581 583 520 585 554 556 592 594 569 574 
0 582 519 584 553 585 555 587 589 572 573 
1 581 583 520 554 586 556 588 590 571 574 
1 582 583 586 588 590 591 593 570 571 
3 581 584 585 587 589 592 594 569 572 
2 578 583 586 588 590 592 596 566 601 571 603 
3 577 584 585 587 589 591 595 565 602 572 604 
2 580 583 586 588 590 594 595 597 599 571 
3 579 584 585 587 589 593 596 598 600 572 
2 578 581 585 588 592 594 596 566 569 601 603 
1 577 582 586 587 591 593 595 565 570 602 604 
2 580 581 585 590 592 594 595 597 599 569 
0 579 582 586 589 591 593 596 598 600 570 
0 578 579 588 589 592 593 596 566 598 600 601 603 
1 577 580 587 590 591 594 595 565 597 599 602 604 
3 576 609 579 611 613 589 593 596 564 598 600 602 606 
2 610 580 612 614 590 594 563 595 597 599 601 605 575 
3 579 589 593 596 598 600 604 605 607 
2 608 580 590 594 595 597 599 603 606 
3 576 577 609 611 613 587 591 595 564 565 598 602 604 606 
2 578 610 612 614 588 592 563 596 597 566 601 603 605 575 
1 577 587 591 595 565 600 602 604 605 607 
0 608 578 588 592 596 566 599 601 603 606 
0 576 609 608 611 613 564 598 599 602 603 606 
1 575 610 612 614 563 597 600 601 604 605 607 
0 608 614 615 617 619 599 603 606 
1 613 616 618 620 600 604 605 607 
1 610 612 614 616 622 625 563 627 597 601 605 575 
0 576 609 611 613 615 621 626 564 628 598 602 606 
1 610 612 614 618 621 623 563 597 601 605 575 
0 576 609 611 613 617 622 624 564 598 602 606 
2 608 610 612 614 615 617 619 563 597 601 605 575 
3 576 609 611 613 616 618 620 564 598 602 606 607 
1 610 613 616 618 620 622 625 627 607 
0 608 609 614 615 617 619 621 626 628 
1 612 613 616 618 620 621 623 607 
0 608 611 614 615 617 619 622 624 
1 613 616 618 620 624 628 629 631 607 
2 608 614 615 617 619 623 627 630 632 
2 610 611 616 617 622 624 625 627 
3 609 612 615 618 621 623 626 628 
0 611 617 620 622 624 628 629 631 
3 612 618 619 621 623 627 630 632 
0 609 615 621 626 628 630 633 635 637 
1 610 616 622 625 627 629 634 636 638 
0 609 615 620 621 624 626 628 629 631 
2 610 616 619 622 623 625 627 630 632 
3 619 623 626 627 630 632 633 635 637 
1 620 624 625 628 629 631 634 636 638 
2 641 643 619 623 627 630 632 634 639 
1 640 642 644 620 624 628 629 631 633 
2 641 643 625 629 632 634 636 638 639 
3 640 642 644 626 630 631 633 635 637 
1 640 645 647 649 625 629 634 636 638 
0 646 648 650 626 630 633 635 637 639 
1 642 650 651 653 655 625 629 634 636 638 
0 641 649 652 654 656 626 630 633 635 637 
1 640 642 644 645 647 649 631 633 636 
0 641 643 646 648 650 632 634 635 639 
1 640 642 644 650 651 653 655 631 633 638 
0 641 643 649 652 654 656 632 634 637 639 
1 640 642 644 648 656 657 659 631 633 
2 641 643 647 655 658 660 632 634 639 
0 646 648 650 652 658 662 635 639 
1 640 645 647 649 651 657 661 636 
0 644 646 648 650 656 657 659 635 639 
2 640 643 645 647 649 655 658 660 636 
3 642 646 648 650 651 653 655 635 638 639 
2 640 641 645 647 649 652 654 656 636 637 
0 641 646 649 652 654 656 658 662 637 
1 642 645 650 651 653 655 657 661 638 
0 641 649 652 654 656 660 661 637 
1 642 650 651 653 655 659 662 638 
0 641 644 648 649 652 654 656 657 659 637 
3 642 643 647 650 651 653 655 658 660 638 
2 643 646 647 652 655 658 660 662 
1 644 645 648 651 656 657 659 661 
3 643 647 654 655 658 660 661 
1 644 648 653 656 657 659 662 
2 646 652 653 658 659 662 
3 645 651 654 657 660 661 
