1216 15688
0 2 
1 1 3 5 8 10 12 
0 2 4 6 10 16 17 19 21 
1 3 5 9 109 15 18 20 22 
3 2 4 6 8 13 15 
1 3 5 7 110 14 16 
0 6 8 10 108 12 13 15 
2 2 5 7 9 11 14 16 
0 4 8 10 108 12 16 17 19 21 
3 2 3 7 9 11 15 18 20 22 
0 8 10 108 12 14 18 23 25 27 
2 2 7 9 11 13 17 24 26 28 
1 5 7 12 14 16 18 23 25 27 
3 6 8 11 13 15 17 24 26 28 
2 4 5 7 10 14 16 17 19 21 
3 3 6 8 9 13 15 18 20 22 
1 3 9 12 14 15 18 20 22 23 25 27 
2 4 10 11 13 16 17 19 21 24 26 28 
1 33 3 9 15 18 20 22 24 29 31 
0 32 34 4 10 16 17 19 21 23 30 
1 35 3 37 39 9 15 18 20 22 26 30 
0 36 4 38 40 10 16 17 19 21 25 29 
2 33 11 13 17 20 24 26 28 29 31 
0 32 34 12 14 18 19 23 25 27 30 
3 35 37 39 11 13 17 22 24 26 28 30 
0 36 38 40 12 14 18 21 23 25 27 29 
2 36 41 11 43 13 17 24 26 28 
0 35 42 12 44 14 18 23 25 27 
3 32 34 35 37 39 19 22 23 26 30 
2 33 36 38 40 20 21 24 25 29 31 
0 32 34 38 42 45 47 49 19 51 23 30 
1 33 37 41 46 48 50 20 52 24 29 31 
0 32 34 40 19 52 53 23 55 57 30 
1 33 39 51 20 54 24 56 58 29 31 
2 36 38 40 41 43 21 25 28 29 
1 35 37 39 42 44 22 26 27 30 
0 32 36 38 40 42 45 47 49 51 21 25 29 
1 35 37 39 41 46 48 50 52 22 26 30 31 
0 34 36 38 40 52 21 53 55 25 57 29 
1 33 35 37 39 51 22 54 56 26 58 30 
0 32 35 38 42 44 45 47 49 51 27 
2 36 37 41 43 46 48 50 52 28 31 
0 35 42 44 46 27 59 61 63 
2 64 36 41 43 45 28 60 62 
1 63 37 41 44 46 48 50 52 59 61 31 
3 32 64 38 42 43 45 47 49 51 60 62 
1 65 67 37 69 71 41 73 75 46 48 50 52 54 60 31 
0 32 66 68 38 70 72 42 74 76 45 47 49 51 53 59 
1 37 41 76 77 46 79 48 81 50 52 56 31 
0 32 38 42 75 45 78 47 80 49 82 51 55 
2 34 37 40 41 46 48 50 52 53 55 57 31 
3 32 33 38 39 42 45 47 49 51 54 56 58 
1 33 65 67 69 39 71 73 75 48 51 54 56 58 60 
0 34 66 68 70 40 72 74 76 47 52 53 55 57 59 
1 33 39 76 77 79 81 50 51 54 56 58 
0 34 40 75 78 80 49 82 52 53 55 57 
1 33 39 82 51 83 85 54 56 58 
0 34 40 81 52 53 84 55 86 57 
2 64 65 67 69 71 73 43 75 45 48 54 60 62 
0 66 68 70 72 74 44 76 46 47 53 59 61 63 
2 64 161 163 68 165 167 43 45 60 158 62 
0 162 67 164 166 168 44 46 59 61 157 63 
2 64 66 43 45 60 157 62 159 
1 160 65 44 46 59 61 158 63 
0 64 66 68 70 72 74 76 47 53 59 157 159 
1 160 65 67 69 71 73 75 48 54 60 158 63 
3 161 66 163 68 165 70 167 72 74 76 47 53 59 158 62 
1 65 162 67 164 69 166 71 168 73 75 48 54 60 61 157 
0 66 98 68 70 168 169 72 171 74 173 76 47 175 177 53 59 
2 65 97 67 69 167 71 73 170 75 172 174 48 176 178 54 60 
3 66 68 70 72 74 76 47 178 179 53 181 183 90 59 
1 65 67 69 71 73 75 48 177 180 54 182 184 89 60 
0 97 66 68 70 72 74 76 78 47 84 53 87 89 59 91 93 95 
1 96 65 98 67 69 71 73 75 77 48 83 54 88 90 60 92 94 
3 66 68 70 72 74 76 77 47 79 81 50 53 56 59 
2 65 67 69 71 73 75 78 48 49 80 82 54 55 60 
0 97 74 75 78 80 49 82 84 55 87 89 91 93 95 
1 96 98 73 76 77 79 81 50 83 56 88 90 92 94 
0 99 101 103 75 78 80 49 82 86 55 88 
1 100 102 104 76 77 79 81 50 85 87 56 
2 75 78 80 49 82 83 85 55 58 
3 76 77 79 81 50 84 86 56 57 
0 97 74 78 81 84 86 87 57 89 91 93 95 
1 96 98 73 77 82 83 85 88 58 90 92 94 
0 99 101 103 80 81 84 86 88 57 
1 100 102 104 79 82 83 85 87 58 
2 96 98 99 101 103 73 77 80 83 86 88 90 92 94 
3 97 100 102 104 74 78 79 84 85 87 89 91 93 95 
2 96 98 72 73 77 178 83 179 181 183 88 90 92 94 
0 97 71 74 78 177 84 180 182 87 184 89 91 93 95 
1 96 98 132 104 73 108 77 83 88 184 90 185 187 189 92 94 
0 97 131 103 74 107 78 84 87 183 89 186 91 188 93 190 95 
1 96 98 102 73 105 107 77 109 111 83 88 90 92 94 
0 97 101 74 106 108 78 110 112 84 87 89 91 93 95 
1 96 98 100 73 106 77 113 83 115 117 119 88 90 92 94 
0 97 99 105 74 78 114 84 116 118 87 120 89 91 93 95 
1 96 98 70 168 73 169 171 77 173 175 177 83 88 90 92 94 
3 97 69 167 74 170 172 78 174 176 178 84 87 89 91 93 95 
1 96 100 102 104 106 79 113 115 85 117 87 119 
0 99 101 103 105 80 114 116 118 86 120 88 95 
1 100 102 104 105 107 109 111 79 85 87 94 
0 99 101 103 106 108 110 112 80 86 88 93 
1 100 132 102 104 108 79 85 87 184 185 187 92 189 
0 131 99 101 103 107 80 86 183 88 186 91 188 190 
2 96 100 101 106 108 110 112 113 115 117 119 93 
3 99 102 105 107 109 111 114 116 118 120 94 95 
2 132 101 104 106 108 110 112 184 185 187 92 189 93 
3 131 102 103 7 105 9 107 11 109 111 183 186 91 188 190 94 
0 193 195 4 101 134 106 108 110 112 114 93 190 191 
3 192 194 196 133 102 6 105 107 109 111 113 189 94 
0 129 131 101 133 106 108 110 112 116 121 123 125 93 127 
1 128 130 132 102 134 105 107 109 111 115 122 124 126 94 
0 95 193 195 99 134 105 110 114 116 118 120 190 191 
1 192 96 194 100 133 196 106 109 113 115 117 119 189 
0 95 129 131 99 133 105 112 114 116 118 120 121 123 125 127 
1 128 96 130 100 132 134 106 111 113 115 117 119 122 124 126 
0 128 99 136 105 143 145 114 147 116 149 118 151 120 153 155 95 
1 96 100 135 106 144 113 146 115 148 117 150 119 152 154 156 127 
3 130 99 135 105 137 139 141 114 116 118 120 95 
1 96 129 100 136 106 138 140 142 113 115 117 119 
1 128 130 132 196 134 197 199 201 203 140 111 115 122 124 156 126 
0 129 131 195 133 198 200 202 139 204 112 116 121 123 155 125 127 
1 128 130 132 134 198 138 205 111 207 209 115 211 122 154 124 126 
3 129 131 133 197 137 206 112 208 210 116 212 121 153 123 125 127 
1 128 130 132 134 200 142 111 206 115 213 215 152 217 122 124 126 
0 129 131 133 199 141 205 112 116 214 151 216 121 218 123 125 127 
2 128 130 132 134 136 111 143 145 115 147 149 118 151 153 122 155 124 126 
3 129 131 133 135 112 144 146 116 117 148 150 152 121 154 123 156 125 127 
2 128 130 132 134 135 137 139 141 111 115 120 122 124 126 
0 129 131 133 136 138 140 142 112 116 119 121 123 125 127 
1 128 130 132 134 104 108 111 115 184 185 122 187 124 189 126 92 
0 91 129 131 133 103 107 112 116 183 121 186 123 188 125 190 127 
2 128 191 130 193 132 195 134 110 111 114 115 122 124 126 190 
3 192 129 194 131 196 133 109 112 113 116 121 123 125 189 127 
0 128 129 136 138 140 142 143 145 147 149 118 119 151 153 155 
3 130 135 137 139 141 144 146 148 117 150 120 152 154 156 127 
1 129 198 136 138 140 205 142 207 209 211 119 154 124 
3 130 197 135 137 139 141 206 208 210 212 120 153 123 
1 129 196 197 199 136 201 138 203 140 142 119 122 156 
2 130 195 198 135 200 137 202 139 204 141 120 121 155 
1 129 136 200 138 140 142 206 213 119 152 215 217 126 
3 130 135 199 137 139 141 205 214 151 120 216 218 125 
1 262 135 263 265 144 146 148 117 150 152 154 156 127 
0 128 261 136 264 266 143 145 147 149 118 151 153 155 
1 255 257 226 259 261 135 232 144 146 148 117 150 152 154 156 254 127 
0 128 225 256 258 260 262 231 136 143 145 147 149 118 151 153 155 253 
1 229 135 231 144 146 148 117 150 152 154 156 220 127 
2 128 230 136 232 143 145 147 149 118 151 153 155 219 
1 223 225 227 135 144 146 148 117 150 214 152 154 219 156 221 127 
0 128 224 226 228 136 143 145 147 149 118 151 213 153 155 220 222 
1 135 200 142 206 144 146 148 117 150 213 152 215 154 217 156 126 127 
0 128 199 136 141 205 143 145 147 149 118 151 214 153 216 155 218 125 
1 198 135 138 205 207 144 209 146 211 148 117 150 152 154 124 156 127 
2 128 197 136 137 206 143 208 145 210 147 212 149 118 151 153 123 155 
1 196 197 135 199 201 203 140 144 146 148 117 150 152 122 154 156 127 
0 128 195 198 136 200 202 139 204 143 145 147 149 118 151 121 153 155 
3 160 161 63 163 65 165 68 167 158 62 
0 64 162 66 164 67 166 168 157 61 159 
3 160 289 162 291 63 293 65 170 158 287 
2 288 161 290 64 292 66 294 169 157 159 
0 160 289 162 291 164 293 166 67 168 170 157 61 287 
2 288 161 290 163 292 165 294 167 68 169 62 158 159 
1 162 67 164 166 294 168 295 297 172 157 61 
2 161 163 68 165 293 167 296 298 171 158 62 
0 162 67 164 166 168 296 299 301 174 303 157 61 
2 161 163 68 165 167 295 300 173 302 304 158 62 
0 162 67 164 98 166 70 168 169 171 173 175 177 157 61 
3 161 97 163 68 165 69 167 170 172 174 176 178 158 62 
3 160 289 162 291 97 293 69 167 170 172 174 176 178 287 
1 288 161 290 98 292 294 70 168 169 171 173 175 177 159 
3 97 164 69 294 167 295 297 170 172 174 176 178 
0 98 163 293 70 168 169 296 171 298 173 175 177 
3 97 69 166 167 296 170 299 172 301 174 303 176 178 
1 98 165 70 295 168 169 171 300 173 302 175 304 177 
2 97 69 167 170 172 300 174 176 305 178 307 180 309 311 313 
1 98 70 168 169 171 299 173 175 177 306 179 308 310 312 314 
3 97 69 167 72 170 172 174 176 178 179 181 183 90 
0 98 70 71 168 169 171 173 175 177 180 182 184 89 
0 71 300 176 177 305 307 180 309 182 311 184 313 89 
3 72 299 175 178 179 306 181 308 183 310 312 314 90 
1 192 71 177 180 308 182 184 89 186 315 317 319 
2 320 72 178 179 307 181 183 185 90 316 318 191 
1 132 71 104 108 177 180 182 184 185 89 187 92 189 
3 131 103 72 107 178 179 181 183 186 90 188 91 190 
3 192 91 131 103 107 308 182 183 186 315 188 317 190 319 
2 320 92 132 104 108 307 181 184 185 187 316 189 318 191 
0 321 194 131 103 202 107 208 183 186 91 188 316 190 
1 193 322 132 104 201 108 207 184 185 187 315 189 92 
0 193 131 195 134 103 107 110 114 183 186 91 188 190 191 
1 192 194 132 133 196 104 108 109 113 184 185 187 92 189 
1 192 194 196 133 109 113 308 182 186 315 189 317 319 
0 318 193 320 195 134 110 114 307 181 185 316 190 191 
3 192 321 194 196 133 202 109 208 113 188 189 316 
2 193 322 195 134 201 110 207 114 187 315 190 191 
1 192 194 196 133 197 199 201 203 140 109 113 122 156 189 
0 193 195 134 198 200 202 139 204 110 114 121 155 190 191 
0 195 198 200 138 139 202 204 205 207 209 211 121 154 155 124 
3 196 197 199 137 201 203 140 206 208 210 212 153 122 123 156 
2 195 198 200 202 139 204 142 206 213 215 152 121 217 155 126 
3 196 197 199 201 203 140 141 205 214 151 216 122 218 156 125 
0 321 194 195 198 200 202 139 204 208 121 155 188 316 
1 193 322 196 197 199 201 203 140 207 122 187 156 315 
2 320 322 195 198 200 328 202 139 204 335 337 210 339 121 155 
3 321 196 197 199 327 201 203 140 336 209 338 340 122 156 319 
2 197 200 137 142 206 208 210 212 213 215 152 153 217 123 126 
0 198 199 138 141 205 207 209 211 214 151 216 154 218 124 125 
3 321 194 197 137 202 206 208 210 212 153 123 188 316 
1 193 322 198 201 138 205 207 209 211 154 187 124 315 
2 320 322 197 328 137 204 206 335 208 337 210 339 212 153 123 
1 321 198 327 138 203 205 207 336 209 338 211 340 154 124 319 
3 197 137 236 206 208 336 210 212 341 343 216 153 345 123 
1 198 138 235 205 207 335 209 211 342 215 344 154 346 124 
3 225 227 199 205 141 150 151 214 216 218 219 125 221 223 
2 224 226 228 200 206 142 149 213 215 152 217 220 126 222 
3 199 236 205 141 336 212 341 214 151 216 343 218 345 125 
1 200 235 206 142 335 211 213 342 215 152 217 344 346 126 
0 199 233 235 205 141 237 239 241 214 151 216 218 125 222 
1 200 234 236 206 142 238 240 242 213 215 152 217 221 126 
0 224 226 228 229 231 148 149 213 220 222 
3 225 227 230 232 147 150 214 219 221 223 
0 224 226 228 233 235 237 239 241 149 213 218 220 222 
1 225 227 234 236 238 240 242 150 214 217 219 221 223 
0 224 226 228 230 234 243 149 213 245 247 249 251 220 253 222 
1 225 227 229 233 244 150 214 246 248 250 219 252 221 254 223 
2 224 255 226 257 228 259 261 232 146 149 213 220 222 254 
3 256 225 258 227 260 262 231 145 150 214 219 221 253 223 
0 224 226 228 260 264 267 149 213 220 222 
1 225 227 259 263 268 150 214 219 221 223 
3 224 230 232 234 147 243 245 247 249 219 251 253 
1 229 231 233 148 244 246 248 250 220 252 254 223 
2 257 226 259 261 230 232 146 147 219 254 255 
0 256 225 258 260 229 262 231 145 148 220 253 
3 224 230 234 236 238 240 242 243 245 247 217 249 251 221 253 
2 254 229 233 235 237 239 241 244 246 248 218 250 252 222 223 
3 234 236 238 240 336 242 212 341 343 216 217 345 221 
2 233 235 237 239 335 241 211 342 215 344 218 346 222 
1 353 355 234 236 238 240 242 244 217 346 347 221 349 351 
2 352 354 356 233 235 237 239 241 243 345 218 348 222 350 
1 357 359 361 234 363 236 238 240 242 217 348 221 
0 358 360 233 362 235 364 237 239 241 218 347 222 
1 358 234 236 365 238 367 240 369 242 371 373 246 375 217 221 350 
0 357 233 235 237 366 239 368 241 370 372 245 374 376 218 349 222 
1 349 351 353 355 229 233 238 244 246 248 250 346 252 347 254 223 
3 224 352 354 356 230 234 237 243 245 247 249 345 251 348 253 350 
1 350 229 358 233 365 367 369 242 371 244 373 246 375 248 250 252 254 223 
0 224 357 230 234 366 368 241 370 243 372 245 374 247 376 249 251 253 349 
1 383 385 387 229 389 233 370 244 246 248 250 378 252 254 223 
0 224 384 386 388 230 390 234 369 243 245 247 249 377 251 253 
1 229 390 391 233 393 395 397 270 399 244 246 278 248 250 252 254 223 
0 224 389 230 392 234 394 396 269 398 400 243 245 277 247 249 251 253 
1 256 229 233 269 271 273 275 244 246 248 250 252 254 223 
0 224 230 234 270 272 274 243 276 245 247 249 251 253 255 
1 255 257 226 259 229 261 232 233 146 244 246 248 250 252 254 223 
0 224 225 256 258 260 230 231 262 234 145 243 245 247 249 251 253 
3 256 225 258 260 262 231 269 271 145 273 275 252 253 
2 257 226 259 261 232 270 272 146 274 276 251 254 255 
0 256 225 258 260 262 231 266 268 145 276 277 279 281 253 
1 257 226 259 261 232 265 267 146 275 278 280 282 254 255 
0 256 225 258 228 260 262 231 264 267 145 253 
1 257 226 227 259 261 263 232 268 146 254 255 
3 256 225 258 260 262 231 263 265 144 145 253 
2 257 226 259 261 232 264 266 143 146 254 255 
0 228 260 261 264 266 267 143 
1 227 259 262 263 265 268 144 
0 258 261 264 266 268 143 276 277 279 281 
1 257 262 263 265 267 144 275 278 280 282 
2 258 227 259 263 266 268 276 277 279 281 
3 257 228 260 264 265 267 275 278 280 282 
2 390 391 393 395 397 270 399 272 274 276 278 250 251 255 
3 256 389 392 394 396 269 398 271 400 273 275 277 249 252 
0 392 270 272 401 274 403 276 280 251 284 255 
1 256 391 269 271 273 402 275 404 279 283 252 
0 270 272 274 276 282 251 283 285 255 
3 256 269 271 273 275 281 252 284 286 
0 258 266 268 270 272 274 276 277 279 281 251 255 
1 256 257 265 267 269 271 273 275 278 280 282 252 
1 257 390 391 265 393 267 395 397 270 399 275 278 280 250 282 
0 258 389 392 266 394 268 269 396 398 400 276 277 279 249 281 
3 257 392 265 267 272 401 275 403 278 280 282 284 
2 258 391 266 268 271 402 276 277 404 279 281 283 
1 257 265 267 274 275 278 280 282 283 285 
2 258 266 268 273 276 277 279 281 284 286 
3 392 272 273 401 403 280 281 284 286 
1 391 271 274 402 404 279 282 283 285 
3 417 419 421 273 402 406 281 284 286 415 
0 416 418 420 422 401 274 405 282 283 285 
2 288 161 290 292 294 423 169 425 159 
0 160 289 162 291 293 424 170 426 287 
2 288 161 290 292 294 424 169 427 429 431 433 159 
0 160 289 162 291 293 423 170 428 430 432 434 287 
2 288 161 290 292 294 169 298 428 302 435 437 310 439 159 
0 160 289 162 291 293 297 170 427 301 436 309 438 440 287 
1 288 161 290 164 292 294 295 169 297 172 159 
0 160 289 162 163 291 293 296 170 171 298 287 
0 163 293 166 296 298 171 299 301 174 303 
1 164 165 294 295 297 172 173 300 302 304 
2 163 292 293 296 298 171 428 302 435 437 310 439 
1 291 164 294 295 297 427 172 301 436 309 438 440 
2 165 295 300 173 302 176 304 305 307 180 309 311 313 
3 166 296 299 301 174 175 303 306 179 308 310 312 314 
2 292 165 295 298 300 173 302 428 304 435 437 310 439 
0 291 166 296 297 299 427 301 174 303 436 309 438 440 
2 165 295 330 300 173 302 304 436 312 441 443 445 447 
0 448 166 296 329 299 301 174 303 435 311 442 444 446 
3 323 325 327 329 299 331 333 175 306 179 308 310 312 314 318 
2 324 326 328 330 300 332 334 176 305 307 180 309 311 313 317 
3 192 299 175 306 179 308 182 310 312 186 314 315 317 319 
0 320 300 176 305 307 180 181 309 311 185 313 316 318 191 
3 292 298 299 428 302 175 306 179 308 435 310 437 312 439 314 
0 291 297 427 300 301 176 305 307 180 309 436 311 438 313 440 
1 330 299 175 304 306 179 308 436 310 312 441 314 443 445 447 
0 448 329 300 303 176 305 307 180 309 435 311 313 442 444 446 
3 453 455 457 299 332 459 461 175 463 306 179 308 310 312 314 442 
0 454 456 458 331 300 460 462 176 305 464 307 180 309 311 313 441 
0 320 321 194 202 208 307 181 185 188 316 318 191 
1 192 193 322 201 207 308 182 186 187 315 317 319 
0 320 323 325 327 329 331 333 306 307 181 185 316 318 191 
1 192 324 326 328 330 332 334 305 308 182 186 315 317 319 
2 320 322 328 204 335 337 210 307 339 181 185 316 318 191 
3 192 321 327 203 336 209 338 308 340 182 186 315 317 319 
2 320 193 322 328 201 204 207 335 337 210 339 187 315 
3 321 194 327 202 203 208 209 336 338 340 188 316 319 
2 354 450 324 326 328 360 330 332 334 305 340 468 469 471 344 473 317 
3 353 449 323 325 327 359 329 331 333 306 339 467 470 343 472 474 318 
2 352 449 451 324 326 328 330 332 334 305 338 342 317 
0 450 323 452 325 327 329 331 333 337 306 341 318 351 
2 320 322 324 326 328 330 204 332 334 335 305 210 337 339 317 
3 321 323 325 327 329 203 331 333 336 209 306 338 340 318 319 
2 324 326 328 330 332 334 304 305 436 312 441 443 317 445 447 
0 448 323 325 327 329 331 333 303 306 435 311 442 444 318 446 
2 324 453 326 455 328 457 330 459 332 461 334 463 305 314 442 317 
0 323 325 454 327 456 329 458 331 460 333 462 464 306 313 441 318 
1 324 452 326 328 330 458 332 334 305 465 467 317 
0 323 451 325 327 329 457 331 333 306 466 468 318 
3 321 327 203 236 336 209 338 212 340 341 343 216 345 319 
2 320 322 328 235 204 335 337 210 211 339 342 215 344 346 
3 352 321 449 451 326 327 203 336 209 338 340 342 319 
0 320 322 450 452 325 328 204 335 337 210 339 341 351 
1 321 354 450 324 327 360 203 336 209 338 340 468 469 471 344 473 319 
0 320 353 322 323 449 359 328 204 335 337 210 339 467 470 343 472 474 
2 352 449 451 326 235 335 338 211 342 215 344 346 
0 450 452 325 236 336 337 212 341 343 216 345 351 
1 354 450 324 360 235 335 211 340 468 342 215 344 469 346 471 473 
3 353 449 323 359 236 336 339 212 341 467 343 216 345 470 472 474 
1 353 355 235 238 335 211 244 342 215 344 346 347 349 351 
3 352 354 356 236 237 336 243 212 341 343 216 345 348 350 
3 352 354 356 357 359 361 363 237 240 243 345 348 350 
0 353 355 358 360 362 364 238 239 244 346 347 349 351 
2 352 354 356 358 237 365 367 369 242 243 371 373 246 375 345 348 350 
0 353 355 357 238 366 368 241 370 244 245 372 374 376 346 347 349 351 
2 352 449 354 451 356 326 237 338 243 342 345 348 350 
1 353 450 355 452 325 238 337 244 341 346 347 349 351 
2 352 354 450 324 356 360 237 243 340 468 469 471 344 345 473 348 350 
0 353 449 323 355 359 238 339 244 467 470 343 472 346 347 474 349 351 
2 352 354 356 362 237 243 470 345 475 348 477 350 
1 353 355 361 238 244 469 346 347 476 349 478 351 
2 358 360 362 364 365 239 367 369 242 371 373 246 375 347 350 
3 357 359 361 363 366 240 241 368 370 372 245 374 376 348 349 
2 354 450 324 358 360 362 364 239 340 468 469 471 344 473 347 
3 353 449 323 357 359 361 363 240 339 467 470 343 472 474 348 
0 356 358 360 362 364 239 470 347 475 477 
1 355 357 359 361 363 240 469 348 476 478 
2 358 360 488 362 364 239 374 503 505 347 476 507 509 
1 357 359 487 361 363 240 373 504 506 475 348 508 510 
0 384 484 357 487 489 394 491 493 366 368 241 370 372 245 374 376 380 349 
1 483 358 488 393 490 492 365 494 367 369 242 371 373 246 375 379 350 383 
3 481 386 483 357 485 396 366 368 241 370 372 245 374 376 349 382 479 
1 480 385 482 484 358 486 395 365 367 369 242 371 373 246 375 381 350 
3 385 387 357 389 366 368 241 370 372 245 374 248 376 378 349 383 
2 384 386 388 358 390 365 367 369 242 371 373 246 247 375 377 350 
0 357 366 368 241 370 372 245 374 376 377 379 349 381 
2 358 365 367 369 242 371 373 246 375 378 380 350 382 
3 357 488 364 366 368 241 370 372 245 374 503 376 505 507 476 349 509 
1 358 487 363 365 367 369 242 371 373 246 375 504 506 475 508 350 510 
0 513 515 357 517 492 366 368 241 370 372 245 374 376 349 511 
1 512 514 516 358 518 491 365 367 369 242 371 373 246 375 350 
1 385 387 389 370 371 248 378 380 382 383 
0 384 386 388 390 369 372 247 377 379 381 
2 384 484 487 489 394 491 493 366 371 378 380 382 
3 483 488 393 490 492 365 494 372 377 379 381 383 
2 481 386 483 485 396 368 371 378 380 382 479 
0 480 385 482 484 486 395 367 372 377 379 381 
2 384 386 388 484 390 487 489 394 491 493 366 369 247 377 380 
3 385 387 483 389 488 393 490 492 365 494 370 248 378 379 383 
2 384 481 386 483 388 485 390 396 368 369 247 377 382 479 
1 480 385 482 387 484 389 486 395 367 370 248 378 381 383 
0 384 416 386 482 388 390 398 495 369 247 408 377 
1 415 385 481 387 389 397 496 370 407 248 378 383 
2 384 386 388 390 391 393 395 397 270 399 369 278 247 377 250 
3 385 387 389 392 394 396 269 398 400 370 277 248 249 378 383 
0 389 392 394 396 269 398 272 400 401 403 277 280 249 284 
1 390 391 393 395 397 270 271 399 402 404 278 279 250 283 
0 384 484 389 487 392 489 394 491 396 269 366 398 400 493 277 249 380 
1 483 390 391 488 393 490 395 492 365 270 397 399 494 278 250 379 383 
3 481 386 483 389 485 392 394 396 269 398 368 400 277 249 382 479 
1 480 385 482 484 390 391 486 393 395 397 270 367 399 278 250 381 
0 416 482 388 389 392 394 396 269 398 495 400 277 408 249 
1 481 387 390 391 393 395 397 270 399 496 278 407 250 415 
0 389 392 394 396 269 398 400 404 277 405 407 249 409 411 413 
1 390 391 393 395 397 270 399 403 278 406 408 250 410 412 414 
1 417 419 421 391 271 402 404 406 279 283 286 415 
0 416 418 420 422 392 272 401 403 405 280 284 285 
2 391 271 400 402 404 405 279 407 409 283 411 413 
3 392 399 272 401 403 406 280 408 410 284 412 414 
1 415 417 419 421 399 402 403 406 408 410 412 286 414 
0 416 418 420 422 400 401 404 405 407 409 411 285 413 
3 416 482 388 398 399 495 403 406 408 410 412 414 
2 481 387 397 400 496 404 405 407 409 411 413 415 
1 420 523 525 399 527 403 406 502 408 410 412 414 
2 419 524 526 400 528 404 405 501 407 409 411 413 
1 422 524 399 529 403 531 533 406 408 410 412 414 
0 421 523 400 530 404 405 532 407 534 409 411 413 
1 480 418 399 496 497 403 499 501 406 408 410 412 414 
0 417 495 400 498 404 405 500 407 502 409 411 413 479 
0 416 418 482 388 420 422 398 495 401 405 408 285 
1 417 481 387 419 421 397 496 402 406 407 286 415 
2 416 480 418 420 422 496 401 497 499 405 501 285 414 
3 479 417 419 421 495 402 498 500 406 502 413 286 415 
0 416 418 420 422 523 525 527 401 405 502 410 285 
3 417 419 421 524 526 528 402 501 406 409 286 415 
2 416 418 420 422 524 401 529 531 405 533 412 285 
3 417 419 421 523 402 530 532 406 534 411 286 415 
1 290 424 426 427 429 431 433 287 
3 288 289 423 425 428 430 432 434 
0 424 426 557 430 559 287 
2 288 423 425 429 558 560 
3 289 292 423 298 428 302 430 432 434 435 437 310 439 
1 290 291 424 297 427 301 429 431 433 436 309 438 440 
0 289 423 426 428 557 430 559 432 434 
1 290 424 425 427 429 558 431 560 433 
0 289 423 428 430 432 560 434 561 563 565 
1 290 424 427 429 431 559 433 562 564 566 
0 289 423 428 430 432 434 562 438 567 569 444 
1 290 424 427 429 431 433 561 437 568 570 443 
1 291 297 330 427 301 304 436 309 438 312 440 441 443 445 447 
3 448 292 329 298 428 302 303 435 437 310 311 439 442 444 446 
0 291 297 427 301 434 562 436 309 438 567 440 569 444 
2 292 298 428 302 433 561 435 437 310 439 568 570 443 
0 577 291 579 297 427 460 301 436 309 438 440 568 571 573 446 575 
2 576 578 292 580 298 459 428 302 435 437 310 439 567 572 445 574 
3 448 453 455 329 457 459 332 461 303 463 435 311 314 442 444 446 
1 454 456 330 331 458 460 462 304 464 436 312 313 441 443 445 447 
3 448 329 303 434 435 562 438 311 567 569 442 444 446 
1 330 304 433 561 436 437 312 441 568 443 570 445 447 
0 448 577 579 329 460 303 435 311 440 568 442 571 444 573 446 575 
2 576 578 580 330 459 304 436 439 312 441 567 443 572 445 574 447 
3 448 581 583 329 585 587 589 462 303 591 435 311 442 444 572 446 
2 582 584 330 586 588 461 590 304 592 436 312 441 443 571 445 447 
1 354 450 324 325 452 360 337 340 341 468 469 344 471 473 351 
3 352 353 449 323 451 326 359 338 339 467 342 343 470 472 474 
1 450 452 325 458 334 337 465 467 341 351 
2 352 449 451 326 457 333 338 466 468 342 
0 610 611 613 454 615 456 458 331 460 462 464 596 313 441 474 506 478 
2 609 612 453 614 455 616 457 459 332 461 463 595 473 314 442 505 477 
0 609 454 456 584 458 331 460 462 464 466 598 472 313 441 607 
3 608 610 453 455 583 457 459 332 461 463 465 597 471 314 442 
1 452 454 456 458 331 460 334 462 464 465 467 313 441 
2 451 453 455 457 459 332 333 461 463 466 468 314 442 
1 577 579 454 456 458 331 460 462 464 440 313 441 568 571 573 446 575 
3 576 578 580 453 455 457 459 332 461 463 439 567 314 442 572 445 574 
1 448 581 454 583 456 585 458 331 460 587 462 589 464 591 313 441 572 
2 453 582 455 584 457 586 459 332 461 588 463 590 592 314 442 571 447 
1 454 582 456 458 331 460 462 464 593 595 597 599 313 441 601 603 605 
3 453 581 455 457 459 332 461 463 594 596 598 600 314 442 602 604 606 
2 609 451 456 457 584 333 466 468 598 472 607 
3 608 610 452 455 583 458 334 465 467 597 471 
2 354 450 324 451 360 457 333 466 340 468 469 471 344 473 
3 353 449 323 452 359 458 334 465 339 467 470 343 472 474 
0 353 449 323 356 359 362 339 467 470 343 472 474 475 477 
1 354 355 324 450 360 361 340 468 469 471 344 473 476 478 
0 353 449 323 609 359 456 584 466 339 467 470 343 472 598 474 607 
1 608 354 450 324 610 455 360 583 465 340 468 469 471 344 473 597 
0 353 449 323 610 611 454 359 613 615 339 467 596 470 343 472 474 506 478 
1 609 354 450 324 453 612 614 360 616 595 340 468 469 471 344 473 505 477 
3 355 488 361 364 469 374 503 505 507 476 509 478 
0 356 487 362 363 373 470 504 506 475 508 477 510 
3 610 355 611 613 454 615 361 596 469 474 506 476 478 
2 609 356 453 612 614 616 362 595 470 473 505 475 477 
1 480 385 418 482 484 486 395 367 496 497 499 501 381 414 
3 417 386 481 483 485 396 495 368 498 500 502 413 382 479 
0 416 385 480 482 388 484 486 395 398 367 495 408 381 
2 479 481 386 387 483 485 396 397 368 496 407 382 415 
0 384 385 480 482 484 486 487 489 394 395 491 493 366 367 380 381 
3 479 481 386 483 485 488 393 490 396 365 492 494 368 379 382 383 
1 480 385 482 514 484 486 519 521 395 494 367 498 381 
2 481 386 483 513 485 520 522 396 493 368 497 382 479 
3 483 488 393 490 364 365 492 494 374 503 505 379 476 507 509 383 
0 384 484 487 489 394 363 491 493 366 373 504 506 475 380 508 510 
3 639 641 483 516 488 393 490 492 365 494 620 504 633 379 635 637 383 
2 384 640 642 515 484 487 489 394 491 619 493 366 503 634 380 636 638 
3 511 513 483 515 517 488 393 490 492 365 494 376 379 383 
2 384 512 514 484 516 518 487 489 394 491 493 366 375 380 
3 514 483 486 519 488 393 490 521 492 365 494 498 379 383 
2 384 513 484 485 487 520 489 394 491 522 493 366 497 380 
1 480 481 418 387 397 496 497 499 501 407 414 415 
0 416 417 482 388 398 495 498 500 502 408 413 479 
3 417 514 486 519 521 494 495 498 500 502 413 479 
2 480 513 418 485 520 522 493 496 497 499 501 414 
0 512 417 520 618 526 495 625 498 627 500 629 502 413 479 
1 480 418 519 617 525 496 497 626 499 628 501 630 414 511 
0 417 420 523 525 495 527 498 500 502 410 413 479 
2 480 418 419 524 526 496 497 528 499 501 409 414 
1 639 641 516 487 490 363 620 373 504 633 506 475 508 635 510 637 
2 640 642 515 488 489 619 364 374 503 505 634 507 476 509 636 638 
0 610 611 613 454 487 615 363 596 373 504 474 475 506 508 478 510 
2 609 612 453 614 488 616 364 595 374 503 473 505 507 476 477 509 
1 643 612 645 487 647 649 363 651 373 504 506 475 508 510 
3 611 644 646 488 648 650 364 652 374 503 505 507 476 509 
1 646 487 363 653 655 657 373 504 506 475 508 634 510 
3 645 488 364 654 656 658 374 503 505 633 507 476 509 
2 512 514 516 518 520 618 491 526 625 627 500 629 375 
3 513 515 517 519 617 492 525 626 499 628 630 376 511 
1 512 514 516 486 518 519 521 491 494 498 375 
0 513 515 485 517 520 522 492 493 497 376 511 
1 512 641 514 516 518 490 491 620 375 504 633 635 637 639 
0 640 513 642 515 517 489 619 492 503 376 634 636 638 511 
1 512 514 516 518 617 522 491 619 621 623 375 
0 513 515 517 521 618 492 620 622 624 376 511 
0 512 513 485 520 522 618 493 526 497 625 627 500 629 
1 514 486 519 521 617 525 494 498 499 626 628 630 511 
2 513 485 518 520 617 522 619 493 621 623 497 
3 514 517 486 519 521 618 620 494 622 624 498 
2 419 422 524 526 528 529 531 501 533 409 412 
0 420 421 523 525 527 530 532 502 534 410 411 
2 512 419 520 618 524 526 528 625 627 500 501 629 409 
1 420 519 617 523 525 527 626 499 628 502 630 410 511 
3 419 524 526 528 530 626 501 631 536 409 
1 420 523 525 527 529 625 502 535 632 410 
3 421 523 528 530 626 532 534 631 536 411 
1 422 524 527 529 625 531 533 535 632 412 
0 421 523 530 532 534 535 537 411 539 541 543 
1 544 422 524 529 531 533 536 538 412 540 542 
0 544 545 421 523 530 532 534 411 
1 546 422 524 529 531 533 412 543 
2 544 528 530 531 626 631 536 538 540 542 
0 527 529 625 532 535 632 537 539 541 543 
1 544 531 659 661 630 663 536 632 538 665 540 542 
0 532 629 660 535 631 537 662 539 664 541 666 543 
1 544 673 550 531 660 536 538 667 540 669 542 671 
0 672 674 549 659 532 535 537 539 668 541 670 543 
1 544 546 547 549 551 531 536 538 540 542 
0 545 548 550 552 532 535 537 539 541 543 
2 544 545 531 534 536 538 540 542 
3 546 532 533 535 537 539 541 543 
1 546 547 549 551 533 542 543 
0 544 545 548 550 552 534 541 
0 545 548 550 552 553 555 541 
1 546 547 549 551 554 556 542 
3 545 673 548 550 552 660 667 540 541 669 671 
2 672 546 547 674 549 551 659 539 668 542 670 
0 545 675 548 677 550 679 552 554 668 541 
1 546 547 676 549 678 551 680 553 667 542 
3 547 675 677 679 552 554 556 668 
2 548 676 678 551 680 553 555 667 
1 547 680 681 554 683 556 
0 548 679 553 682 555 684 
1 425 429 558 560 688 723 564 725 702 
0 426 557 430 687 559 563 724 726 701 
2 425 429 558 432 560 561 563 565 
3 426 557 430 559 431 562 564 566 
3 559 431 434 562 564 438 566 567 569 444 
2 432 433 560 561 563 437 565 568 570 443 
1 558 559 431 688 562 723 564 725 566 702 
0 557 687 432 560 561 563 724 565 726 701 
1 685 559 431 687 562 689 564 691 566 570 574 
0 686 432 560 561 563 688 565 690 692 569 573 
1 577 579 460 433 561 437 440 568 570 443 571 573 446 575 
3 576 578 580 459 434 562 438 439 567 569 444 445 572 574 
1 685 687 433 561 689 691 437 566 568 570 443 574 
0 686 688 434 562 690 565 438 567 692 569 444 573 
3 448 576 578 580 581 583 585 459 587 589 462 591 567 439 572 445 574 
0 575 577 579 582 584 586 460 461 588 590 592 440 568 571 573 446 447 
2 576 578 580 459 685 687 689 691 566 567 439 570 572 445 574 
0 577 579 460 686 688 690 692 565 440 568 569 571 573 446 575 
2 576 578 580 709 711 459 692 567 439 572 445 574 700 
0 577 579 710 712 460 691 440 568 571 699 573 446 575 
2 576 578 580 710 713 459 715 717 719 721 567 439 696 572 445 574 
0 577 579 709 714 460 716 718 720 722 695 440 568 571 573 446 575 
3 576 578 580 586 459 686 693 567 439 695 697 572 445 574 
1 577 579 585 460 685 694 440 568 696 571 698 573 446 575 
2 582 584 586 588 461 590 464 592 593 595 597 599 601 571 603 605 447 
3 448 581 583 585 587 589 462 463 591 594 596 598 600 602 572 604 606 
2 607 609 582 456 584 586 588 461 590 592 466 598 472 571 447 
3 448 608 610 581 455 583 585 587 589 462 591 465 597 471 572 
0 580 582 584 586 588 461 590 686 592 693 695 697 571 447 
1 448 579 581 583 585 587 589 462 591 685 694 696 698 572 
2 582 584 586 588 461 590 716 592 694 727 600 729 571 731 733 447 
1 448 581 583 585 587 715 589 462 591 693 599 728 730 572 732 734 
2 741 582 743 584 745 586 714 588 461 590 747 592 749 602 571 698 732 447 
1 448 581 742 583 744 585 713 587 746 589 462 591 748 750 601 697 731 572 
0 582 584 744 586 588 461 590 751 592 753 728 571 604 447 
1 448 581 583 743 585 587 589 462 591 752 754 727 603 572 
3 608 737 739 581 616 648 463 594 596 598 600 602 604 606 735 
2 736 738 740 582 615 647 464 593 595 597 599 601 603 605 607 
0 610 611 581 454 613 615 463 594 596 598 600 474 506 602 604 478 606 
1 609 612 453 582 614 616 464 593 595 597 599 473 505 601 603 477 605 
0 609 581 456 584 463 466 594 596 598 472 600 602 604 606 607 
1 608 610 582 583 455 464 465 593 595 597 471 599 601 603 605 
0 581 588 716 463 594 596 598 694 600 727 602 729 604 731 606 733 
1 582 587 715 464 593 595 597 693 599 728 601 730 603 732 605 734 
3 581 741 743 745 714 747 749 590 463 594 596 598 600 602 698 604 732 606 
1 582 742 744 713 746 748 589 750 464 593 595 597 599 601 697 603 731 605 
3 581 744 463 592 751 594 753 596 598 600 728 602 604 606 
1 582 743 591 464 593 752 595 754 597 599 727 601 603 605 
0 736 581 614 463 752 594 755 596 757 598 759 600 761 602 604 606 
1 613 582 751 464 593 595 756 597 758 599 760 601 762 603 605 735 
1 608 737 610 739 583 455 616 648 465 594 597 471 735 
0 736 609 738 740 615 456 584 647 593 466 598 472 607 
3 608 610 611 613 454 455 583 615 465 596 597 471 474 506 478 
2 609 612 453 614 456 584 616 466 595 598 472 473 505 477 607 
1 609 643 612 453 614 645 616 647 649 651 595 473 505 508 477 
3 610 611 644 613 454 615 646 648 650 652 596 474 506 507 478 
2 736 609 612 453 614 616 752 595 755 757 759 473 505 761 477 606 
3 610 611 613 454 615 751 596 756 758 760 474 506 762 605 478 735 
1 608 609 737 739 612 453 614 616 648 594 595 473 505 477 735 
0 736 610 611 738 613 454 615 647 740 593 596 474 506 478 607 
0 512 517 520 521 618 620 526 622 624 625 627 500 629 
1 518 519 617 522 619 525 621 623 626 499 628 630 511 
3 641 516 517 521 490 618 620 622 624 504 633 635 637 639 
2 640 642 515 518 489 522 617 619 621 623 503 634 636 638 
0 642 517 521 618 620 622 624 763 765 767 
1 768 641 518 617 522 619 621 623 764 766 
3 769 771 517 773 775 521 618 620 622 624 628 662 764 
2 770 772 518 774 776 617 522 619 621 623 627 661 763 
3 519 617 525 528 530 499 626 628 630 631 536 511 
0 512 520 618 526 527 529 625 627 500 629 535 632 
3 769 771 773 519 775 617 525 624 626 499 628 630 662 764 511 
2 512 770 772 774 520 776 618 526 623 625 627 500 629 661 763 
1 519 617 525 626 499 628 659 630 661 632 663 538 665 511 
0 512 520 618 526 625 627 500 629 660 631 662 537 664 666 
1 527 529 625 659 661 630 535 632 663 538 665 
3 528 530 626 660 629 662 631 536 537 664 666 
2 640 642 515 646 489 619 653 655 657 503 634 636 510 638 
3 641 516 645 490 620 654 656 658 504 633 635 509 637 639 
0 640 642 515 644 489 777 619 779 781 783 658 503 634 636 638 
1 641 643 516 490 778 620 780 782 784 657 504 633 635 637 639 
2 640 642 515 489 619 780 654 785 787 789 503 634 636 638 766 
1 641 516 490 779 620 653 786 788 790 504 633 635 637 765 639 
0 640 768 642 515 770 801 489 778 619 656 786 503 791 793 634 795 636 797 638 799 
1 767 641 769 798 516 800 802 777 490 620 655 785 504 633 792 635 794 637 796 639 
0 640 642 515 489 619 622 503 634 763 636 765 638 767 
1 768 641 516 490 620 621 504 633 635 764 637 766 639 
2 611 644 646 648 777 650 779 652 781 783 658 507 636 
1 643 612 645 647 649 778 651 780 782 784 657 635 508 
2 611 644 646 648 650 652 653 655 657 634 507 510 
0 643 612 645 647 649 651 654 656 658 633 508 509 
3 608 737 611 644 739 646 616 648 650 652 594 507 735 
0 736 738 643 612 645 740 615 647 649 651 593 508 607 
3 738 611 644 803 646 805 648 807 650 809 652 756 507 
1 737 643 612 645 804 647 806 649 808 651 810 755 508 
2 611 644 740 646 806 648 650 811 652 782 507 
1 643 612 645 739 647 805 649 651 812 781 508 
3 645 780 654 656 785 658 787 789 633 509 638 766 
1 646 779 653 655 657 786 788 790 634 637 510 765 
0 640 768 770 801 645 778 654 656 658 786 791 633 793 795 509 797 799 
1 767 769 798 800 802 646 777 653 655 657 785 792 634 794 796 510 639 
0 644 645 777 779 781 654 783 656 658 633 636 509 
1 643 646 778 780 653 782 655 784 657 634 635 510 
3 673 550 660 629 662 631 664 537 666 667 540 669 671 
2 672 674 549 659 661 630 663 632 665 538 539 668 670 
3 769 771 773 775 624 628 629 660 631 662 537 664 666 764 
2 770 772 774 776 623 627 659 661 630 663 632 665 538 763 
0 772 813 815 817 819 660 629 662 631 664 537 666 794 
2 771 814 816 818 659 820 661 630 663 632 665 538 793 
0 776 816 660 629 662 631 664 537 666 821 823 670 
1 775 815 659 661 630 663 632 665 538 822 824 669 
0 672 674 675 549 677 679 552 554 659 539 668 670 
1 673 676 550 551 678 553 680 660 667 540 669 671 
0 672 674 549 776 816 659 821 823 666 539 668 670 
1 673 550 775 815 660 822 824 665 667 540 669 671 
0 672 674 549 774 814 659 824 825 539 668 827 670 829 
1 830 673 773 550 813 660 823 826 667 540 669 828 671 
0 672 831 674 833 676 549 835 659 539 668 670 830 
1 832 673 834 675 836 550 660 667 540 669 829 671 
2 833 674 835 676 678 551 680 553 667 830 831 
3 832 673 834 675 836 677 679 552 554 668 829 
1 832 676 837 678 551 680 553 682 839 841 843 667 
0 675 677 838 679 552 681 554 840 842 844 668 831 
1 676 678 551 680 553 681 683 556 667 
0 675 677 679 552 554 555 682 684 668 
2 832 837 678 679 839 841 682 555 684 843 
3 677 838 680 681 840 683 556 842 844 831 
0 679 682 555 684 844 845 847 
1 680 681 683 556 843 846 848 
0 580 586 686 688 690 692 565 693 695 569 697 573 
1 579 585 685 687 689 691 566 694 696 570 698 574 
3 686 558 688 690 723 564 565 692 725 569 573 702 
2 685 557 687 689 563 691 724 566 726 570 701 574 
0 705 707 686 688 690 692 565 569 699 573 701 703 
1 704 706 708 685 687 689 691 566 570 700 574 702 
3 576 709 711 686 688 690 692 565 569 700 573 
1 710 712 685 687 689 691 566 570 699 574 575 
2 579 585 588 685 716 694 727 600 696 698 729 731 733 
3 580 586 587 715 686 693 599 695 697 728 730 732 734 
1 578 579 710 585 713 715 685 717 719 721 694 696 698 
0 577 580 709 586 714 716 686 718 720 722 693 695 697 
2 579 741 743 585 714 745 747 685 590 749 694 696 602 698 732 
0 580 742 744 713 586 746 748 589 686 750 693 695 601 697 731 
2 576 704 706 708 709 711 689 692 700 702 
0 575 705 707 710 712 690 691 699 701 703 
1 704 706 708 558 688 689 723 564 725 700 702 
0 705 707 557 687 690 563 724 726 699 701 703 
2 704 706 708 689 849 851 853 726 855 700 702 
0 705 707 690 850 852 725 854 856 699 701 703 
1 704 865 706 708 689 850 857 859 700 861 702 863 
0 864 705 866 707 849 690 858 699 860 701 862 703 
1 704 706 867 708 869 712 718 689 852 700 860 702 
0 705 707 868 870 711 717 690 851 699 859 701 703 
1 578 710 712 713 715 717 719 721 691 696 699 575 
3 576 577 709 711 714 716 718 720 722 692 695 700 
1 867 708 869 710 712 718 691 852 699 860 575 
2 576 707 868 709 870 711 717 851 692 859 700 
3 577 709 741 743 745 714 747 716 749 590 718 720 722 695 602 698 732 
1 578 710 742 744 713 746 715 748 589 717 719 750 721 696 601 697 731 
0 577 709 714 588 716 718 720 722 694 695 600 727 729 731 733 
1 578 710 713 587 715 717 719 721 693 599 696 728 730 732 734 
3 577 867 708 709 869 712 714 716 718 720 722 852 695 860 
2 578 707 868 710 711 870 713 715 717 719 721 851 696 859 
0 577 709 870 871 873 714 746 716 875 718 877 720 722 695 858 
1 578 869 710 872 713 745 715 874 717 876 719 878 721 696 857 
3 577 709 872 714 716 748 718 879 720 881 722 883 885 695 887 730 
1 578 710 871 713 715 747 717 719 880 721 882 884 886 696 729 888 
0 557 687 563 724 726 854 889 891 701 862 893 
1 558 688 723 564 725 853 890 892 861 702 894 
2 704 557 687 849 563 724 851 726 853 855 701 
1 558 688 850 723 564 725 852 854 856 702 703 
3 744 587 715 751 592 753 693 599 728 730 604 732 734 
2 743 588 716 591 752 754 694 727 600 729 603 731 733 
3 872 587 715 748 879 881 722 883 693 885 599 728 887 730 732 734 
2 871 747 588 716 880 721 882 884 694 727 600 729 886 731 888 733 
3 741 743 745 714 587 715 747 590 749 693 599 728 602 698 730 732 734 
0 742 744 713 746 588 589 716 748 750 694 727 600 601 697 729 731 733 
1 897 742 587 715 754 693 758 599 728 730 732 734 895 
2 896 898 741 588 716 753 757 694 727 600 729 731 733 
0 736 738 740 614 615 647 752 593 755 757 759 761 606 607 
1 608 737 739 613 616 648 751 594 756 758 760 762 605 735 
0 736 738 803 740 805 615 647 807 650 809 593 756 607 
1 608 737 739 804 806 616 648 649 808 810 594 755 735 
2 736 738 740 806 615 647 811 652 782 593 607 
1 608 737 739 805 616 648 651 812 781 594 735 
1 897 742 744 713 746 748 589 750 754 758 601 697 731 734 895 
2 896 898 741 743 745 714 747 749 590 753 757 602 698 732 733 
0 742 744 713 746 748 589 750 751 592 753 728 601 697 731 604 
2 741 743 745 714 747 749 590 591 752 754 727 602 603 698 732 
0 742 870 744 713 746 871 748 589 750 873 720 875 877 601 697 731 858 
3 741 869 743 872 745 714 747 874 749 590 719 876 878 857 602 698 732 
0 742 744 713 746 872 748 589 750 879 881 722 883 885 887 601 697 730 731 
2 741 743 871 745 714 747 749 590 880 721 882 884 886 888 729 602 698 732 
1 898 899 901 742 903 744 713 746 905 748 589 750 880 601 697 731 
3 897 900 741 902 743 904 745 714 747 906 749 590 879 602 698 732 
2 736 614 743 591 752 754 755 757 727 759 761 603 606 
3 613 744 751 592 753 756 758 728 760 762 604 605 735 
1 897 742 743 591 752 754 758 727 603 734 895 
0 896 898 741 744 751 592 753 757 728 604 733 
3 738 803 613 805 807 809 650 751 756 758 760 762 605 735 
2 736 737 804 614 806 808 649 810 752 755 757 759 761 606 
1 895 897 613 742 751 754 756 758 760 762 605 734 735 
2 736 896 898 741 614 752 753 755 757 759 761 733 606 
1 896 613 902 907 909 751 756 758 760 762 605 735 
0 736 901 614 908 910 752 755 757 759 761 606 895 
1 613 808 908 751 911 913 915 756 758 760 762 605 735 
0 736 614 807 907 752 912 914 755 916 757 759 761 606 
3 768 641 769 771 773 775 621 624 628 662 764 766 
2 642 770 772 774 776 622 623 627 661 763 765 767 
3 768 641 780 621 654 785 787 789 764 766 638 
0 642 779 653 622 786 788 790 763 765 637 767 
3 640 641 768 770 801 778 621 656 786 791 793 795 764 797 766 799 
2 767 769 642 800 802 777 622 655 785 792 794 763 796 765 798 639 
0 640 768 770 801 772 774 776 778 623 656 786 627 661 791 793 763 795 797 799 
1 767 769 800 771 802 773 775 777 655 624 785 628 662 792 794 764 796 798 639 
0 770 772 774 776 813 623 815 817 627 819 661 664 794 763 
3 769 771 773 775 814 624 816 818 628 820 662 663 793 764 
0 672 770 772 774 776 814 623 627 661 824 825 763 827 829 
1 769 771 773 775 813 624 628 662 823 826 764 828 830 671 
0 770 772 774 776 623 816 627 661 821 823 666 763 670 
1 769 771 773 775 815 624 628 662 822 824 665 764 669 
3 640 768 770 643 801 778 780 782 656 657 784 786 791 793 635 795 797 799 
2 639 769 800 802 644 777 779 781 655 783 785 658 792 794 636 796 798 767 
3 643 778 780 654 782 784 657 785 787 789 635 766 638 
0 644 777 779 653 781 783 658 786 788 790 636 765 637 
3 643 740 806 778 811 652 780 782 784 657 635 
0 739 644 805 777 651 779 781 812 783 658 636 
1 643 804 778 780 812 782 784 657 788 917 919 921 635 796 923 
0 803 644 777 779 811 781 783 658 787 918 920 922 795 636 924 
0 640 768 770 799 801 778 779 653 656 786 788 790 791 793 795 637 765 797 
2 638 639 769 798 800 802 777 780 654 655 785 787 789 792 794 796 766 767 
1 804 779 812 653 784 786 788 917 790 919 921 923 796 637 765 
2 803 811 780 654 783 785 787 789 918 920 922 795 924 766 638 
1 925 927 929 779 653 786 788 790 920 637 765 798 
3 926 928 930 780 654 785 787 789 919 797 766 638 
1 639 769 800 802 834 777 942 655 785 818 945 947 949 822 792 794 826 796 798 767 
0 640 768 770 801 833 778 941 656 817 786 946 948 821 950 791 793 825 795 797 799 
1 639 769 800 802 772 777 813 655 815 785 817 819 664 792 794 796 798 767 
3 640 768 770 771 801 778 814 656 816 786 818 820 663 791 793 795 797 799 
1 639 769 800 802 804 777 812 655 784 785 788 917 919 792 921 794 923 796 798 767 
0 640 768 770 801 803 778 811 783 656 786 787 918 791 920 793 922 795 924 797 799 
1 639 769 800 802 927 929 777 655 785 790 792 920 794 796 925 798 767 
3 640 768 770 801 928 930 778 656 786 789 791 919 793 795 797 926 799 
1 639 769 800 802 926 931 933 935 777 937 939 655 785 918 792 794 796 798 767 
0 640 768 770 801 932 934 936 778 938 940 656 786 917 791 793 795 797 925 799 
1 639 769 800 802 928 934 777 941 655 943 785 792 794 796 798 767 
0 640 768 770 801 927 933 778 942 656 944 786 791 793 795 797 799 
1 737 804 806 808 649 810 812 784 755 788 917 919 921 923 796 
0 738 803 805 807 809 650 811 783 787 756 918 920 922 795 924 
2 737 740 804 806 808 649 810 811 652 782 755 
0 738 739 803 805 807 809 650 651 812 781 756 
1 737 804 806 808 649 810 908 911 913 755 915 762 
0 738 803 805 807 809 650 907 912 914 756 916 761 
1 737 804 806 808 649 810 914 755 951 953 922 955 
0 738 803 805 807 809 650 913 756 952 921 954 956 
1 739 804 805 651 812 781 784 788 917 919 921 923 796 
2 803 740 806 811 652 782 783 787 918 920 922 795 924 
3 672 771 774 814 816 818 820 663 824 793 825 827 829 
1 772 773 813 815 817 819 823 664 794 826 828 830 671 
2 771 776 814 816 818 820 821 663 823 793 666 670 
1 772 775 813 815 817 819 822 664 665 794 824 669 
2 834 771 814 942 816 945 818 947 820 949 822 663 792 793 826 
0 833 772 813 941 815 817 946 819 948 821 950 791 664 825 794 
3 771 836 838 814 816 818 946 820 663 793 828 957 959 
0 960 835 772 837 813 815 817 945 819 664 794 827 958 
1 834 775 942 815 945 818 947 949 822 792 665 824 826 669 
0 833 776 941 816 817 946 948 821 950 791 823 825 666 670 
3 672 774 775 814 815 822 824 665 825 827 669 829 
2 830 773 776 813 816 821 823 666 826 828 670 671 
1 834 773 813 942 945 818 947 949 822 823 792 826 828 830 671 
0 672 833 774 941 814 817 946 948 821 950 791 824 825 827 829 
1 959 836 773 838 813 946 820 823 826 828 957 830 671 
0 672 960 835 837 774 814 945 819 824 825 827 829 958 
2 831 833 674 835 676 773 813 823 826 828 830 671 
3 672 673 832 675 834 836 774 814 824 825 827 829 
1 832 673 834 675 836 837 678 839 841 682 843 829 
0 833 674 835 676 677 838 840 681 842 844 830 831 
1 832 673 834 675 836 942 945 818 947 949 822 792 826 829 
0 833 674 835 676 941 817 946 948 821 950 791 825 830 831 
1 832 673 834 675 836 838 946 820 828 829 957 959 
0 958 833 674 835 676 837 960 945 819 827 830 831 
3 959 836 677 838 840 681 842 844 946 820 828 957 831 
2 832 960 835 837 678 839 841 682 843 945 819 827 958 
0 960 962 963 677 838 965 840 681 842 967 844 846 831 
1 832 961 964 837 678 839 966 841 682 843 968 845 959 
0 961 677 838 840 681 842 844 848 831 
2 832 962 837 678 839 841 682 843 847 
0 677 838 840 681 842 684 844 845 847 831 
1 832 837 678 839 841 682 683 843 846 848 
2 960 962 963 965 967 840 683 843 846 848 
3 961 964 966 839 968 684 844 845 847 959 
1 961 842 683 843 846 848 
3 962 841 684 844 845 847 
1 863 865 706 850 852 725 854 856 857 859 861 703 
3 704 705 864 866 849 851 853 726 855 858 860 862 
1 867 708 869 712 718 850 852 725 854 856 860 703 
2 704 707 868 870 711 717 849 851 853 726 855 859 
0 850 724 725 854 852 856 889 891 893 862 703 
2 704 849 723 851 853 726 855 890 892 861 894 
0 864 969 971 973 975 977 850 852 725 854 856 890 703 
3 704 970 972 974 976 849 978 851 853 726 855 889 863 
0 864 705 866 870 871 873 746 875 877 720 849 858 860 862 
1 865 706 869 872 745 874 876 878 719 850 857 859 861 863 
3 864 705 866 867 708 869 712 718 849 852 858 860 862 
2 865 706 707 868 870 711 717 850 851 857 859 861 863 
0 864 705 866 849 724 854 889 858 891 860 893 862 
1 865 706 850 723 853 857 890 859 892 861 894 863 
0 864 705 866 969 971 973 975 849 977 856 858 890 860 862 
1 865 706 970 972 974 976 850 978 855 857 889 859 861 863 
3 864 705 866 868 874 972 849 979 981 983 985 858 987 860 862 
1 865 706 867 873 971 850 980 982 984 857 986 859 988 861 863 
2 866 707 868 870 711 874 972 717 851 979 981 983 985 859 987 
1 865 867 708 869 712 873 971 718 852 980 982 984 986 860 988 
0 707 868 870 711 871 873 746 875 717 877 720 851 858 859 
1 867 708 869 712 745 872 874 876 718 719 878 852 857 860 
3 869 872 745 874 748 876 878 719 879 881 722 883 885 887 857 730 
2 870 871 873 746 747 875 877 720 721 880 882 884 886 888 729 858 
3 866 868 869 872 745 874 876 972 878 719 979 981 983 857 985 987 
0 865 867 870 871 873 746 875 971 877 720 980 982 984 858 986 988 
1 993 995 869 872 745 874 970 876 878 719 882 980 857 989 991 
0 992 994 996 870 871 873 746 875 969 877 720 881 979 858 990 
1 869 872 745 874 876 878 719 1009 1011 884 1013 1015 857 1017 1019 990 
0 870 871 873 746 875 877 720 1010 883 1012 1014 1016 858 1018 1020 989 
1 898 899 901 871 903 905 747 750 880 721 882 884 886 888 729 
3 897 900 902 872 904 906 748 749 879 881 722 883 885 887 730 
1 993 995 871 970 747 876 880 721 882 884 980 886 888 729 989 991 
0 992 994 996 872 969 875 748 879 881 722 883 979 885 887 730 990 
1 871 747 878 880 721 882 1009 1011 1013 884 1015 886 729 1017 1019 888 990 
0 872 748 877 879 881 722 883 1010 1012 1014 885 1016 887 730 1018 1020 989 
1 1026 1027 1029 871 1031 747 880 721 882 1010 884 886 888 729 
3 1025 1028 1030 872 1032 748 879 881 722 883 1009 885 887 730 
1 1025 871 904 747 880 721 882 884 1012 886 888 729 1021 1023 
0 1024 1026 903 872 748 879 881 722 883 1011 885 887 730 1022 
2 864 969 971 973 975 977 723 853 856 890 892 861 894 
3 970 972 974 976 978 724 854 855 889 891 893 862 863 
1 997 999 1001 974 723 853 982 890 892 861 894 
0 998 1000 1002 973 724 981 854 889 891 893 862 
1 992 998 1003 1005 1007 976 723 853 984 890 892 861 894 
0 997 1004 1006 975 1008 724 854 983 889 891 893 862 991 
2 896 898 741 902 907 909 753 757 760 733 
3 897 901 742 908 910 754 758 759 734 895 
0 896 898 899 741 901 903 905 750 880 753 757 733 
3 897 900 742 902 904 906 749 879 754 758 734 895 
2 897 900 902 904 906 1036 749 910 879 1041 1043 916 
0 898 899 901 903 905 1035 909 750 880 1042 915 1044 
2 896 897 900 902 904 906 907 749 909 879 760 
0 898 899 901 903 905 908 750 910 880 759 895 
3 897 1025 900 902 904 906 749 879 1012 888 1021 1023 
0 1024 898 899 1026 901 903 905 750 880 1011 887 1022 
2 897 900 1028 902 904 1033 906 1035 749 1037 879 1039 1022 
0 898 899 1027 901 903 905 1034 1036 750 1038 880 1040 1021 
3 901 808 908 910 911 913 915 759 762 895 
2 896 902 807 907 909 912 914 916 760 761 
3 900 901 1036 908 910 1041 1043 916 759 895 
1 896 899 902 907 1035 909 1042 915 1044 760 
0 807 907 912 1042 914 916 1045 1047 761 1049 1051 954 
1 808 908 911 1041 913 915 1046 1048 953 762 1050 1052 
2 807 810 907 912 914 916 951 761 922 953 955 
3 808 809 908 911 913 915 952 921 762 954 956 
2 900 807 907 1036 910 912 1041 914 1043 916 761 
1 899 808 1035 908 909 911 913 1042 915 1044 762 
2 800 803 931 933 935 937 811 939 783 787 918 920 922 795 924 926 
3 804 932 934 936 938 812 940 784 788 917 919 921 923 796 925 799 
0 929 803 811 783 787 790 918 920 922 795 924 925 798 927 
3 928 930 804 812 784 788 789 917 919 921 923 796 797 926 
2 803 810 811 783 914 787 918 951 920 953 922 795 924 955 
3 804 809 812 784 913 788 917 919 952 921 954 923 796 956 
0 1057 930 803 1059 1061 936 811 783 787 918 1046 920 952 922 795 924 1053 1055 
1 1056 929 1058 804 1060 1062 935 812 784 788 917 1045 919 951 921 923 796 1054 
2 800 928 930 931 933 935 937 939 789 918 919 797 926 
0 927 929 932 934 936 938 940 917 790 920 925 798 799 
3 928 802 930 934 941 943 789 919 797 926 
0 801 929 933 942 944 790 920 925 798 927 
2 928 1055 1057 1059 930 1061 936 789 1046 919 952 924 797 926 1053 
1 1054 929 1056 1058 1060 1062 935 1045 790 951 920 923 925 798 927 
0 932 934 966 1064 1065 936 938 940 944 948 917 925 799 
1 800 931 933 965 1063 935 937 1066 939 943 947 918 926 
3 928 802 932 934 936 938 940 941 943 917 925 799 
2 800 801 931 933 935 937 939 942 944 918 926 927 
0 1055 1057 930 1059 932 1061 934 936 938 940 917 1046 952 924 925 1053 799 
1 800 929 1056 931 1058 933 1060 935 1062 937 939 1045 918 951 923 926 1054 
3 932 934 1062 936 938 1068 1069 940 917 925 799 
1 800 931 933 1061 935 937 1067 939 1070 918 926 
3 932 934 936 968 938 1066 1067 940 917 925 1054 799 
2 800 931 933 935 967 937 1065 939 1068 918 1053 926 
2 801 834 933 942 944 945 818 947 949 822 792 826 927 
3 928 833 802 934 941 943 817 946 948 821 950 791 825 
0 801 932 933 966 1064 1065 942 944 948 927 
1 928 802 931 965 934 1063 1066 941 943 947 
3 833 836 838 941 817 946 820 821 948 791 950 825 828 957 959 
2 960 834 835 837 942 945 818 819 947 949 822 792 826 827 958 
0 833 932 966 1064 1065 941 944 817 946 948 821 950 791 825 
1 834 931 965 1063 1066 942 943 945 818 947 949 822 792 826 
0 833 964 1063 941 817 946 948 821 950 791 825 958 
2 834 963 1064 942 945 818 947 949 822 792 826 957 
0 1057 930 1059 1061 936 809 913 1046 952 921 954 924 1053 956 1055 
1 1056 929 1058 1060 1062 935 810 914 1045 951 953 922 923 955 1054 
0 809 912 913 1042 1045 1047 952 921 1049 1051 954 956 
1 810 911 1041 914 1046 951 1048 953 922 1050 1052 955 
3 1058 809 1072 913 1073 952 921 954 1052 956 
1 1057 810 1071 914 1074 951 953 922 955 1051 
0 960 835 964 837 1063 945 819 950 827 958 
3 963 836 838 1064 946 820 949 828 957 959 
2 960 962 835 963 837 965 967 840 846 945 819 827 958 
1 961 836 964 838 839 966 968 845 946 820 828 957 959 
2 960 962 963 965 967 840 841 846 847 
1 961 964 966 839 968 842 845 848 959 
1 961 964 966 839 1063 968 845 950 958 959 
2 960 962 963 965 967 840 1064 846 949 957 
3 961 932 964 966 839 1064 1065 968 845 944 948 959 
2 960 962 931 963 965 1063 840 967 1066 846 943 947 
3 961 964 966 839 968 1066 1067 940 845 1054 959 
2 960 962 963 965 967 840 1065 939 1068 846 1053 
1 991 993 995 970 876 972 974 976 882 978 980 855 889 989 863 
0 864 992 994 996 969 875 971 973 975 881 977 979 856 890 990 
3 866 868 874 970 972 974 976 978 979 981 855 983 889 985 987 863 
0 864 865 867 873 969 971 973 975 977 980 982 856 984 890 986 988 
1 997 999 1001 970 972 974 976 978 982 855 889 892 863 
0 864 998 1000 969 1002 971 973 975 977 981 856 890 891 
1 992 998 970 1003 972 1005 974 1007 976 978 855 984 889 894 863 
0 864 997 969 971 1004 973 1006 975 1008 977 983 856 890 893 991 
1 994 970 1002 972 1004 974 976 978 1076 1077 855 1016 889 1079 1081 1083 1085 986 863 
2 864 993 969 1001 971 1003 973 975 977 1075 1078 1015 856 1080 890 1082 1084 985 1086 
1 865 993 867 995 873 970 971 876 882 980 982 984 986 988 989 991 
2 992 866 994 868 996 969 874 875 972 881 979 981 983 985 987 990 
1 865 867 997 999 873 1001 971 974 980 982 984 986 892 988 
2 866 868 998 1000 874 1002 972 973 979 981 983 985 891 987 
1 992 865 867 998 873 971 1003 1005 1007 976 980 982 984 986 988 894 
3 866 868 997 874 972 1004 1006 975 1008 979 981 983 985 987 893 991 
1 865 994 867 873 1002 971 1004 978 980 1076 982 1077 984 1016 1079 1081 1083 1085 986 988 
2 993 866 868 1001 874 1003 972 977 979 1075 981 1078 983 1015 985 1080 1082 1084 987 1086 
0 865 867 996 1000 873 971 1006 1075 980 982 1014 984 986 988 
3 866 995 868 999 874 972 1005 979 1076 981 1013 983 985 987 
2 992 994 996 969 875 878 881 1009 979 884 1011 1013 1015 1017 1019 990 
3 993 995 970 876 877 882 883 980 1010 1012 1014 1016 1018 1020 989 991 
2 992 994 996 998 969 875 1003 1005 1007 976 881 979 984 894 990 
3 993 995 997 970 876 1004 1006 975 1008 882 980 983 893 989 991 
0 992 994 996 969 1002 875 1004 881 978 979 1076 1077 1079 1016 1081 986 1083 1085 990 
3 993 995 1001 970 1003 876 977 882 1075 980 1078 1015 1080 985 1082 1084 989 1086 991 
2 992 994 996 1000 969 875 1006 881 979 1075 1014 988 990 
3 993 995 999 970 876 1005 882 980 1013 1076 987 989 991 
2 992 998 1000 1002 1003 973 1005 1007 976 981 984 891 894 
3 997 999 1001 1004 974 975 1006 1008 982 983 892 893 991 
2 996 998 1000 1002 973 1006 1075 981 1014 891 988 
3 995 997 999 1001 1005 974 1076 1013 982 987 892 
0 994 998 1000 1002 1004 973 978 1076 1077 981 1079 1016 1081 986 1083 891 1085 
3 993 997 999 1001 1003 974 977 1075 1078 1015 1080 982 1082 985 1084 892 1086 
0 994 997 1002 1004 1006 975 1008 978 1076 1077 1079 1016 1081 983 1083 986 1085 893 991 
2 992 993 998 1001 1003 1005 1007 976 977 1075 1078 1015 1080 984 1082 985 1084 1086 894 
0 996 997 1000 1004 1006 975 1008 1075 1014 983 988 893 991 
1 992 995 998 999 1003 1005 1007 976 1076 1013 984 987 894 
3 991 997 1004 1006 975 1008 983 1082 893 1087 
1 1088 992 998 1003 1005 1007 976 984 1081 894 
0 1026 1027 1029 1031 877 1010 883 1012 1014 886 1016 1018 1020 989 
2 1025 1028 1030 1032 878 1009 1011 884 1013 885 1015 1017 1019 990 
3 1025 904 877 1010 883 1012 1014 1016 888 1018 1020 1021 989 1023 
2 1024 1026 903 878 1009 1011 884 1013 1015 887 1017 1019 1022 990 
0 996 1000 877 1006 1010 1075 1012 883 1014 1016 1018 1020 988 989 
1 995 999 1005 878 1009 1011 1076 1013 884 1015 1017 1019 987 990 
0 986 989 994 1002 1004 877 1010 883 1012 1076 1014 1077 1016 1079 1018 1081 1020 1083 1085 978 
2 990 993 1001 1003 878 1009 977 1011 1075 1013 1078 1015 1080 1017 1082 1019 1084 884 1086 985 
3 1089 1091 1093 1095 877 1010 883 1012 1014 1016 1080 1018 1020 989 
1 1090 1092 1094 1096 878 1009 1011 884 1013 1015 1079 1017 1019 990 
0 1024 1090 1030 1097 1099 1101 877 1010 883 1012 1014 1016 1018 1020 989 
1 1089 1029 1098 1100 1102 878 1009 1011 884 1013 1015 1017 1019 990 1023 
2 1024 1026 1028 903 1033 906 1035 1037 1039 1011 887 1022 
3 1025 1027 904 905 1034 1036 1038 1040 1012 888 1021 1023 
0 1024 1026 1090 1030 903 1097 1099 1101 1011 887 1020 1022 
1 1025 1089 1029 904 1098 1100 1102 1012 888 1019 1021 1023 
0 1024 1026 1027 1029 1031 903 1010 1011 886 887 1022 
3 1025 1028 1030 1032 904 1009 1012 885 888 1021 1023 
2 1025 1028 1030 1032 1033 906 1035 1037 1039 1009 885 1022 
0 1026 1027 1029 1031 905 1034 1036 1038 1040 1010 886 1021 
2 1024 1025 1090 1028 1030 1032 1097 1099 1101 1009 885 1020 
1 1089 1026 1027 1029 1031 1098 1100 1102 1010 886 1019 1023 
3 1025 1028 1030 1032 1038 1102 1103 1009 1105 885 
1 1026 1027 1029 1031 1037 1101 1104 1010 1106 886 
0 1121 1027 905 1034 1036 1038 1040 1044 1110 1048 1021 1119 
2 1120 1122 1028 1033 906 1035 1037 1039 1043 1109 1047 1022 
3 1027 900 905 1034 1036 1038 910 1040 1041 1043 916 1021 
1 899 1028 1033 906 1035 1037 909 1039 1042 915 1044 1022 
3 1027 1032 905 1034 1036 1038 1102 1040 1103 1105 1021 
1 1028 1031 1033 906 1035 1037 1101 1039 1104 1106 1022 
0 1027 905 1034 1036 1038 1040 1106 1107 1109 1111 1113 1115 1021 1117 
2 1028 1033 906 1035 1037 1039 1105 1108 1110 1112 1114 1116 1022 1118 
0 899 1035 909 912 1042 915 1044 1045 1047 1049 954 1051 
2 900 1036 910 911 1041 1043 916 1046 1048 953 1050 1052 
0 1121 899 1034 1035 909 1042 915 1044 1110 1048 1119 
2 1120 1122 900 1033 1036 910 1041 1043 916 1109 1047 
2 1057 930 1059 1061 936 911 1041 1046 1048 952 1050 953 1052 1053 924 1055 
3 1056 929 1058 1060 1062 935 912 1042 1045 1047 951 1049 954 1051 923 1054 
1 1121 1034 911 1041 1044 1046 1110 1048 953 1050 1052 1119 
3 1120 1122 1033 912 1042 1043 1045 1109 1047 1049 954 1051 
1 1056 1122 1123 1125 911 1041 1074 1046 1048 953 1050 1052 
0 1121 1124 1126 912 1073 1042 1045 1047 1049 954 1051 1055 
2 1058 911 1072 1041 1073 1046 1048 953 1050 1052 956 
0 1057 1071 912 1042 1074 1045 1047 1049 954 1051 955 
3 1056 929 1058 1060 1062 935 968 1066 1067 940 1045 951 923 1054 
2 1057 930 1059 1061 967 936 1065 939 1068 1046 952 924 1053 1055 
1 1056 929 1058 1122 1060 1123 1062 1125 935 1074 1045 951 1050 923 1054 
0 1057 1121 1059 1124 1061 1126 930 936 1073 1046 952 1049 924 1053 1055 
3 1056 929 1058 1060 1062 935 1072 1073 1045 951 923 1052 956 1054 
0 1057 930 1059 1061 936 1071 1074 1046 952 1051 924 1053 955 1055 
1 1056 929 1058 1060 1062 935 1070 1071 1045 951 923 1054 
0 1057 930 1059 1061 936 1069 1072 1046 952 924 1053 1055 
3 1056 929 1058 1060 1062 935 938 1068 1069 1045 951 923 1054 
2 1057 930 1059 1061 936 937 1067 1070 1046 952 924 1053 1055 
3 963 932 966 1064 1065 944 948 949 957 
1 931 964 965 1063 1066 943 947 950 958 
1 931 965 1063 968 1066 1067 940 943 947 1054 
0 932 966 967 1064 1065 939 1068 944 948 1053 
0 1062 967 1065 938 939 1068 1069 1053 
1 1061 968 937 1066 1067 940 1070 1054 
1 1060 1061 937 1067 1070 1071 
3 1059 1062 938 1068 1069 1072 
3 1058 1059 1069 1072 1073 1052 956 
1 1057 1060 1070 1071 1074 1051 955 
1 1056 1057 1122 1123 1125 1071 1074 1050 1051 955 
3 1121 1058 1124 1126 1072 1073 1049 1052 956 1055 
1 994 995 999 1002 1004 1005 978 1076 1013 1077 1079 1016 1081 986 1083 987 1085 
2 993 996 1000 1001 1003 1006 977 1075 1014 1015 1078 1080 1082 985 1084 988 1086 
3 993 1156 1094 1159 1001 1098 1003 1161 977 1075 1078 1015 1080 985 1082 1084 1086 
1 994 1155 1093 1160 1097 1002 1162 1004 978 1076 1077 1079 1016 1081 986 1083 1085 
3 1089 993 1091 1093 1095 1001 1003 977 1075 1078 1015 1080 985 1018 1082 1084 1086 
1 1090 994 1092 1094 1096 1002 1004 978 1076 1077 1079 1016 1017 1081 1083 986 1085 
3 993 1001 1003 1008 977 1075 1078 1015 1080 985 1082 1084 1086 1087 
1 1088 994 1002 1004 1007 978 1076 1077 1079 1016 1081 986 1083 1085 
3 1088 993 1001 1003 977 1075 1078 1015 1080 985 1082 1147 1084 1149 1086 1151 
1 1152 994 1002 1004 978 1076 1077 1079 1016 1081 986 1083 1148 1085 1150 1087 
2 1153 993 1155 1092 1157 1001 1003 977 1075 1078 1015 1080 985 1082 1084 1148 1086 
1 1154 1091 1156 994 1158 1002 1004 978 1076 1077 1079 1016 1081 986 1083 1147 1085 
0 1088 1007 1081 1147 1084 1149 1151 
2 1152 1008 1082 1083 1148 1150 1087 
0 1024 1090 1092 1030 1094 1096 1097 1099 1101 1079 1017 1020 
3 1089 1091 1029 1093 1095 1098 1100 1102 1080 1018 1019 1023 
0 1153 1090 1155 1092 1157 1094 1096 1079 1017 1148 1086 
3 1089 1154 1091 1156 1093 1158 1095 1080 1018 1147 1085 
0 1090 1092 1156 1094 1159 1096 1161 1098 1078 1079 1017 
2 1089 1091 1155 1093 1095 1160 1097 1162 1077 1080 1018 
1 1090 1092 1094 1096 1160 1100 1104 1171 1173 1079 1112 1017 
2 1089 1091 1093 1095 1159 1099 1103 1172 1174 1111 1080 1018 
3 1089 1156 1029 1094 1159 1161 1098 1100 1102 1078 1019 1023 
2 1024 1090 1155 1093 1030 1160 1097 1162 1099 1101 1077 1020 
1 1089 1029 1096 1160 1098 1100 1102 1104 1171 1173 1112 1019 1023 
0 1024 1090 1030 1095 1159 1097 1099 1101 1103 1172 1174 1111 1020 
3 1089 1029 1032 1098 1100 1038 1102 1103 1105 1019 1023 
0 1024 1090 1030 1031 1097 1099 1037 1101 1104 1106 1020 
1 1031 1096 1160 1100 1037 1101 1104 1106 1171 1173 1112 
2 1095 1032 1159 1099 1102 1103 1038 1105 1172 1174 1111 
0 1031 1037 1101 1040 1104 1106 1107 1109 1111 1113 1115 1117 
2 1032 1102 1103 1038 1105 1039 1108 1110 1112 1114 1116 1118 
2 1120 1124 1127 1129 1131 1039 1105 1108 1110 1112 1114 1116 1118 
0 1123 1128 1130 1132 1040 1106 1107 1109 1111 1113 1115 1117 1119 
1 1121 1034 1039 1105 1044 1108 1110 1048 1112 1114 1116 1118 1119 
3 1120 1122 1033 1040 1106 1043 1107 1109 1047 1111 1113 1115 1117 
1 1096 1160 1100 1039 1104 1105 1171 1108 1173 1110 1112 1114 1116 1118 
0 1095 1159 1099 1103 1040 1106 1107 1172 1109 1174 1111 1113 1115 1117 
2 1185 1187 1189 1039 1105 1138 1108 1110 1174 1112 1176 1114 1116 1181 1118 1183 
0 1184 1186 1188 1190 1040 1137 1106 1107 1109 1173 1111 1175 1113 1115 1117 1182 
2 1128 1134 1039 1105 1137 1139 1108 1141 1110 1143 1112 1114 1116 1118 
0 1127 1133 1040 1106 1107 1138 1109 1140 1111 1142 1113 1144 1115 1117 
1 1191 1193 1039 1105 1108 1140 1110 1112 1114 1116 1118 1182 
0 1192 1194 1040 1106 1107 1139 1109 1111 1113 1115 1117 1181 
2 1120 1122 1124 1127 1033 1129 1131 1043 1108 1109 1047 
0 1121 1123 1128 1034 1130 1132 1107 1044 1110 1048 1119 
2 1056 1120 1122 1123 1125 1033 1074 1043 1109 1047 1050 
0 1119 1121 1124 1126 1034 1073 1044 1110 1048 1049 1055 
3 1120 1121 1124 1126 1127 1129 1131 1073 1108 1049 1055 
1 1056 1122 1123 1125 1128 1130 1132 1074 1107 1050 1119 
0 1121 1124 1126 1130 1133 1135 1073 1049 1055 
1 1056 1122 1123 1125 1129 1134 1136 1074 1050 
1 1123 1128 1130 1132 1134 1137 1107 1139 1141 1143 1116 1119 
3 1120 1124 1127 1129 1131 1133 1138 1108 1140 1142 1144 1115 
0 1123 1126 1128 1130 1132 1133 1135 1107 1119 
2 1120 1124 1125 1127 1129 1131 1134 1136 1108 
0 1123 1128 1130 1132 1136 1107 1144 1145 1119 
2 1120 1124 1127 1129 1131 1135 1108 1143 1146 
1 1125 1128 1129 1134 1136 1137 1139 1141 1143 1116 
0 1126 1127 1130 1133 1135 1138 1140 1142 1144 1115 
1 1125 1129 1132 1134 1136 1144 1145 
3 1126 1130 1131 1133 1135 1143 1146 
3 1185 1187 1189 1127 1133 1138 1140 1142 1174 1144 1176 1114 1115 1181 1183 
1 1184 1186 1188 1190 1128 1134 1137 1139 1141 1173 1143 1175 1113 1116 1182 
3 1127 1191 1193 1133 1138 1140 1142 1144 1115 1118 1182 
2 1128 1192 1194 1134 1137 1139 1141 1143 1116 1117 1181 
0 1127 1192 1195 1133 1138 1140 1142 1144 1146 1115 
1 1191 1128 1196 1134 1137 1139 1141 1143 1145 1116 
0 1127 1132 1133 1136 1138 1140 1142 1144 1145 1115 
2 1128 1131 1134 1135 1137 1139 1141 1143 1146 1116 
2 1192 1131 1195 1135 1142 1143 1146 
1 1191 1132 1196 1136 1141 1144 1145 
2 1087 1152 1153 1155 1092 1157 1083 1148 1150 1086 
3 1088 1154 1091 1156 1158 1147 1084 1085 1149 1151 
1 1152 1213 1166 1083 1148 1211 1150 1087 
0 1088 1214 1165 1147 1084 1149 1212 1151 
1 1152 1158 1163 1165 1167 1169 1083 1148 1150 1087 
0 1088 1157 1164 1166 1168 1170 1147 1084 1149 1151 
1 1154 1091 1156 1158 1162 1164 1172 1175 1177 1147 1179 1085 
0 1153 1155 1092 1157 1161 1163 1171 1176 1178 1148 1180 1086 
3 1154 1091 1156 1094 1158 1159 1161 1098 1078 1147 1085 
2 1153 1155 1092 1093 1157 1160 1097 1162 1077 1148 1086 
1 1152 1154 1091 1156 1158 1163 1165 1167 1169 1147 1085 
2 1153 1155 1092 1157 1164 1166 1168 1170 1148 1086 1151 
1 1155 1093 1096 1097 1160 1162 1100 1104 1171 1077 1173 1112 
0 1156 1094 1095 1159 1161 1098 1099 1103 1172 1078 1111 1174 
1 1154 1155 1093 1160 1097 1162 1164 1172 1077 1175 1177 1179 
0 1153 1156 1094 1159 1161 1098 1163 1171 1078 1176 1178 1180 
2 1154 1157 1162 1164 1166 1168 1170 1172 1175 1177 1179 1151 
3 1152 1153 1158 1161 1163 1165 1167 1169 1171 1176 1178 1180 
2 1157 1164 1166 1168 1170 1211 1213 1150 1151 
3 1152 1158 1163 1165 1167 1169 1212 1149 1214 
2 1215 1157 1164 1166 1168 1170 1208 1210 1214 1151 
1 1152 1216 1158 1163 1165 1167 1169 1207 1209 1213 
0 1186 1157 1164 1166 1168 1200 1170 1205 1207 1178 1151 
1 1152 1185 1158 1163 1165 1167 1199 1169 1206 1208 1177 
2 1154 1159 1095 1162 1099 1164 1103 1172 1174 1111 1175 1177 1179 
3 1153 1096 1160 1161 1163 1100 1104 1171 1173 1112 1176 1178 1180 
2 1185 1187 1189 1095 1159 1099 1103 1138 1172 1174 1111 1176 1114 1181 1183 
1 1184 1186 1188 1190 1096 1160 1100 1104 1137 1171 1173 1175 1112 1113 1182 
3 1153 1185 1187 1189 1161 1163 1138 1171 1174 1176 1114 1178 1180 1181 1183 
1 1184 1154 1186 1188 1190 1162 1164 1137 1172 1173 1175 1113 1177 1179 1182 
0 1153 1186 1161 1163 1200 1170 1171 1205 1207 1176 1178 1180 
1 1185 1154 1162 1164 1199 1169 1172 1206 1175 1208 1177 1179 
3 1184 1153 1161 1163 1197 1199 1201 1171 1176 1178 1180 
1 1154 1162 1164 1198 1200 1202 1172 1175 1177 1179 1183 
1 1184 1186 1188 1190 1191 1193 1137 1140 1173 1175 1113 1118 1182 
2 1185 1187 1189 1192 1194 1138 1139 1174 1176 1114 1117 1181 1183 
0 1184 1186 1188 1190 1197 1199 1137 1201 1173 1175 1113 1180 1182 
2 1185 1187 1189 1198 1200 1138 1202 1174 1176 1114 1179 1181 1183 
0 1184 1186 1188 1190 1200 1137 1170 1173 1205 1175 1207 1113 1178 1182 
3 1185 1187 1189 1199 1169 1138 1174 1206 1176 1177 1114 1208 1181 1183 
0 1184 1186 1188 1190 1194 1196 1198 1137 1203 1173 1175 1113 1182 
2 1185 1187 1189 1193 1195 1197 1138 1204 1174 1176 1114 1181 1183 
1 1184 1186 1188 1190 1137 1202 1204 1173 1206 1175 1113 1209 1182 
2 1185 1187 1189 1201 1138 1203 1205 1174 1176 1114 1210 1181 1183 
0 1192 1194 1195 1139 1142 1146 1117 1181 
3 1191 1193 1196 1140 1141 1145 1118 1182 
0 1188 1192 1194 1196 1198 1139 1203 1117 1181 
3 1187 1191 1193 1195 1197 1140 1204 1118 1182 
1 1188 1191 1194 1196 1198 1203 1141 1145 
2 1187 1192 1193 1195 1197 1204 1142 1146 
1 1188 1194 1196 1198 1200 1202 1203 1179 1183 
3 1184 1187 1193 1195 1197 1199 1201 1204 1180 
2 1186 1198 1200 1170 1202 1205 1207 1178 1179 1183 
3 1184 1185 1197 1199 1169 1201 1206 1208 1177 1180 
1 1190 1198 1200 1202 1204 1206 1209 1179 1183 
0 1184 1189 1197 1199 1201 1203 1205 1210 1180 
3 1187 1190 1193 1195 1197 1202 1204 1206 1209 
0 1188 1189 1194 1196 1198 1201 1203 1205 1210 
1 1185 1190 1199 1169 1202 1204 1206 1208 1177 1209 
0 1186 1189 1200 1201 1170 1203 1205 1207 1178 1210 
3 1185 1199 1168 1169 1206 1208 1177 1210 1214 1215 
0 1216 1186 1167 1200 1170 1205 1207 1209 1178 1213 
2 1189 1168 1201 1203 1205 1208 1210 1214 1215 
1 1216 1190 1167 1202 1204 1206 1207 1209 1213 
0 1216 1212 1149 1165 1214 
1 1215 1211 1213 1150 1166 
3 1165 1168 1208 1210 1212 1149 1214 1215 
1 1216 1166 1167 1207 1209 1211 1213 1150 
0 1216 1167 1207 1209 1212 1213 
2 1168 1208 1210 1211 1214 1215 
