701 13544
0 2 3 
1 1 3 4 6 7 104 331 332 333 654 335 213 
5 1 2 4 5 102 103 105 651 652 653 334 211 212 214 
0 2 3 5 6 7 10 334 656 657 221 222 
1 222 3 4 6 7 10 331 332 333 335 656 657 61 221 63 
4 64 2 4 5 7 8 9 334 657 219 220 222 
3 65 2 4 5 6 10 334 656 219 220 221 
0 6 9 10 12 13 14 656 339 221 
1 6 8 10 11 13 14 656 336 337 338 340 221 
2 4 5 7 8 9 11 12 339 219 220 222 
0 229 230 9 10 12 13 14 17 658 339 659 
1 229 230 8 10 11 13 14 336 17 658 659 337 338 340 
2 227 228 230 8 9 11 12 14 15 16 339 659 
4 227 228 229 8 9 11 12 13 17 658 339 
0 229 13 16 17 658 19 20 21 344 
1 229 13 15 17 18 658 20 21 341 342 343 345 
6 227 228 230 11 12 14 15 16 18 19 344 
0 237 238 16 17 19 20 21 660 661 344 24 
1 237 238 15 17 18 20 21 660 661 24 341 342 343 345 
5 235 236 238 15 16 18 19 21 661 22 344 23 
3 235 236 237 15 16 18 19 20 660 344 24 
0 237 660 20 406 23 24 408 26 27 28 349 
1 237 660 20 22 407 24 25 346 27 28 347 348 350 
5 235 236 238 18 19 21 22 23 407 25 26 349 
0 245 246 23 24 406 26 27 28 349 408 31 
1 348 350 245 22 407 24 25 246 27 28 346 347 31 
5 243 244 22 407 23 25 26 246 28 349 29 30 
3 243 244 245 22 407 23 25 26 27 349 31 
0 414 33 354 34 35 245 409 27 411 412 30 31 
1 32 351 34 35 352 353 355 245 410 27 29 413 31 
5 32 33 354 243 244 246 25 26 410 28 29 30 413 
0 254 33 34 35 354 414 38 409 411 412 253 30 31 
1 32 253 34 35 254 351 38 352 353 355 410 29 413 31 
5 32 33 354 35 254 36 37 410 251 252 413 29 30 
3 32 33 34 354 253 38 410 251 252 413 29 30 
0 417 34 418 420 37 38 359 40 41 42 253 415 
1 416 34 419 36 356 38 39 357 41 42 358 360 253 
2 32 33 416 35 36 37 419 39 40 359 251 252 254 
0 417 418 420 37 38 359 40 41 42 261 262 45 415 
1 416 419 36 261 38 39 262 41 42 356 357 45 358 360 
2 416 419 36 37 262 39 40 359 42 43 44 260 259 
5 416 419 36 37 261 39 40 41 359 259 260 45 
0 261 421 423 424 41 426 44 45 364 47 48 49 
1 261 422 425 41 43 361 45 46 362 48 49 363 365 
2 259 260 422 39 40 425 42 43 44 364 46 47 262 
0 421 423 424 426 44 45 364 47 48 49 269 270 52 
1 422 425 361 43 362 45 46 269 48 49 270 363 52 365 
2 422 425 43 364 44 46 47 270 49 50 51 267 268 
3 422 425 43 364 44 46 47 48 269 267 268 52 
0 427 269 429 430 48 369 432 51 52 54 55 56 
1 428 269 366 431 48 367 50 368 52 53 370 55 56 
2 267 428 268 46 47 431 49 50 51 369 53 54 270 
0 427 429 430 432 369 51 52 277 54 55 56 278 59 
1 428 366 431 367 368 50 370 52 53 277 55 56 278 59 
2 428 431 369 50 51 275 53 54 278 56 57 58 276 
5 428 431 369 50 51 275 53 54 55 277 276 59 
0 433 435 436 277 374 55 438 58 59 61 62 63 
1 434 371 372 437 277 55 373 57 375 59 60 62 63 
2 434 275 276 53 54 437 56 57 58 374 60 61 278 
0 285 286 66 433 435 436 374 438 58 59 61 62 63 
3 286 66 5 334 434 371 372 437 373 375 57 59 60 285 62 63 
6 64 65 284 104 654 434 213 437 374 57 58 283 60 61 286 63 
4 284 66 5 434 437 374 57 58 283 60 61 62 285 
0 65 66 68 69 6 70 439 441 442 379 444 285 62 
1 64 66 67 69 70 7 440 376 377 443 378 285 62 380 
6 64 65 283 67 68 284 286 440 443 60 61 379 63 
0 65 66 68 69 70 293 294 73 439 441 442 379 444 
1 64 66 67 69 70 293 294 73 440 376 377 443 378 380 
5 64 65 67 68 291 70 294 71 72 292 440 443 379 
3 64 65 67 68 69 293 291 292 73 440 443 379 
0 384 448 450 293 69 72 73 75 76 77 445 447 
1 383 449 385 293 69 71 73 74 76 77 381 446 382 
2 384 449 67 68 291 70 71 72 292 74 75 294 446 
0 384 448 450 72 73 75 76 77 301 302 80 445 447 
1 383 449 385 71 73 74 76 77 301 302 80 381 446 382 
2 384 449 71 72 74 75 299 77 302 78 79 300 446 
6 384 449 71 72 74 75 76 301 299 300 80 446 
0 451 389 453 454 456 76 301 79 80 82 83 84 
1 386 387 452 388 390 455 76 301 78 80 81 83 84 
5 452 389 455 74 75 299 77 78 79 300 81 82 302 
0 451 389 453 454 456 79 80 82 83 84 309 310 87 
1 386 387 452 388 390 455 78 80 81 83 84 309 310 87 
6 452 389 455 78 79 81 82 307 84 85 310 86 308 
3 452 389 455 78 79 81 82 83 307 309 308 87 
0 457 394 459 460 462 83 309 86 87 89 90 91 
1 391 392 393 458 395 461 83 309 85 87 88 90 91 
2 458 394 461 81 82 307 84 85 86 308 88 89 310 
0 457 394 459 460 462 86 87 89 90 91 317 94 318 
1 391 392 393 458 395 461 85 87 88 90 91 317 94 318 
2 316 458 394 461 85 86 88 89 91 92 93 318 315 
6 458 394 461 85 86 88 89 90 315 316 317 94 
0 96 97 98 399 463 465 466 468 90 317 93 94 
1 97 98 396 397 398 464 400 467 90 92 317 94 95 
5 96 316 318 399 464 467 88 89 91 92 93 315 95 
0 96 97 98 101 325 326 399 463 465 466 468 93 94 
1 97 98 101 325 326 396 397 398 464 400 467 92 94 95 
5 96 98 99 100 323 326 324 399 464 467 92 93 95 
3 96 97 323 324 101 325 399 464 467 92 93 95 
0 97 100 325 101 103 104 105 404 469 471 
1 97 99 325 101 102 104 105 401 402 403 405 470 
4 96 98 99 100 323 102 103 324 326 404 470 95 
0 3 100 101 103 104 105 654 655 404 213 214 469 471 
1 99 3 101 102 104 105 654 655 401 402 403 213 470 214 405 
5 2 99 100 102 103 105 651 652 653 655 211 404 212 470 214 62 
4 99 100 3 102 103 104 654 211 404 213 470 212 
0 107 108 110 335 111 209 112 472 217 474 475 477 
1 106 331 108 109 332 111 112 209 333 334 473 217 476 
2 106 107 109 110 335 207 208 210 215 216 473 218 476 
0 225 226 107 108 110 335 112 111 115 472 474 475 477 
1 225 226 106 331 108 109 332 111 112 333 334 115 473 476 
2 224 226 106 107 109 110 335 112 113 114 473 476 223 
3 224 225 106 107 109 110 111 335 115 473 476 223 
0 480 225 481 483 111 114 115 340 117 118 119 478 
1 225 482 111 336 113 337 115 116 338 118 119 339 479 
5 223 224 482 226 109 110 112 113 114 116 117 340 479 
0 480 481 483 233 234 114 115 340 117 118 119 122 478 
1 482 233 234 336 113 337 115 116 338 118 119 339 122 479 
6 482 231 232 234 113 114 116 117 340 119 120 121 479 
3 482 231 232 233 113 114 116 117 118 340 122 479 
0 484 486 487 233 489 118 121 122 345 124 125 126 
1 485 488 233 341 118 342 120 343 122 123 344 125 126 
2 485 231 488 232 234 116 117 119 120 121 345 123 124 
0 129 484 486 487 489 241 242 663 121 122 345 124 125 126 
1 129 485 488 241 242 341 342 663 120 343 122 123 344 125 126 
2 128 485 488 239 240 242 663 120 345 121 123 124 126 127 
3 129 485 488 239 240 241 662 120 345 121 123 124 125 664 
5 128 129 131 132 133 490 492 493 495 241 125 350 
1 129 130 132 133 491 494 241 346 347 348 125 349 127 
2 128 350 130 131 491 494 239 240 242 123 124 126 127 
6 128 129 131 132 133 136 490 492 493 495 664 249 250 666 350 
1 349 129 130 132 133 136 491 494 664 249 250 666 346 347 348 127 
2 128 130 131 133 134 135 491 494 247 664 248 250 666 350 127 
0 128 669 130 131 132 136 491 494 662 247 248 249 663 665 667 668 350 127 
0 355 132 135 136 138 139 140 496 498 499 501 249 
1 352 353 354 132 134 136 137 139 140 497 500 249 351 
2 130 131 355 133 134 135 137 138 497 500 247 248 250 
5 257 258 355 135 136 138 139 140 143 496 498 499 501 662 667 671 
1 351 257 258 352 353 354 134 136 137 139 140 143 497 500 662 667 671 
2 255 256 258 355 134 135 137 138 140 141 142 497 500 663 664 667 671 
3 256 257 672 355 673 674 134 135 137 138 139 143 497 500 662 665 666 668 669 670 255 
4 257 360 139 142 143 145 146 147 662 502 504 505 507 
1 257 356 357 358 359 139 141 143 144 146 147 662 503 506 
6 256 258 360 137 138 140 141 142 144 145 503 663 664 506 255 
4 672 676 360 265 266 142 143 145 146 147 150 502 504 665 505 507 
2 672 676 356 357 358 359 265 266 141 143 144 146 147 150 503 665 506 
5 672 676 263 360 264 266 141 142 144 145 147 148 149 503 506 666 667 668 669 
0 673 674 675 677 678 263 360 265 264 679 141 142 144 145 146 150 503 665 506 670 671 
4 513 265 365 146 149 150 152 665 153 154 508 510 511 
1 512 265 361 362 363 364 146 148 150 151 665 153 154 509 
5 512 263 264 266 365 144 145 147 148 149 151 152 666 667 668 509 669 
0 511 513 677 681 365 273 274 149 150 152 153 154 508 157 670 510 
1 512 677 681 361 362 363 364 273 274 148 150 151 153 154 509 157 670 
3 512 672 673 674 677 681 365 271 272 274 148 149 151 152 154 155 156 509 671 
5 512 675 676 678 679 680 682 683 365 271 272 273 148 149 151 152 153 509 157 670 
0 160 161 514 516 517 519 273 370 153 156 157 670 159 
1 160 161 515 518 366 367 368 273 369 153 155 157 158 670 
3 671 672 673 515 674 518 271 272 370 274 151 152 154 155 156 158 159 
0 160 161 514 675 164 516 517 519 682 685 370 281 282 156 157 159 
1 160 161 515 164 675 518 682 685 366 367 368 369 281 282 155 157 158 
5 161 162 515 163 676 518 677 678 679 682 685 370 279 280 282 155 156 158 159 
3 160 515 164 675 518 680 681 683 684 686 687 688 370 279 280 281 155 156 158 159 
2 160 163 164 675 166 167 168 520 522 523 525 375 281 
1 160 162 675 164 165 167 168 521 524 371 372 373 374 281 
5 161 162 163 676 165 166 677 678 521 679 524 375 279 280 282 158 159 
3 289 290 163 164 166 167 168 680 520 171 522 523 686 525 690 375 
1 289 162 290 164 165 167 168 521 680 171 524 686 690 371 372 373 374 
6 288 162 163 290 165 166 168 521 169 170 524 681 686 682 683 690 375 287 
0 288 289 162 163 165 166 167 680 521 171 524 684 685 687 688 689 691 692 693 375 287 
0 289 167 680 170 171 173 174 175 526 528 529 531 380 
1 289 167 680 169 171 172 174 527 175 530 376 377 378 379 
2 288 290 165 166 168 169 170 681 172 173 682 527 683 530 380 287 
0 297 170 171 684 173 174 175 298 526 178 691 528 529 531 380 
1 169 297 171 172 684 174 527 175 298 530 178 691 376 377 378 379 
6 295 296 169 170 298 172 173 685 527 175 176 530 691 177 686 687 688 380 
2 295 296 169 170 297 172 173 174 527 684 689 530 178 690 692 693 380 
0 385 297 684 174 177 178 180 181 182 532 534 535 537 
1 384 297 684 174 176 178 179 533 181 182 536 381 382 383 
6 385 295 296 298 172 173 685 175 176 177 686 179 180 533 687 688 536 
0 385 177 178 305 180 181 182 689 306 185 532 534 535 537 
1 384 176 305 178 179 689 181 182 533 536 185 306 381 382 383 
6 385 303 176 177 306 179 180 533 182 183 536 184 304 690 691 692 693 
3 385 303 176 177 305 179 180 181 533 689 536 185 304 
0 543 390 305 689 181 184 185 538 187 188 189 540 541 
1 386 387 388 389 305 689 181 183 185 186 539 188 189 542 
5 390 303 304 306 179 180 690 182 183 184 691 186 539 187 692 542 693 
0 192 540 541 543 390 184 185 313 187 188 189 314 538 
1 192 314 386 387 388 389 183 185 186 539 188 189 542 313 
2 190 191 312 390 183 184 311 186 187 539 189 542 314 
3 192 312 390 183 184 313 186 187 188 539 542 311 
0 192 544 194 195 196 546 547 549 395 313 188 191 
1 192 193 545 195 548 196 391 392 393 394 313 188 190 
6 193 545 194 548 395 311 312 186 187 314 189 190 191 
0 192 321 194 195 196 322 544 199 546 547 549 395 191 
1 192 193 545 195 196 548 321 199 322 391 392 393 394 190 
5 319 193 194 545 196 548 322 197 198 320 395 190 191 
3 319 193 194 195 545 548 321 199 320 395 190 191 
0 321 195 198 199 550 201 202 203 552 553 555 400 
1 321 195 197 551 200 199 554 202 203 396 397 398 399 
2 320 193 194 322 196 197 198 551 200 201 554 400 319 
0 198 199 550 201 202 203 329 330 206 552 400 553 555 
1 197 551 200 199 202 203 554 329 206 330 396 397 398 399 
2 197 198 551 200 201 554 203 330 204 205 327 400 328 
3 197 198 551 200 201 202 554 329 327 206 328 400 
0 329 202 556 205 206 558 208 209 210 559 561 405 
1 329 202 204 557 206 207 560 209 210 401 402 403 404 
2 327 200 201 328 203 204 205 557 207 560 208 330 405 
0 108 205 206 556 208 209 210 558 559 405 561 217 218 
1 204 557 206 207 560 209 210 108 401 402 403 404 217 218 
2 106 107 204 557 205 207 208 560 210 405 215 216 218 
5 204 557 205 207 208 209 560 108 405 215 216 217 
0 3 104 105 332 654 655 402 562 212 213 214 563 216 217 218 
1 3 104 105 331 333 654 655 334 335 401 211 564 213 214 215 403 217 218 404 405 
2 2 102 103 105 651 332 652 653 655 402 211 212 564 214 215 216 62 
4 3 102 103 104 332 654 402 211 212 213 564 215 216 
0 332 108 209 402 210 212 213 214 562 216 217 218 563 
1 331 108 333 334 335 209 210 211 564 213 214 215 401 217 218 403 404 405 
2 106 107 332 207 208 210 211 564 402 212 215 216 218 
3 332 108 207 208 209 402 211 564 212 215 216 217 
0 224 225 226 6 7 10 333 656 337 657 565 566 220 221 222 
1 225 226 6 7 10 331 332 334 335 656 657 336 338 339 340 567 219 221 222 223 
2 224 4 5 7 8 9 333 337 657 567 219 220 222 223 
3 224 4 5 6 10 333 656 337 567 219 220 221 223 
0 224 225 226 333 111 112 337 115 565 566 220 221 222 
1 225 226 331 332 334 111 112 335 336 115 338 339 340 567 219 221 222 223 
2 224 226 109 110 333 112 113 114 337 567 219 220 223 
3 224 225 109 110 111 333 337 115 567 219 220 223 
0 228 229 230 232 233 234 13 14 17 338 658 659 342 568 569 
1 227 229 230 231 233 234 13 14 336 17 658 659 337 339 340 341 343 344 570 345 
2 227 228 230 231 232 11 12 14 15 16 338 659 342 570 
3 227 228 229 231 232 11 12 13 17 338 658 342 570 
0 228 229 230 232 233 234 338 342 118 119 568 122 569 
1 227 229 230 231 233 234 336 337 339 340 341 118 119 343 344 570 122 345 
2 227 228 231 232 234 338 116 117 342 119 120 121 570 
3 227 228 231 232 233 338 116 117 118 342 570 122 
0 236 237 238 240 241 242 660 20 661 343 24 21 347 571 572 
1 349 350 235 237 238 239 241 242 660 20 661 21 24 341 342 344 345 573 346 348 
2 235 236 238 239 240 18 19 21 22 23 343 661 347 573 
3 235 236 237 239 240 18 19 20 660 343 24 347 573 
0 129 236 237 238 240 241 242 343 663 347 571 125 126 572 
1 349 129 350 235 237 238 239 241 242 341 342 663 344 345 346 348 573 125 126 
2 128 347 235 236 239 240 242 343 663 123 124 573 126 127 
3 129 235 236 239 240 241 662 343 664 123 124 125 573 347 
4 352 575 577 578 579 244 245 246 248 249 250 27 348 28 574 31 
1 576 349 350 351 580 353 354 355 243 245 246 247 249 250 27 28 346 347 31 
2 576 352 580 243 244 246 247 248 25 26 28 29 30 348 
3 576 352 580 243 244 245 247 248 25 26 27 348 31 
6 352 577 578 579 132 133 136 244 245 246 248 249 250 664 348 666 574 575 
1 576 351 353 354 580 132 133 355 136 243 245 246 247 664 249 250 666 346 347 349 350 
2 576 352 130 131 580 133 134 135 243 244 247 248 664 250 666 348 
0 576 352 130 131 132 580 136 243 244 662 247 248 249 663 665 348 667 668 669 
1 256 353 34 35 257 357 38 258 581 582 584 585 586 587 252 253 254 
0 351 257 34 35 258 352 38 583 354 355 356 358 588 359 360 251 253 254 255 
2 32 33 256 35 36 37 353 583 357 588 251 252 254 255 
3 32 33 34 256 353 357 38 583 588 251 252 253 255 
1 256 257 258 353 357 581 582 584 585 586 139 140 587 143 662 667 252 253 254 671 
0 257 258 139 140 143 662 667 671 583 588 351 352 354 355 356 358 359 360 251 253 254 255 
2 256 353 258 671 357 583 137 138 140 141 142 588 663 664 251 252 667 255 
3 256 257 137 138 139 143 662 665 666 668 669 670 672 673 674 583 588 353 357 251 252 255 
4 260 261 262 358 264 41 362 42 265 45 266 589 590 592 593 594 595 
1 259 356 261 262 263 357 41 42 265 266 45 359 591 360 361 363 364 596 365 
3 259 260 262 39 40 263 42 43 44 264 358 591 362 596 
5 259 260 261 358 39 40 41 263 264 362 45 591 596 
4 672 260 261 262 358 264 265 266 362 676 589 590 592 593 146 147 594 595 150 665 
1 259 261 262 263 265 266 146 147 150 665 672 676 591 596 356 357 359 360 361 363 364 365 
5 672 259 260 676 358 263 264 266 362 591 144 145 147 148 149 596 666 667 668 669 
0 259 260 263 264 265 144 145 146 150 665 670 671 673 674 675 677 678 679 591 596 358 362 
6 363 268 269 270 367 272 48 49 273 52 274 597 598 600 601 602 603 
1 361 362 267 364 269 270 271 48 49 273 274 52 365 366 599 368 369 370 604 
2 267 268 363 270 47 46 49 50 51 271 272 367 599 604 
3 267 268 269 46 47 48 271 272 363 367 52 599 604 
6 677 681 363 268 269 270 367 272 273 274 597 598 600 153 154 601 602 157 670 603 
1 267 269 270 271 273 274 153 154 157 670 677 681 599 604 361 362 364 365 366 368 369 370 
3 672 673 674 677 681 267 363 268 271 272 367 274 151 152 599 154 155 156 604 671 
5 675 676 678 679 680 682 267 363 268 683 271 272 273 367 151 152 153 599 604 157 670 
4 608 609 610 611 368 276 277 278 372 280 55 56 59 281 282 605 606 
0 375 612 366 367 369 370 275 371 277 278 279 55 56 281 59 282 373 374 607 
6 612 368 275 276 53 278 54 56 57 58 279 280 372 607 
3 612 368 275 276 277 53 55 54 279 280 372 59 607 
2 160 161 608 675 164 609 610 611 682 685 368 276 277 278 372 280 281 282 605 606 
0 275 277 278 279 281 282 160 161 675 164 682 685 607 612 366 367 369 370 371 373 374 375 
6 607 161 162 163 612 676 677 678 679 682 685 368 275 372 276 279 280 282 158 159 
3 160 607 675 612 164 680 681 683 684 686 687 368 688 275 372 276 279 280 281 158 159 
3 288 63 66 289 290 613 614 616 617 618 619 373 377 284 285 286 62 
1 62 63 66 289 290 380 615 620 371 372 374 375 376 378 283 379 285 286 287 
2 61 64 65 287 288 615 620 373 377 283 284 60 286 63 
4 61 287 288 66 615 620 373 377 283 284 285 62 60 
3 288 289 290 613 614 167 680 168 616 171 617 618 686 619 690 373 377 284 285 286 
1 283 285 286 287 289 290 167 680 168 171 686 690 615 620 371 372 374 375 376 378 379 380 
2 288 290 165 166 615 168 169 170 681 620 682 686 683 690 373 377 283 284 287 
0 283 284 287 288 289 165 166 167 680 171 684 685 687 688 689 691 692 693 615 620 373 377 
0 292 293 294 69 296 73 70 297 298 621 622 624 625 626 627 378 382 
1 384 385 291 293 294 295 69 73 70 297 298 623 628 376 377 379 380 381 383 
2 291 292 67 70 294 68 71 72 295 296 623 628 378 382 
3 291 292 69 293 67 68 295 296 73 623 628 378 382 
0 292 293 294 296 297 298 684 621 174 175 622 624 178 691 625 626 627 378 382 
1 384 385 291 293 294 295 297 298 684 174 623 175 178 691 628 376 377 379 380 381 383 
6 291 292 295 296 298 172 173 685 175 176 177 623 691 628 686 687 688 378 382 
2 291 292 295 296 297 172 173 174 623 684 689 178 690 628 692 693 378 382 
0 387 300 301 302 76 304 80 77 305 306 629 630 632 633 634 383 
1 384 385 386 388 389 390 299 76 301 302 303 80 77 305 306 631 635 381 382 
2 387 74 299 300 75 302 77 78 79 303 304 631 635 383 
3 387 74 299 300 301 75 76 303 304 80 631 635 383 
0 387 300 301 302 304 305 306 689 181 182 629 630 185 632 633 634 383 
1 384 385 386 388 389 390 299 301 302 303 305 306 689 181 182 631 185 635 381 382 
6 387 299 300 303 304 306 179 180 690 182 183 184 631 691 635 692 693 383 
3 387 299 300 303 304 305 689 179 180 181 631 185 635 383 
0 640 388 392 83 308 309 310 87 312 84 313 314 636 637 639 
1 641 386 387 389 390 391 393 394 395 307 83 309 310 311 87 84 313 314 638 
2 641 388 392 81 82 307 308 84 310 85 86 311 312 638 
3 641 388 392 81 82 307 308 309 83 311 312 87 638 
0 192 639 640 388 392 308 309 310 312 313 314 188 189 636 637 
1 192 641 386 387 389 390 391 393 394 395 307 309 310 311 313 314 188 189 638 
2 638 641 388 392 307 308 311 312 314 186 187 189 190 191 
3 192 641 388 392 307 308 311 312 313 186 187 188 638 
0 320 321 322 642 643 645 646 393 397 90 91 316 317 318 94 
1 94 321 322 644 647 391 392 394 395 396 398 399 400 90 315 91 317 318 319 
2 93 319 320 644 647 393 397 88 89 315 316 91 318 92 
3 320 644 647 393 397 88 89 90 315 316 317 94 319 
0 320 321 322 195 196 642 643 199 645 393 646 397 316 317 318 
1 321 322 195 644 196 647 199 391 392 394 395 396 398 399 400 315 317 318 319 
2 320 193 322 194 196 197 198 644 647 393 397 315 316 319 
3 320 321 193 194 195 644 647 199 393 397 315 316 319 
0 97 98 324 325 326 101 328 329 330 648 649 651 398 652 654 403 
1 97 98 323 325 326 327 101 329 650 330 396 653 397 399 400 401 402 404 405 
2 96 98 323 324 99 326 100 327 328 650 653 398 403 95 
3 96 97 323 324 325 101 327 328 650 653 398 403 95 
0 324 325 326 328 329 330 202 203 648 398 206 649 651 652 403 654 
1 323 325 326 327 329 330 650 202 653 206 203 396 397 399 400 401 402 404 405 
2 323 324 327 328 200 330 201 203 204 205 650 653 398 403 
3 323 324 327 328 329 200 201 202 650 653 398 206 403 
0 2 5 402 563 564 566 567 332 333 334 335 337 212 216 473 474 220 476 477 224 107 110 
5 2 5 401 403 404 405 562 565 331 333 334 335 337 211 213 214 215 472 217 218 475 220 224 107 110 
4 2 5 402 562 565 331 332 334 335 336 338 339 212 340 472 216 219 475 221 222 223 225 226 107 110 
2 224 3 4 6 7 331 332 333 107 335 110 337 562 402 212 565 472 216 475 220 61 
6 224 2 5 106 331 332 333 334 108 109 111 112 562 402 565 212 337 472 216 475 220 
0 9 12 565 567 569 570 333 337 338 339 340 342 220 479 224 480 482 483 228 232 114 117 
4 9 12 566 568 331 332 334 335 336 338 339 340 342 219 221 478 222 223 225 226 481 228 232 114 117 
5 9 12 566 568 333 336 337 339 340 341 343 344 345 220 478 224 481 227 229 230 231 233 234 114 117 
3 224 481 228 8 232 10 11 13 14 333 336 337 338 114 340 117 566 342 568 220 478 
2 224 481 228 232 9 12 333 336 337 338 339 113 115 116 118 119 566 568 342 220 478 
0 16 19 568 570 572 573 338 342 343 344 345 347 228 485 486 232 488 489 236 240 121 124 
5 16 19 569 571 336 337 339 340 341 343 344 345 347 227 484 229 230 231 487 233 234 236 240 121 124 
4 16 19 569 571 338 341 342 344 345 346 348 349 350 484 228 487 232 235 237 238 239 241 242 121 124 
2 484 228 487 232 236 15 240 17 18 338 20 341 342 343 21 345 569 571 347 121 124 
6 347 484 228 487 232 236 240 16 338 19 341 342 343 344 120 122 123 569 125 126 571 
0 128 131 23 408 407 26 571 573 575 576 577 579 580 343 347 348 349 350 352 491 236 492 494 495 240 244 248 
4 128 131 406 23 26 572 574 578 341 342 344 345 346 348 349 350 352 490 235 237 238 239 493 241 242 244 248 
5 128 131 406 23 26 572 574 578 343 346 347 349 350 351 353 354 355 490 236 493 240 243 245 246 247 249 250 
2 128 131 22 406 24 25 27 28 572 574 578 343 346 347 348 350 352 490 236 493 240 244 248 
3 129 130 132 133 406 23 26 572 574 578 343 346 347 348 349 352 490 236 493 240 244 248 127 
3 256 135 138 410 411 413 414 30 33 574 576 577 578 580 582 583 584 585 587 588 348 352 353 354 355 357 497 498 244 500 501 248 252 
5 256 135 138 409 412 30 33 575 579 581 586 346 347 349 350 351 353 354 355 357 496 243 499 245 246 247 249 250 252 
4 257 258 135 138 409 412 30 33 575 579 581 586 348 351 352 354 355 356 358 359 360 496 499 244 248 251 253 254 255 
2 256 135 138 409 412 29 31 32 34 35 575 579 581 586 348 351 352 353 355 357 496 499 244 248 252 
6 256 134 136 137 139 140 409 412 30 33 575 579 581 586 348 351 352 353 354 357 496 499 244 248 252 
5 256 260 264 142 145 416 417 419 420 37 40 581 583 584 585 586 588 590 591 592 593 595 596 353 357 358 359 360 362 503 504 506 507 252 
4 257 258 260 264 142 145 415 418 37 40 582 587 589 594 351 352 354 355 356 358 359 360 362 502 505 251 253 254 255 
6 256 259 261 262 263 265 266 142 145 415 418 37 40 582 587 589 594 353 356 357 359 360 361 363 364 365 502 505 252 
3 256 260 264 142 145 415 418 36 38 39 41 42 582 587 589 594 353 356 357 358 360 362 502 505 252 
2 256 260 264 141 143 144 146 147 415 418 37 40 582 587 589 594 353 356 357 358 359 362 502 505 252 
3 512 513 260 264 268 272 149 152 422 423 425 426 44 47 589 591 592 593 594 596 598 599 600 601 603 604 358 362 363 364 365 367 509 510 
6 259 261 262 263 265 266 268 272 149 152 421 424 44 47 590 595 597 602 356 357 359 360 361 363 364 365 367 508 511 
4 260 264 267 269 270 271 273 274 149 152 421 424 44 47 590 595 597 602 358 361 362 364 365 366 368 369 370 508 511 
5 260 264 268 272 149 152 421 424 43 45 46 48 49 590 595 597 602 358 361 362 363 365 367 508 511 
2 260 264 268 272 148 150 151 153 154 421 424 44 47 590 595 597 602 358 361 362 363 364 367 508 511 
6 515 516 518 519 268 272 276 280 156 159 428 429 431 432 51 54 597 599 600 601 602 604 606 607 608 609 611 612 363 367 368 369 370 372 
4 514 517 267 269 270 271 273 274 276 280 156 159 427 430 51 54 598 603 605 610 361 362 364 365 366 368 369 370 372 
0 514 517 268 272 275 277 278 279 281 282 156 159 427 430 51 54 598 603 605 610 363 366 367 369 370 371 373 374 375 
3 514 517 268 272 276 280 156 159 427 430 50 52 53 55 56 598 603 605 610 363 366 367 368 370 372 
2 514 517 268 272 276 280 155 157 158 160 161 427 430 51 54 598 603 605 610 363 366 367 368 369 372 
5 521 522 524 525 276 280 284 288 163 166 434 435 437 438 58 61 605 607 608 609 610 612 614 615 616 617 619 620 368 372 373 374 375 377 
0 520 523 275 277 278 279 281 282 284 288 163 166 433 436 58 61 606 611 613 618 366 367 369 370 371 373 374 375 377 
6 520 523 276 280 283 285 286 287 289 290 163 166 433 436 58 61 606 611 613 618 368 371 372 374 375 376 378 379 380 
3 520 523 276 280 284 288 163 166 433 436 57 59 60 62 63 606 611 613 618 368 371 372 373 375 377 
4 520 523 276 280 284 288 162 164 165 167 168 433 436 58 61 606 611 613 618 368 371 372 373 374 377 
3 527 528 530 531 284 288 292 296 170 173 440 441 443 444 65 68 613 615 616 617 618 620 622 623 624 625 627 628 373 377 378 379 380 382 
6 526 529 283 285 286 287 289 290 292 296 170 173 439 442 65 68 614 619 621 626 371 372 374 375 376 378 379 380 382 
4 384 385 526 529 284 288 291 293 294 295 297 298 170 173 439 442 65 68 614 619 621 626 373 376 377 379 380 381 383 
2 526 529 284 288 292 296 170 173 439 442 64 66 67 69 70 614 619 621 626 373 376 377 378 380 382 
5 526 529 284 288 292 296 169 171 172 174 175 439 442 65 68 614 619 621 626 373 376 377 378 379 382 
0 384 385 387 533 534 536 537 292 296 300 304 177 180 446 447 449 450 72 75 621 623 624 625 626 628 630 631 632 378 634 635 382 383 
4 384 385 387 532 535 291 293 294 295 297 298 300 304 177 180 445 448 72 75 622 627 629 376 377 633 379 380 381 383 
5 384 385 386 388 389 390 532 535 292 296 299 301 302 303 305 306 177 180 445 448 72 75 622 627 629 633 378 381 382 
3 385 387 532 535 292 296 300 304 177 180 445 448 71 73 74 76 77 622 627 629 633 378 381 382 383 
2 384 387 532 535 292 296 300 176 304 178 179 181 182 445 448 72 75 622 627 629 633 378 381 382 383 
0 640 641 387 388 389 390 392 539 540 542 543 300 304 308 312 184 187 452 453 455 456 79 82 629 631 632 633 635 637 638 383 
5 384 385 386 388 389 390 392 538 541 299 301 302 303 305 306 308 312 184 187 451 454 79 82 630 634 636 381 382 639 
4 639 386 387 389 390 391 393 394 395 538 541 300 304 307 309 310 311 184 313 314 187 451 454 79 82 630 634 636 383 
2 639 386 387 388 390 392 538 541 300 304 308 312 184 187 451 454 78 80 81 83 84 630 634 636 383 
6 383 386 387 388 389 392 538 541 300 304 308 183 312 185 186 188 189 451 454 79 82 630 634 636 639 
0 641 643 388 644 646 647 392 393 394 395 397 545 546 548 549 308 312 316 191 320 194 458 459 461 462 86 89 636 638 639 
4 640 386 387 642 389 390 391 645 393 394 395 397 544 547 307 309 310 311 313 314 316 191 320 194 457 460 86 89 637 
5 640 642 388 645 391 392 394 395 396 398 399 400 544 547 308 312 315 317 318 319 191 321 322 194 457 460 86 89 637 
3 640 642 388 645 391 392 393 395 397 544 547 308 312 316 191 320 194 457 460 85 87 88 90 91 637 
2 640 642 388 645 391 392 393 394 397 544 547 308 312 316 190 192 193 320 195 196 457 460 86 89 637 
0 642 644 645 647 393 649 650 652 397 398 399 400 653 654 403 551 552 554 555 316 320 324 198 328 201 464 465 467 468 93 96 
5 643 646 391 648 392 394 395 396 651 398 399 400 403 550 553 315 317 318 319 321 322 324 198 328 201 463 466 93 96 
4 643 646 648 393 651 396 397 399 400 401 402 404 405 550 553 316 320 323 325 326 327 198 329 330 201 463 466 93 96 
2 643 646 648 393 651 396 397 398 400 403 550 553 316 320 324 198 328 201 463 466 92 94 95 97 98 
6 643 646 648 393 651 396 397 398 399 403 550 553 316 320 324 197 199 200 328 202 203 463 466 93 96 
0 648 650 651 653 398 654 402 403 404 405 557 558 560 561 562 564 324 328 332 205 208 212 470 471 216 100 103 
5 649 652 398 401 403 404 405 556 559 563 324 328 331 333 334 335 205 208 211 213 214 215 469 217 218 100 103 
4 649 396 397 652 399 400 401 402 404 405 556 559 563 323 325 326 327 329 330 332 205 208 212 469 216 100 103 
2 649 652 398 401 402 403 405 556 559 563 324 328 332 205 208 212 469 216 99 101 102 104 105 
3 649 652 398 401 402 403 404 556 559 563 324 328 332 204 206 207 209 210 212 469 216 100 103 
1 571 573 575 576 577 579 580 491 492 494 495 22 407 408 25 347 348 349 350 411 
4 411 578 490 493 406 23 408 24 26 27 28 572 574 346 
2 578 490 493 406 407 22 25 346 409 572 410 574 
1 408 410 411 413 29 414 32 574 576 577 578 580 582 583 584 585 587 588 352 353 354 355 497 498 500 501 
4 575 33 34 35 579 581 351 414 586 496 499 408 409 411 412 30 31 
2 351 32 579 581 586 496 499 406 407 409 410 412 413 29 575 
1 410 411 413 414 29 32 417 574 576 577 578 580 582 583 584 585 587 588 352 353 354 355 497 498 500 501 
4 30 33 34 35 575 579 581 351 417 586 496 499 409 411 412 414 31 
2 351 32 415 579 416 581 586 496 499 409 410 412 413 29 575 
1 414 416 417 419 36 420 39 581 583 584 585 586 588 590 591 592 593 595 596 357 358 359 360 503 504 506 507 
4 417 418 356 37 38 582 40 41 42 587 420 589 594 502 505 414 415 
2 416 418 419 356 36 582 39 587 589 594 502 505 412 413 415 
1 416 417 419 420 36 39 423 581 583 584 585 586 588 590 591 592 593 595 596 357 358 359 360 503 504 506 507 
4 417 418 420 37 38 582 40 41 42 587 356 589 423 594 502 505 415 
2 416 418 419 356 36 582 39 421 422 587 589 594 502 505 415 
3 512 513 420 422 423 425 426 43 46 589 591 592 593 594 596 598 599 600 601 603 604 362 363 364 365 509 510 
4 420 421 423 424 361 426 44 45 590 47 48 49 595 597 602 508 511 
2 418 419 421 422 424 361 425 43 590 46 595 597 602 508 511 
3 512 513 422 423 425 426 43 429 46 589 591 592 593 594 596 598 599 600 601 603 604 362 363 364 365 509 510 
4 421 423 424 361 426 44 45 590 47 48 49 429 595 597 602 508 511 
2 421 422 424 425 361 43 427 428 590 46 595 597 602 508 511 
5 515 516 518 519 426 428 429 431 432 50 53 597 599 600 601 602 604 606 607 608 609 611 612 367 368 369 370 
4 514 610 517 426 427 429 430 366 432 51 52 54 55 56 598 603 605 
2 514 610 517 424 425 427 428 430 366 431 50 53 598 603 605 
5 515 516 518 519 428 429 431 432 50 435 53 597 599 600 601 602 604 606 607 608 609 611 612 367 368 369 370 
4 514 610 517 427 429 430 366 432 51 52 435 54 55 56 598 603 605 
2 514 610 517 427 428 430 431 366 433 50 434 53 598 603 605 
1 521 522 524 525 432 434 435 437 438 57 60 605 607 608 609 610 612 614 615 616 617 619 620 372 373 374 375 
0 606 611 613 520 618 523 432 433 435 436 371 438 58 59 61 62 63 
6 611 613 520 618 523 430 431 433 434 371 436 437 57 60 606 
1 521 522 524 525 434 435 437 438 57 441 60 605 607 608 609 610 612 614 615 616 617 619 620 372 373 374 375 
0 606 611 613 520 618 523 433 435 436 371 438 441 58 59 61 62 63 
6 611 613 520 618 523 433 434 371 436 437 439 440 57 60 606 
3 527 528 530 531 438 440 441 443 444 64 67 613 615 616 617 618 620 622 623 624 625 627 628 377 378 379 380 
4 65 66 68 69 70 614 619 621 526 529 626 438 439 376 441 442 444 
2 64 67 614 619 621 526 529 626 436 437 439 440 376 442 443 
3 527 528 530 531 440 441 443 444 447 64 67 613 615 616 617 618 620 622 623 624 625 627 628 377 378 379 380 
4 65 66 68 69 70 614 619 621 526 529 626 439 376 441 442 444 447 
2 64 67 614 619 621 526 529 626 439 376 440 442 443 445 446 
1 384 385 533 534 536 537 444 446 447 449 450 71 74 621 623 624 625 626 628 630 631 632 634 635 382 383 
4 448 450 72 73 75 76 77 622 627 532 629 535 633 444 445 381 447 
2 448 449 71 74 622 627 532 629 535 633 442 443 445 446 381 
1 384 385 533 534 536 537 446 447 449 450 453 71 74 621 623 624 625 626 628 630 631 632 634 635 382 383 
4 448 450 453 72 73 75 76 77 622 627 532 629 535 633 445 381 447 
2 448 449 451 452 71 74 622 627 532 629 535 633 381 445 446 
1 640 641 387 388 389 390 539 540 542 543 450 452 453 455 456 78 81 629 631 632 633 635 637 638 
4 386 451 450 453 454 456 79 80 82 83 84 630 538 634 636 541 639 
2 448 449 386 451 452 454 455 78 81 630 538 634 636 541 639 
1 640 641 387 388 389 390 539 540 542 543 452 453 455 456 459 78 81 629 631 632 633 635 637 638 
4 386 451 453 454 456 459 79 80 82 83 84 630 538 634 636 541 639 
2 386 451 452 454 455 457 458 78 81 630 538 634 636 541 639 
1 641 643 644 646 647 392 393 394 395 545 546 548 549 456 458 459 461 462 85 88 636 638 639 
4 544 640 642 547 645 391 456 457 459 460 462 86 87 89 90 91 637 
2 544 640 642 547 645 454 455 391 457 458 460 461 85 88 637 
1 641 643 644 646 647 392 393 394 395 545 546 548 549 458 459 461 462 465 85 88 636 638 639 
4 544 640 642 547 645 391 457 459 460 462 465 86 87 89 90 91 637 
2 544 640 642 547 645 391 457 458 460 461 463 464 85 88 637 
1 642 644 645 647 649 650 652 397 398 399 400 653 654 551 552 554 555 462 464 465 467 468 92 95 
4 96 97 98 643 550 646 648 553 651 396 462 463 465 466 468 93 94 
2 643 550 646 648 553 651 460 461 396 463 464 466 467 92 95 
1 642 644 645 647 649 650 652 397 398 399 400 653 654 551 552 554 555 464 465 467 468 471 92 95 
4 96 97 98 643 550 646 648 553 651 396 463 465 466 468 471 93 94 
2 643 550 646 648 553 651 396 463 464 466 467 469 470 92 95 
1 99 102 648 650 651 557 558 653 560 561 402 403 404 405 470 471 468 562 564 654 
3 100 101 103 104 105 649 556 652 559 401 563 468 469 471 
2 99 102 649 556 652 559 401 466 467 563 469 470 
1 106 332 333 334 335 109 561 563 564 566 567 473 474 476 477 
4 107 108 331 110 111 112 561 562 565 472 474 475 477 
2 106 331 109 559 560 562 565 472 473 475 476 
1 480 106 332 333 334 335 109 563 564 566 567 473 474 476 477 
4 480 107 108 331 110 111 112 562 565 472 474 475 477 
2 106 331 109 562 565 472 473 475 476 478 479 
1 480 482 483 337 338 339 340 113 116 565 567 569 570 477 479 
4 480 481 483 336 114 115 117 118 119 566 568 477 478 
2 481 482 336 113 116 566 568 475 476 478 479 
1 480 482 483 486 337 338 339 340 113 116 565 567 569 570 479 
4 480 481 483 486 336 114 115 117 118 119 566 568 478 
2 481 482 484 485 336 113 116 566 568 478 479 
1 483 485 486 488 489 342 343 344 345 120 123 568 570 572 573 
4 483 484 486 487 489 341 121 122 569 124 125 126 571 
2 481 482 484 485 487 488 341 120 569 571 123 
1 485 486 488 489 492 342 343 344 345 120 123 568 570 572 573 
4 484 486 487 489 492 341 121 122 569 124 125 126 571 
2 484 485 487 488 490 491 341 120 569 571 123 
1 571 573 130 575 576 577 579 580 489 491 492 494 495 407 408 347 348 349 350 127 
4 128 129 578 131 132 133 489 490 492 493 495 406 346 572 574 
2 578 130 487 488 490 491 493 494 406 346 572 574 127 
1 571 573 130 575 576 577 579 580 491 492 494 495 498 407 408 347 348 349 350 127 
4 128 129 578 131 132 133 490 492 493 495 498 406 346 572 574 
2 578 130 490 491 493 494 496 497 406 346 572 574 127 
1 134 137 410 411 413 414 574 576 577 578 580 582 583 584 585 587 588 352 353 354 355 495 497 498 500 501 
4 351 579 581 135 136 138 139 140 586 495 496 498 499 501 409 412 575 
2 351 579 581 134 137 586 493 494 496 497 499 500 409 412 575 
1 134 137 410 411 413 414 574 576 577 578 580 582 583 584 585 587 588 352 353 354 355 497 498 500 501 504 
4 351 579 581 135 136 138 139 140 586 496 498 499 501 504 409 412 575 
2 351 579 581 134 137 586 496 497 499 500 502 503 409 412 575 
1 141 144 416 417 419 420 581 583 584 585 586 588 590 591 592 593 595 596 357 358 359 360 501 503 504 506 507 
4 418 356 582 587 589 142 143 145 146 147 594 501 502 504 505 507 415 
2 418 356 582 587 589 141 144 594 499 500 502 503 505 506 415 
1 141 144 416 417 419 420 581 583 584 585 586 588 590 591 592 593 595 596 357 358 359 360 503 504 506 507 510 
4 418 356 582 587 589 142 143 145 146 147 594 502 504 505 507 510 415 
2 418 356 582 587 589 141 144 594 502 503 505 506 508 509 415 
3 512 513 148 151 422 423 425 426 589 591 592 593 594 596 598 599 600 601 603 604 362 363 364 365 507 509 510 
0 513 421 424 361 590 595 149 150 597 152 153 154 602 508 507 510 511 
2 512 421 424 361 590 595 148 597 151 505 506 602 508 509 511 
3 512 513 516 148 151 422 423 425 426 589 591 592 593 594 596 598 599 600 601 603 604 362 363 364 365 509 510 
4 513 516 421 424 361 590 595 149 150 597 152 153 154 602 508 510 511 
2 512 514 515 421 424 361 590 595 148 597 151 602 508 509 511 
5 513 515 516 518 519 155 158 428 429 431 432 597 599 600 601 602 604 606 607 608 609 611 612 367 368 369 370 
4 160 161 514 610 516 517 513 519 427 366 430 598 603 156 157 605 159 
2 512 514 515 610 517 518 427 366 430 598 603 155 605 158 511 
6 515 516 518 519 522 155 158 428 429 431 432 597 599 600 601 602 604 606 607 608 609 611 612 367 368 369 370 
4 160 161 514 610 516 517 519 522 427 366 430 598 603 156 157 605 159 
2 610 514 515 517 518 520 521 427 366 430 598 603 155 605 158 
1 519 521 522 524 525 162 165 434 435 437 438 605 607 608 609 610 612 614 615 616 617 619 620 372 373 374 375 
4 163 164 611 166 167 520 168 522 523 613 618 519 525 433 371 436 606 
0 162 611 517 518 613 520 521 618 523 524 165 433 371 436 606 
1 521 522 524 525 528 162 165 434 435 437 438 605 607 608 609 610 612 614 615 616 617 619 620 372 373 374 375 
4 163 164 611 166 167 168 520 522 523 613 525 618 528 433 371 436 606 
0 162 611 613 165 520 521 618 523 524 526 527 433 371 436 606 
3 525 527 528 530 531 169 172 440 441 443 444 613 615 616 617 618 620 622 623 624 625 627 628 377 378 379 380 
4 614 170 171 619 173 526 174 528 175 529 621 626 525 531 439 376 442 
2 614 169 523 524 619 526 527 621 529 626 530 172 439 376 442 
3 527 528 530 531 534 169 172 440 441 443 444 613 615 616 617 618 620 622 623 624 625 627 628 377 378 379 380 
4 614 170 171 619 173 174 175 526 529 528 531 621 626 534 439 376 442 
2 614 169 619 172 621 526 527 529 530 626 532 533 439 376 442 
1 384 385 531 533 534 536 537 176 179 446 447 449 450 621 623 624 625 626 628 630 631 632 634 635 382 383 
4 448 622 177 178 627 532 180 534 181 182 535 629 633 531 381 445 537 
2 448 622 176 529 530 627 532 533 629 535 536 633 179 381 445 
1 384 385 533 534 536 537 540 176 179 446 447 449 450 621 623 624 625 626 628 630 631 632 634 635 382 383 
4 448 622 177 178 627 180 181 182 535 532 537 534 629 633 381 445 540 
2 448 622 176 627 532 629 179 535 536 633 533 538 539 381 445 
1 640 641 387 388 389 390 537 539 540 542 543 183 186 452 453 455 456 629 631 632 633 635 637 638 
4 634 636 639 386 451 543 454 537 630 184 185 538 187 540 188 189 541 
2 542 186 386 451 454 630 535 536 183 538 539 634 541 636 639 
1 640 641 387 388 389 390 539 540 542 543 546 183 186 452 453 455 456 629 631 632 633 635 637 638 
4 540 634 636 639 386 451 454 546 630 184 185 538 187 188 541 189 543 
2 186 539 386 451 544 545 454 630 183 634 538 636 541 542 639 
1 641 643 644 646 647 392 393 394 395 543 545 546 548 549 190 193 458 459 461 462 636 638 639 
4 544 192 546 194 195 196 547 640 642 645 391 457 460 543 549 637 191 
2 544 545 640 547 642 645 548 391 193 457 460 190 541 542 637 
1 641 643 644 646 647 392 393 394 395 545 546 548 549 552 190 193 458 459 461 462 636 638 639 
4 192 544 194 547 195 549 196 546 640 642 645 391 457 460 552 637 191 
2 640 544 642 547 548 645 193 391 545 457 550 551 460 637 190 
1 642 644 645 647 649 650 652 397 398 399 400 653 654 549 551 552 554 555 197 200 464 465 467 468 
4 643 549 550 199 552 201 202 198 203 553 646 648 651 396 463 466 555 
2 547 548 643 550 551 646 553 648 651 396 554 197 463 200 466 
1 642 644 645 647 649 650 652 397 398 399 400 653 654 551 552 554 555 558 197 200 464 465 467 468 
4 643 198 199 550 553 201 555 202 203 552 646 648 651 396 463 466 558 
2 643 197 646 550 648 553 554 651 396 200 551 463 556 557 466 
1 648 650 555 204 557 558 207 560 561 402 403 404 405 470 471 562 564 653 654 651 
4 649 555 556 205 558 206 208 209 210 559 563 652 401 469 561 
2 553 554 649 556 557 652 559 560 401 204 563 207 469 
1 648 650 651 204 557 558 207 560 561 402 403 404 405 470 471 562 564 474 653 654 
4 649 556 205 206 559 208 561 209 210 558 563 652 401 469 474 
2 649 652 556 204 559 560 401 207 563 557 469 472 473 
3 649 332 333 334 335 652 401 556 563 564 469 559 211 215 473 474 566 476 477 567 
6 648 650 651 653 654 402 403 404 405 557 558 560 561 562 564 565 331 211 470 471 472 215 475 
5 649 331 652 556 559 401 562 563 212 213 214 565 216 217 218 472 475 469 
3 481 332 333 334 335 336 563 564 566 567 568 473 474 219 476 477 478 223 
6 480 223 482 483 331 337 338 339 340 565 562 567 472 569 570 475 219 479 
4 224 225 226 481 331 336 562 565 566 472 568 475 220 221 222 478 
6 480 482 483 484 227 487 231 337 338 339 340 565 341 567 569 570 571 479 
3 481 227 485 486 231 488 489 336 342 343 568 344 570 345 566 572 478 573 
4 481 228 229 230 484 232 233 234 487 336 341 566 568 569 571 478 
3 406 578 485 486 488 489 490 235 493 239 342 343 344 345 568 570 572 573 574 346 
6 407 408 569 571 573 575 576 577 579 580 341 347 348 349 350 484 487 491 492 235 494 495 239 
4 578 484 487 490 236 237 238 493 240 241 242 341 406 569 346 571 572 574 
0 407 408 409 412 668 696 571 573 575 576 577 579 580 581 584 586 347 348 349 350 351 491 492 494 495 496 499 243 247 
3 406 410 411 668 413 414 696 572 574 576 577 578 580 582 583 584 585 587 588 346 352 353 354 355 490 493 497 498 243 500 501 247 
4 406 409 412 668 696 572 574 575 577 578 579 581 584 586 346 351 490 493 496 499 244 245 246 248 249 250 
5 406 409 665 666 412 667 669 697 698 699 572 700 574 575 576 701 578 579 580 581 582 583 585 586 346 351 490 493 496 499 243 247 
0 407 408 409 412 571 573 575 576 577 579 580 581 586 347 348 349 350 351 491 492 494 495 496 499 243 247 
3 406 410 411 413 414 572 574 576 577 578 580 582 583 584 585 587 588 346 352 353 354 355 490 493 497 498 243 500 501 247 
4 406 409 412 572 574 575 577 578 579 581 586 346 351 490 493 496 499 244 245 246 248 249 250 
3 410 411 668 413 414 415 673 418 696 697 574 576 577 578 580 582 583 584 585 587 588 589 592 594 352 353 354 355 356 497 498 500 501 502 505 251 255 
0 409 412 668 416 417 673 419 420 696 697 575 577 579 581 583 584 585 586 588 590 591 592 593 595 596 351 357 358 359 360 496 499 503 504 506 507 251 255 
4 256 257 258 409 412 668 415 673 418 696 697 575 577 579 581 582 584 585 586 587 589 592 594 351 356 496 499 502 505 252 253 254 
2 409 665 666 412 667 669 415 673 418 697 698 699 700 701 574 575 576 579 581 582 583 585 586 587 588 589 592 594 351 356 496 499 502 505 251 255 
6 409 412 668 670 415 671 672 418 674 696 698 699 700 701 575 577 579 581 582 583 584 586 587 588 589 590 591 593 594 351 356 496 499 502 505 251 255 
3 410 411 413 414 415 418 574 576 577 578 580 582 583 584 585 587 588 589 594 352 353 354 355 356 497 498 500 501 502 505 251 255 
5 409 412 416 417 419 420 575 579 581 583 584 585 586 588 590 591 592 593 595 596 351 357 358 359 360 496 499 503 504 506 507 251 255 
4 256 257 258 409 412 415 418 575 579 581 582 584 585 586 587 589 594 351 356 496 499 502 505 252 253 254 
0 259 263 416 417 673 419 420 421 678 424 697 698 581 583 584 585 586 588 590 591 592 593 595 596 597 600 602 357 358 359 360 361 503 504 506 507 508 511 
3 512 513 259 263 415 673 418 422 423 678 425 426 697 698 582 585 587 589 591 592 593 594 596 598 599 600 601 603 604 356 362 363 364 365 502 505 509 510 
4 260 261 262 264 265 266 415 673 418 421 678 424 697 698 582 585 587 589 590 592 593 594 595 597 600 602 356 361 502 505 508 511 
6 259 263 670 415 671 672 418 674 421 678 424 696 698 699 700 701 581 582 583 584 587 589 590 591 593 594 595 596 597 600 602 356 361 502 505 508 511 
2 259 263 415 673 418 675 676 421 677 679 424 696 697 699 700 701 582 585 587 589 590 591 592 594 595 596 597 598 599 601 602 356 361 502 505 508 511 
1 259 263 416 417 419 420 421 424 581 583 584 585 586 588 590 591 592 593 595 596 597 602 357 358 359 360 361 503 504 506 507 508 511 
3 512 513 259 263 415 418 422 423 425 426 582 587 589 591 592 593 594 596 598 599 600 601 603 604 356 362 363 364 365 502 505 509 510 
4 260 261 262 264 265 266 415 418 421 424 582 587 589 590 592 593 594 595 597 602 356 361 502 505 508 511 
3 512 513 514 517 267 271 422 423 678 425 426 427 683 430 698 589 591 592 593 594 596 598 599 600 601 603 604 605 608 610 362 363 364 365 366 509 510 
5 515 516 518 519 267 271 421 678 424 683 428 429 431 432 698 590 593 595 597 599 600 601 602 604 606 607 608 609 611 612 361 367 368 369 370 508 511 
4 514 517 268 269 270 272 273 274 421 678 424 427 683 430 698 590 593 595 597 598 600 601 602 603 605 608 610 361 366 508 511 
2 514 517 267 271 675 676 421 677 679 424 427 683 430 696 697 699 700 701 589 590 591 592 595 597 598 599 601 602 603 604 605 608 610 361 366 508 511 
0 514 517 267 271 421 678 424 680 681 427 682 430 698 590 593 595 597 598 599 600 602 603 604 605 606 607 609 610 361 366 508 511 
3 512 513 514 517 267 271 422 423 425 426 427 430 589 591 592 593 594 596 598 599 600 601 603 604 605 610 362 363 364 365 366 509 510 
5 515 516 518 519 267 271 421 424 428 429 431 432 590 595 597 599 600 601 602 604 606 607 608 609 611 612 361 367 368 369 370 508 511 
4 514 517 268 269 270 272 273 274 421 424 427 430 590 595 597 598 600 601 602 603 605 610 361 366 508 511 
6 515 516 518 519 520 523 275 279 683 428 429 431 432 433 687 436 699 597 599 600 601 602 604 606 607 608 609 611 612 613 616 618 367 368 369 370 371 
1 514 517 521 522 524 525 275 279 427 683 430 687 434 435 437 438 699 598 601 603 605 607 608 609 610 612 614 615 616 617 619 620 366 372 373 374 375 
4 514 517 520 523 276 277 278 280 281 282 427 683 430 687 433 436 699 598 601 603 605 606 608 609 610 611 613 616 618 366 371 
0 514 517 520 523 275 279 680 681 682 427 430 687 433 436 699 597 598 599 600 603 605 606 607 609 610 611 612 613 616 618 366 371 
3 514 517 520 523 275 279 427 683 684 430 685 686 433 688 436 696 697 698 700 701 598 601 603 605 606 607 608 610 611 612 613 614 615 617 618 366 371 
6 515 516 518 519 520 523 275 279 428 429 431 432 433 436 597 599 600 601 602 604 606 607 608 609 611 612 613 618 367 368 369 370 371 
1 514 517 521 522 524 525 275 279 427 430 434 435 437 438 598 603 605 607 608 609 610 612 614 615 616 617 619 620 366 372 373 374 375 
4 514 517 520 523 276 277 278 280 281 282 427 430 433 436 598 603 605 606 608 609 610 611 613 618 366 371 
1 521 522 524 525 526 529 283 287 687 434 435 692 437 438 439 442 699 700 605 607 608 609 610 612 614 615 616 617 619 620 621 624 626 372 373 374 375 376 
0 520 523 527 528 530 531 283 287 687 433 436 692 440 441 443 444 699 700 606 609 611 613 615 616 617 618 620 622 623 624 625 371 627 628 377 378 379 380 
6 520 523 526 529 284 285 286 288 289 290 687 433 436 692 439 442 699 700 606 609 611 613 614 616 617 618 619 621 624 626 371 376 
2 520 523 526 529 283 287 684 685 686 688 433 436 692 439 696 697 442 698 700 701 605 606 607 608 611 613 614 615 617 618 619 620 621 624 626 371 376 
4 520 523 526 529 283 287 687 433 689 690 436 691 693 439 696 697 442 699 698 701 606 609 611 613 614 615 616 618 619 620 621 622 623 625 626 371 376 
1 521 522 524 525 526 529 283 287 434 435 437 438 439 442 605 607 608 609 610 612 614 615 616 617 619 620 621 626 372 373 374 375 376 
0 520 523 527 528 530 531 283 287 433 436 440 441 443 444 606 611 613 615 616 617 618 620 622 623 624 625 371 627 628 377 378 379 380 
6 520 523 526 529 284 285 286 288 289 290 433 436 439 442 606 611 613 614 616 617 618 619 621 626 371 376 
3 527 528 530 531 532 535 291 295 692 694 440 441 443 444 445 700 701 448 613 615 616 617 618 620 622 623 624 625 627 628 629 632 377 378 379 380 633 381 
6 384 385 526 529 533 534 536 537 291 295 692 694 439 442 700 701 446 447 449 450 614 617 619 621 623 624 625 626 628 630 631 376 632 634 635 382 383 
5 526 529 532 535 292 293 294 296 297 298 692 694 439 442 700 445 701 448 614 617 619 621 622 624 625 626 627 629 376 633 632 381 
4 526 529 532 535 291 295 689 690 691 693 694 439 696 697 442 698 699 445 701 448 613 614 615 616 619 621 622 623 625 626 627 628 629 376 633 632 381 
2 526 529 532 535 291 295 692 439 695 696 442 697 700 445 698 699 448 614 617 619 621 622 623 624 626 627 628 629 630 631 376 633 381 
3 527 528 530 531 532 535 291 295 440 441 443 444 445 448 613 615 616 617 618 620 622 623 624 625 627 628 629 377 378 379 380 633 381 
6 384 385 526 529 533 534 536 537 291 295 439 442 446 447 449 450 614 619 621 623 624 625 626 628 630 631 376 632 634 635 382 383 
5 526 529 532 535 292 293 294 296 297 298 439 442 445 448 614 619 621 622 624 625 626 627 629 376 633 381 
6 384 385 639 386 533 534 536 537 538 541 299 303 694 701 446 447 449 450 451 454 621 623 624 625 626 628 630 631 632 634 635 636 382 383 
3 640 641 387 388 389 390 532 535 539 540 542 543 299 303 694 445 701 448 452 453 455 456 622 625 627 629 631 632 633 635 381 637 638 
4 386 532 535 538 541 300 301 302 304 305 306 694 445 701 448 451 454 622 625 627 629 630 632 633 634 636 381 639 
2 386 532 535 538 541 299 303 695 696 697 698 699 700 445 448 451 454 621 622 623 624 627 629 630 631 633 634 635 636 381 639 
6 384 385 639 386 533 534 536 537 538 541 299 303 446 447 449 450 451 454 621 623 624 625 626 628 630 631 632 634 635 636 382 383 
3 640 641 387 388 389 390 532 535 539 540 542 543 299 303 445 448 452 453 455 456 622 627 629 631 632 633 635 381 637 638 
4 386 532 535 538 541 300 301 302 304 305 306 445 448 451 454 622 627 629 630 632 633 634 636 381 639 
3 640 641 642 387 388 389 390 645 391 539 540 542 543 544 547 307 311 452 453 455 456 457 460 629 631 632 633 635 637 638 
6 641 386 643 644 646 647 392 393 394 395 538 541 545 546 548 549 307 311 451 454 458 459 461 462 630 634 636 638 639 
4 640 386 642 645 391 538 541 544 547 308 309 310 312 313 314 451 454 457 460 630 634 636 637 639 
3 640 641 642 387 388 389 390 645 391 539 540 542 543 544 547 307 311 452 453 455 456 457 460 629 631 632 633 635 637 638 
6 641 386 643 644 646 647 392 393 394 395 538 541 545 546 548 549 307 311 451 454 458 459 461 462 630 634 636 638 639 
4 640 386 642 645 391 538 541 544 547 308 309 310 312 313 314 451 454 457 460 630 634 636 637 639 
6 641 643 644 646 647 392 393 394 395 648 651 396 545 546 548 549 550 553 315 319 458 459 461 462 463 466 636 638 639 
3 640 642 644 645 391 647 649 650 652 397 398 399 400 653 654 544 547 551 552 554 555 315 319 457 460 464 465 467 468 637 
4 640 642 643 645 646 391 648 651 396 544 547 550 553 316 317 318 320 321 322 457 460 463 466 637 
6 641 643 644 646 647 392 393 394 395 648 651 396 545 546 548 549 550 553 315 319 458 459 461 462 463 466 636 638 639 
3 640 642 644 645 647 391 649 650 652 397 398 399 400 653 654 544 547 551 552 554 555 315 319 457 460 464 465 467 468 637 
4 640 642 643 645 646 391 648 651 396 544 547 550 553 316 317 318 320 321 322 457 460 463 466 637 
3 642 644 645 647 649 650 652 397 398 399 400 401 653 654 551 552 554 555 556 559 563 323 327 464 465 467 468 469 
6 643 646 648 650 651 396 653 654 402 403 404 405 550 553 557 558 560 561 562 564 323 327 463 466 470 471 
4 643 646 648 649 651 396 652 654 401 550 553 556 559 563 324 325 326 328 329 330 463 466 469 
3 642 3 644 645 647 649 650 652 653 398 399 654 397 400 401 551 552 554 555 556 559 563 323 327 464 465 467 468 469 213 104 
6 643 3 646 648 650 651 396 653 654 402 403 404 405 550 553 557 558 560 561 562 564 323 327 463 466 213 470 471 104 
4 643 3 646 648 649 651 652 396 654 401 550 553 556 559 563 324 325 326 328 329 330 463 466 469 213 104 
5 2 643 646 648 649 650 651 652 653 396 401 550 553 556 559 563 62 323 327 463 466 211 212 469 214 102 103 105 
3 102 103 104 211 212 213 
2 4 5 7 8 9 219 220 222 
3 4 5 6 219 220 221 
2 227 228 230 11 12 14 15 16 
3 227 228 229 11 12 13 
2 235 236 238 18 19 21 22 23 
3 235 236 237 18 19 20 
2 256 258 133 137 138 140 141 142 242 663 664 666 250 126 255 
5 257 133 139 239 240 241 143 662 664 666 123 124 125 250 
0 257 130 131 132 139 143 242 662 247 663 248 249 665 667 668 126 669 
6 258 133 263 264 266 140 144 145 147 148 149 664 666 667 668 669 671 674 679 688 693 695 696 577 584 250 
0 130 131 132 258 265 140 146 662 663 150 665 667 668 669 671 674 679 688 693 695 696 577 584 247 248 249 
4 256 257 133 137 138 139 265 146 150 664 665 666 668 669 670 672 673 674 679 688 693 695 696 577 584 250 255 
2 258 133 265 140 146 150 664 665 666 667 669 671 674 679 688 693 695 697 698 699 700 701 574 575 576 581 582 583 585 250 
1 258 133 265 140 146 150 664 665 666 667 668 670 671 672 673 675 676 677 678 684 685 686 687 689 690 691 692 694 696 577 584 250 
2 258 266 140 271 272 274 147 151 152 154 155 156 667 669 671 672 673 674 676 679 688 693 695 697 585 592 
4 256 257 137 138 139 266 273 147 665 666 153 668 157 669 670 672 673 674 676 679 688 693 695 697 585 592 255 
0 258 263 264 265 140 144 145 146 273 153 667 157 670 671 669 673 674 675 677 678 679 688 693 695 697 585 592 
6 258 266 140 273 147 153 667 157 670 671 672 669 674 676 679 688 693 695 696 698 699 700 701 581 582 583 584 589 590 591 593 
5 258 266 140 273 147 665 666 667 668 157 153 670 672 673 671 675 676 677 678 684 685 686 687 689 690 691 692 694 697 585 592 
6 266 274 147 279 280 282 154 669 158 159 672 161 162 163 676 677 678 679 674 681 688 693 695 698 593 600 
0 263 264 265 144 145 146 274 281 154 669 670 671 160 673 674 675 164 677 678 679 681 688 693 695 698 593 600 
4 266 271 272 273 147 151 152 153 281 669 160 672 674 675 676 164 678 679 680 682 683 688 693 695 698 593 600 
2 266 274 147 281 154 669 160 672 674 675 676 677 164 679 681 688 693 695 696 697 699 700 701 589 590 591 592 597 598 599 601 
3 266 274 147 665 154 666 667 668 281 670 672 673 160 675 676 677 678 164 671 681 684 685 686 687 689 690 691 692 694 698 593 600 
2 288 161 290 608 165 166 677 168 681 682 683 169 170 685 274 601 154 282 287 
5 608 289 161 675 676 678 679 680 167 682 683 171 685 271 272 273 151 152 153 282 601 
3 160 289 608 677 167 680 681 683 171 684 686 687 688 274 279 280 281 154 601 158 159 
0 609 289 161 677 167 680 681 682 171 685 274 597 598 599 600 154 282 605 606 607 
6 282 669 161 290 674 295 296 168 298 682 172 173 685 686 688 687 175 176 177 690 693 695 699 679 609 616 
4 279 280 281 669 158 159 160 290 674 679 680 681 297 683 684 168 686 687 688 174 178 690 693 695 699 609 616 
0 282 669 287 288 289 161 674 165 166 167 679 297 682 684 685 174 687 688 689 178 691 692 693 695 699 609 616 
2 282 669 161 290 674 679 168 297 682 684 685 686 174 688 178 690 693 695 696 697 698 700 701 605 606 607 608 613 614 615 617 
1 665 666 667 668 282 670 671 672 673 161 675 676 677 678 290 168 297 682 684 685 686 687 174 689 178 690 691 692 694 699 609 616 
6 688 669 290 674 679 168 298 686 303 304 175 690 691 692 693 179 180 182 183 184 306 700 695 617 624 
0 669 287 288 289 674 165 166 167 679 298 684 685 687 688 689 305 691 692 693 181 175 695 185 700 617 624 
2 669 290 674 295 296 297 168 679 172 173 174 686 688 689 690 305 692 693 181 695 185 700 617 624 
4 669 290 674 679 168 298 686 175 688 689 690 691 305 693 181 695 696 185 697 698 699 701 613 614 615 616 621 622 623 625 
3 665 666 667 668 670 671 672 673 290 675 676 677 678 168 298 684 685 686 687 175 689 690 691 692 181 305 694 185 700 617 624 
0 674 679 621 622 623 624 688 629 630 695 631 693 696 697 698 669 699 700 
3 665 666 667 668 670 671 672 673 675 676 677 678 684 685 686 687 689 690 691 692 694 701 625 632 
5 665 666 667 669 673 678 687 692 694 697 698 699 700 701 574 575 576 581 582 583 585 592 593 600 609 616 617 624 625 632 
6 668 670 671 672 674 678 687 692 694 696 698 699 700 701 577 581 582 583 584 589 590 591 593 600 609 616 617 624 625 632 
1 668 673 675 676 677 679 687 692 694 696 697 699 700 701 577 584 585 589 590 591 592 597 598 599 601 609 616 617 624 625 632 
3 668 673 678 684 685 686 688 692 694 696 697 698 700 701 577 584 585 592 593 600 605 606 607 608 613 614 615 617 624 625 632 
4 668 673 678 687 689 690 691 693 694 696 697 698 699 701 577 584 585 592 593 600 609 613 614 615 616 621 622 623 625 632 
0 668 673 678 687 692 695 696 697 698 699 700 577 584 585 592 593 600 609 616 617 621 622 623 624 629 630 631 
