282 3247
32 97 2 34 4 127 134 104 41 106 11 43 13 136 125 95
96 1 33 3 126 133 103 40 105 10 42 12 135 124 94 31
129 2 131 6 134 8 138 11 140 15 17 32 36 38 41 45 47 95 99 101 104 108 110 125
128 1 131 5 133 8 137 10 140 14 17 31 35 38 40 44 47 94 98 101 103 107 110 124
130 4 132 7 136 9 139 13 141 16 18 34 37 39 43 46 48 97 100 102 106 109 111 127
130 3 132 7 135 9 139 12 141 16 18 33 37 39 42 46 48 96 100 102 105 109 111 126
128 129 131 132 5 6 8 9 137 138 140 141 14 15 17 18 35 36 38 39 44 45 47 48 98 99 101 102 107 108 110 111
130 3 4 132 7 135 9 136 139 12 13 141 16 18 33 34 37 39 42 43 46 48 96 97 100 102 105 106 109 111 126 127
128 129 130 131 5 6 7 8 137 138 139 140 14 15 16 17 35 36 37 38 44 45 46 47 98 99 100 101 107 108 109 110
32 97 2 34 4 127 143 113 50 115 20 52 22 145 152 122 59 29 125 95
96 1 33 3 126 142 112 49 114 19 51 21 144 152 122 59 124 29 94 31
129 2 131 6 8 143 147 20 149 24 152 26 29 32 36 38 50 54 56 59 95 99 101 113 117 119 122 125
128 1 131 5 8 142 146 19 149 23 152 26 29 31 35 38 49 53 56 59 94 98 101 112 116 119 122 124
130 4 132 7 9 145 148 22 150 152 25 27 29 34 37 39 52 55 57 59 97 100 102 115 118 120 122 127
130 3 132 7 9 144 148 21 150 152 25 27 29 33 37 39 51 55 57 59 96 100 102 114 118 120 122 126
128 129 131 132 5 6 8 9 146 147 149 150 23 24 152 26 27 29 35 36 38 39 53 54 56 57 59 98 99 101 102 116 117 119 120 122
130 3 4 132 7 9 144 145 148 21 22 150 152 25 27 29 33 34 37 39 51 52 55 57 59 96 97 100 102 114 115 118 120 122 126 127
128 129 130 131 5 6 7 8 146 147 148 149 23 24 25 26 152 29 35 36 37 38 53 54 55 56 59 98 99 100 101 116 117 118 119 122
134 104 41 106 11 43 13 136 151 121 58 123 28 60 30 153
133 103 40 105 10 42 12 135 151 121 58 123 28 60 30 153
134 104 41 138 11 108 45 110 15 47 17 140 151 121 58 123 28 60 30 153
133 103 40 137 10 107 44 140 14 47 110 17 151 121 58 123 28 60 30 153
136 106 43 139 13 46 109 16 48 18 111 141 151 121 58 123 28 60 30 153
135 105 42 139 12 109 46 111 16 48 18 141 151 121 58 123 28 60 30 153
137 138 140 141 14 15 17 18 151 153 28 30 44 45 47 48 58 60 107 108 110 111 121 123
135 136 139 12 13 141 16 18 151 153 28 30 42 43 46 48 58 60 105 106 109 111 121 123
137 138 139 140 14 15 16 17 151 153 28 30 44 45 46 47 58 60 107 108 109 110 121 123
142 143 144 145 146 19 20 21 22 23 24 25 26 27 147 29 30 150 152 153 49 50 51 52 53 54 55 56 57 59 60 148 149 112 113 114 115 116 117 118 119 120 122 123
133 134 135 136 137 10 11 12 13 14 15 16 17 18 138 139 140 141 151 153 28 30 40 41 42 43 44 45 46 47 48 58 60 103 104 105 106 107 108 109 110 111 121 123
142 143 144 145 146 19 20 21 22 23 24 25 26 27 28 29 149 150 151 152 49 50 51 52 53 54 55 56 57 58 59 147 148 112 113 114 115 116 117 118 119 120 121 122
64 97 2 4 164 166 71 104 73 106 11 13 185 155 92 157 62 95
96 1 156 3 163 165 70 103 72 105 10 12 185 154 92 61 94 63
2 6 8 11 15 17 155 159 161 164 168 170 185 62 66 68 71 75 77 92 95 99 101 104 108 110
1 5 8 10 14 17 154 158 161 163 167 170 185 61 65 68 70 74 77 92 94 98 101 103 107 110
4 7 9 13 16 18 157 160 162 166 169 171 185 64 67 69 73 76 78 92 97 100 102 106 109 111
3 7 9 12 16 18 156 160 162 165 169 171 185 63 67 69 72 76 78 92 96 100 102 105 109 111
5 6 8 9 14 15 17 18 158 159 161 162 167 168 170 171 185 65 66 68 69 74 75 77 78 92 98 99 101 102 107 108 110 111
3 4 7 9 12 13 16 18 156 157 160 162 165 166 169 171 185 63 64 67 69 72 73 76 78 92 96 97 100 102 105 106 109 111
5 6 7 8 14 15 16 17 158 159 160 161 167 168 169 170 185 65 66 67 68 74 75 76 77 92 98 99 100 101 107 108 109 110
2 4 20 22 155 157 29 173 175 182 185 62 64 80 82 89 92 95 97 113 115 122
1 3 19 21 154 156 29 172 174 182 185 61 63 79 81 89 92 94 96 112 114 122
2 6 8 20 24 26 155 29 159 161 173 177 179 182 185 62 66 68 80 84 86 89 92 95 99 101 113 117 119 122
1 5 8 19 23 26 154 29 158 161 172 176 179 182 185 61 65 68 79 83 86 89 92 94 98 101 112 116 119 122
4 7 9 22 25 27 29 157 160 162 175 178 180 182 185 64 67 69 82 85 87 89 92 97 100 102 115 118 120 122
3 7 9 21 25 27 156 29 160 162 174 178 180 182 185 63 67 69 81 85 87 89 92 96 100 102 114 118 120 122
5 6 8 9 23 24 26 27 29 158 159 161 162 176 177 179 180 182 185 65 66 68 69 83 84 86 87 89 92 98 99 101 102 116 117 119 120 122
3 4 7 9 21 22 25 27 156 29 157 160 162 174 175 178 180 182 185 63 64 67 69 81 82 85 87 89 92 96 97 100 102 114 115 118 120 122
5 6 7 8 23 24 25 26 29 158 159 160 161 176 177 178 179 182 185 65 66 67 68 83 84 85 86 89 92 98 99 100 101 116 117 118 119 122
164 166 71 104 73 106 11 13 181 183 88 121 90 123 28 92 30 185
163 165 70 103 72 105 10 12 181 183 88 121 90 123 28 92 30 185
11 15 17 28 30 164 168 170 181 183 185 71 75 77 88 90 92 104 108 110 121 123
10 14 17 28 30 163 167 170 181 183 185 70 74 77 88 90 92 103 107 110 121 123
13 16 18 28 30 166 169 171 181 183 185 73 76 78 88 90 92 106 109 111 121 123
12 16 18 28 30 165 169 171 181 183 185 72 76 78 88 90 92 105 109 111 121 123
14 15 17 18 28 30 167 168 170 171 181 183 185 74 75 77 78 88 90 92 107 108 110 111 121 123
12 13 16 18 28 30 165 166 169 171 181 183 185 72 73 76 78 88 90 92 105 106 109 111 121 123
14 15 16 17 28 30 167 168 169 170 181 183 185 74 75 76 77 88 90 92 107 108 109 110 121 123
19 20 21 22 23 24 25 26 27 29 30 172 173 174 175 176 177 178 179 180 182 183 185 79 80 81 82 83 84 85 86 87 89 90 92 112 113 114 115 116 117 118 119 120 122 123
10 11 12 13 14 15 16 17 18 28 30 163 164 165 166 167 168 169 170 171 181 183 185 70 71 72 73 74 75 76 77 78 88 90 92 103 104 105 106 107 108 109 110 111 121 123
19 20 21 22 23 24 25 26 27 28 29 172 173 174 175 176 177 178 179 180 181 182 185 79 80 81 82 83 84 85 86 87 88 89 92 112 113 114 115 116 117 118 119 120 121 122
32 34 134 136 41 43 184 186 91 93 125 127
33 133 135 40 42 184 186 91 124 93 126 31
32 129 131 36 38 134 41 138 140 45 47 184 186 91 93 125
128 35 131 133 38 40 137 44 140 47 184 186 91 124 93 31
34 130 132 37 39 136 43 139 141 46 48 184 186 91 93 127
33 130 132 37 39 135 42 139 141 46 48 184 186 91 93 126
128 129 35 36 131 38 39 132 137 138 44 45 140 47 48 141 184 186 91 93
33 34 130 132 37 39 135 136 42 43 139 141 46 48 184 186 91 93 126 127
128 129 130 35 36 37 38 131 137 138 139 44 45 46 47 140 184 186 91 93
32 34 143 145 50 52 152 184 186 59 91 93 125 127
126 33 142 144 49 51 152 184 186 59 91 93 124 31
32 129 131 36 38 143 50 147 149 54 56 152 184 59 91 93 125 186
128 186 35 131 38 142 49 146 53 149 56 152 184 59 91 93 124 31
34 130 132 37 39 145 52 148 150 55 152 57 184 59 91 93 186 127
33 130 132 37 39 144 51 148 150 55 152 57 184 59 91 93 126 186
128 129 131 132 146 147 149 150 152 35 36 38 39 53 54 56 57 186 59 184 91 93
130 132 144 145 148 150 152 33 34 37 39 51 52 55 184 57 186 59 91 93 126 127
128 129 130 131 146 147 148 149 152 35 36 37 38 53 54 55 56 184 186 59 91 93
134 136 41 43 151 184 153 58 91 60 93 186
133 135 40 42 151 184 153 58 91 60 93 186
134 41 138 140 45 47 151 184 153 58 91 60 93 186
133 40 137 44 140 47 151 184 153 58 91 60 93 186
136 43 139 141 46 48 151 184 153 58 91 60 93 186
135 42 139 141 46 48 151 184 153 58 91 60 93 186
137 138 44 45 140 47 48 141 151 184 153 58 91 60 93 186
135 136 42 43 139 141 46 48 151 184 153 58 91 60 93 186
137 138 139 44 45 46 47 140 151 184 153 58 91 60 93 186
142 143 144 145 146 147 148 149 150 152 153 49 50 51 52 53 54 55 56 57 184 59 60 186 91 93
133 134 135 136 137 138 139 140 141 151 153 40 41 42 43 44 45 46 47 48 184 58 186 60 91 93
142 143 144 145 146 147 148 149 150 151 152 49 50 51 52 53 54 55 56 57 58 59 184 186 91 93
154 155 156 157 158 159 160 161 162 163 164 165 166 167 168 169 170 171 172 173 174 175 176 177 178 179 180 181 182 183 185 186 61 62 63 64 65 66 67 68 69 70 71 72 73 74 75 76 77 78 79 80 81 82 83 84 85 86 87 88 89 90 92 93
128 129 130 131 132 133 134 135 136 137 138 139 140 141 142 143 144 145 146 147 148 149 150 151 152 153 31 32 33 34 35 36 37 38 39 40 41 42 43 44 45 46 47 48 49 50 51 52 53 54 55 56 57 58 59 60 184 186 91 93 124 125 126 127
154 155 156 157 158 159 160 161 162 163 164 165 166 167 168 169 170 171 172 173 174 175 176 177 178 179 180 181 182 183 184 185 61 62 63 64 65 66 67 68 69 70 71 72 73 74 75 76 77 78 79 80 81 82 83 84 85 86 87 88 89 90 91 92
32 2 34 4 197 227 199 229 41 11 43 13 281 218 188 220 190
1 33 3 196 226 198 228 40 10 42 12 217 281 187 219 189 31
2 6 8 11 15 17 281 32 36 38 41 45 47 188 192 194 197 201 203 218 222 224 227 231 233
1 5 8 10 14 17 281 31 35 38 40 44 47 187 191 194 196 200 203 217 221 224 226 230 233
4 7 9 13 16 18 281 34 37 39 43 46 48 190 193 195 199 202 204 220 223 225 229 232 234
3 7 9 12 16 18 281 33 37 39 42 46 48 189 193 195 198 202 204 219 223 225 228 232 234
5 6 8 9 14 15 17 18 281 35 36 38 39 44 45 47 48 191 192 194 195 200 201 203 204 221 222 224 225 230 231 233 234
3 4 7 9 12 13 16 18 281 33 34 37 39 42 43 46 48 189 190 193 195 198 199 202 204 219 220 223 225 228 229 232 234
5 6 7 8 14 15 16 17 281 35 36 37 38 44 45 46 47 191 192 193 194 200 201 202 203 221 222 223 224 230 231 232 233
32 2 34 4 236 206 238 208 50 20 52 22 215 245 281 218 59 188 29 190 220
219 1 33 3 235 205 237 207 49 19 51 21 245 215 217 281 59 187 29 189 31
2 6 8 20 24 281 26 29 32 36 38 50 54 56 59 188 192 194 206 210 212 215 218 222 224 236 240 242 245
1 5 8 19 23 281 26 29 31 35 38 49 53 56 59 187 191 194 205 209 212 215 217 221 224 235 239 242 245
4 7 9 22 25 281 27 29 34 37 39 52 55 57 59 190 193 195 208 211 213 215 220 223 225 238 241 243 245
3 7 9 21 25 281 27 29 33 37 39 51 55 57 59 189 193 195 207 211 213 215 219 223 225 237 241 243 245
5 6 8 9 23 24 281 26 27 29 35 36 38 39 53 54 56 57 59 191 192 194 195 209 210 212 213 215 221 222 224 225 239 240 242 243 245
3 4 7 9 21 22 25 281 27 29 33 34 37 39 51 52 55 57 59 189 190 193 195 207 208 211 213 215 219 220 223 225 237 238 241 243 245
5 6 7 8 23 24 25 26 281 29 35 36 37 38 53 54 55 56 59 191 192 193 194 209 210 211 212 215 221 222 223 224 239 240 241 242 245
227 197 229 199 41 11 43 13 244 214 246 216 281 58 28 60 30
226 196 228 198 40 10 42 12 244 214 246 216 281 58 28 60 30
227 197 231 41 201 11 203 45 233 15 47 17 244 214 246 216 281 58 28 60 30
226 196 230 40 200 10 203 44 233 14 47 17 244 214 246 216 281 58 28 60 30
229 199 232 202 43 204 13 46 234 16 48 18 244 214 246 216 281 58 28 60 30
228 198 232 42 202 12 204 46 234 16 48 18 244 214 246 216 281 58 28 60 30
14 15 17 18 281 28 30 44 45 47 48 58 60 200 201 203 204 214 216 230 231 233 234 244 246
12 13 16 18 281 28 30 42 43 46 48 58 60 198 199 202 204 214 216 228 229 232 234 244 246
14 15 16 17 281 28 30 44 45 46 47 58 60 200 201 202 203 214 216 230 231 232 233 244 246
19 20 21 22 23 24 25 26 27 281 29 30 49 50 51 52 53 54 55 56 57 59 60 205 206 207 208 209 210 211 212 213 215 216 235 236 237 238 239 240 241 242 243 245 246
10 11 12 13 14 15 16 17 18 281 28 30 40 41 42 43 44 45 46 47 48 58 60 196 197 198 199 200 201 202 203 204 214 216 226 227 228 229 230 231 232 233 234 244 246
19 20 21 22 23 24 25 26 27 28 29 281 49 50 51 52 53 54 55 56 57 58 59 205 206 207 208 209 210 211 212 213 214 215 235 236 237 238 239 240 241 242 243 244 245
64 257 2 259 4 197 71 199 73 11 13 278 248 281 250 92 188 62 190
256 1 258 3 196 70 198 72 10 12 278 247 249 281 187 92 61 189 63
257 2 261 6 263 8 11 15 17 278 281 188 62 192 66 194 68 197 71 201 75 203 77 92 248 252 254
256 1 260 5 263 8 10 14 17 278 281 187 61 191 65 194 68 196 70 200 74 203 77 92 247 251 254
259 4 262 7 264 9 13 16 18 278 281 190 64 193 67 195 69 199 73 202 76 204 78 92 250 253 255
258 3 262 7 264 9 12 16 18 278 281 189 63 193 67 195 69 198 72 202 76 204 78 92 249 253 255
260 5 6 261 8 9 263 264 14 15 17 18 278 281 191 192 65 66 194 68 69 195 200 201 74 75 203 77 78 204 92 251 252 254 255
258 3 4 259 262 7 264 9 12 13 16 18 278 281 189 190 63 64 193 67 195 69 198 199 72 73 202 76 204 78 92 249 250 253 255
260 5 6 7 8 261 262 263 14 15 16 17 278 281 191 192 65 66 67 68 193 194 200 201 74 75 76 77 202 203 92 251 252 253 254
2 4 266 268 275 20 22 278 281 29 188 190 62 64 206 80 208 82 215 89 92 248 250
1 3 265 267 19 275 21 278 281 29 187 189 61 63 205 79 207 81 215 89 92 247 249
2 6 8 266 270 272 275 20 278 24 281 26 29 188 62 192 66 194 68 206 80 210 84 212 86 215 89 92 248 252 254
1 5 8 265 269 272 19 275 278 23 281 26 29 187 61 191 65 194 68 205 79 209 83 212 86 215 89 92 247 251 254
4 7 9 268 271 273 275 22 278 25 281 27 29 190 64 193 67 195 69 208 82 211 85 213 87 215 89 92 250 253 255
3 7 9 267 271 273 275 21 278 25 281 27 29 189 63 193 67 195 69 207 81 211 85 213 215 87 89 92 249 253 255
5 6 8 9 269 270 272 273 275 278 23 24 281 26 27 29 191 192 65 66 194 68 69 195 209 210 83 84 212 86 87 213 89 215 92 251 252 254 255
3 4 7 9 267 268 271 273 275 21 22 278 25 281 27 29 189 190 63 64 193 67 195 69 207 208 81 82 211 85 213 87 215 89 92 249 250 253 255
5 6 7 8 269 270 271 272 275 278 23 24 25 26 281 29 191 192 65 66 67 68 193 194 209 210 83 84 85 86 211 212 89 215 92 251 252 253 254
257 259 197 71 199 73 11 13 274 276 214 278 88 216 90 281 28 92 30
256 258 196 70 198 72 10 12 274 276 214 278 88 216 90 281 28 92 30
257 261 263 11 15 17 274 276 278 281 28 30 197 71 201 75 203 77 214 88 216 90 92
256 260 263 10 14 17 274 276 278 281 28 30 196 70 200 74 203 77 214 88 216 90 92
259 262 264 13 16 18 274 276 278 281 28 30 199 73 202 76 204 78 214 88 216 90 92
258 262 264 12 16 18 274 276 278 281 28 30 198 72 202 76 204 78 214 88 216 90 92
260 261 263 264 14 15 17 18 274 276 278 281 28 30 200 201 74 75 203 77 78 204 214 88 216 90 92
258 259 262 264 12 13 16 18 274 276 278 281 28 30 198 199 72 73 202 76 204 78 214 88 216 90 92
260 261 262 263 14 15 16 17 274 276 278 281 28 30 200 201 74 75 76 77 202 203 214 88 216 90 92
265 266 267 268 269 270 271 272 273 19 20 21 22 23 24 25 26 27 208 29 30 209 281 211 205 206 79 80 81 82 83 84 85 86 87 207 89 90 210 92 212 213 215 216 275 276 278
256 257 258 259 260 261 262 263 264 10 11 12 13 14 15 16 17 18 274 276 278 281 28 30 196 197 70 71 72 73 74 75 76 77 78 198 199 200 201 202 203 204 214 88 216 90 92
265 266 267 268 269 270 271 272 273 207 19 20 21 22 23 24 25 26 27 28 29 208 278 281 211 205 206 79 80 81 82 83 84 85 86 87 88 89 209 210 92 212 213 214 215 274 275
32 34 227 229 41 43 277 279 281 218 91 220 93
33 226 228 40 42 277 279 217 281 91 219 93 31
32 224 227 36 38 231 41 233 45 47 277 279 281 218 91 93 222
224 226 35 38 230 40 233 44 47 277 279 217 281 91 93 221 31
225 34 37 229 39 232 234 43 46 48 277 279 281 91 220 93 223
33 225 228 37 39 232 42 234 46 48 277 279 281 91 219 93 223
224 225 35 36 38 39 230 231 233 234 44 45 47 48 277 279 281 91 93 221 222
33 34 225 228 37 229 39 232 42 43 234 46 48 277 279 281 91 219 93 220 223
223 224 35 36 37 38 230 231 232 233 44 45 46 47 277 279 281 91 93 221 222
32 34 236 238 50 52 245 277 279 281 218 59 91 93 220
33 235 237 49 51 245 277 279 217 281 59 91 93 219 31
32 224 36 38 236 240 50 242 245 54 277 56 279 218 59 91 93 222 281
224 281 35 38 235 239 49 242 53 245 277 56 217 279 59 91 93 221 31
225 34 37 39 238 241 243 52 245 277 55 279 57 281 59 91 93 220 223
33 225 37 39 237 241 51 243 245 277 55 279 57 281 59 91 93 219 223
277 279 281 35 36 38 39 53 54 56 57 59 91 93 221 222 224 225 239 240 242 243 245
277 279 281 33 34 37 39 51 52 55 57 59 91 219 93 220 223 225 237 238 241 243 245
277 279 281 35 36 37 38 53 54 55 56 59 91 93 221 223 224 222 239 240 241 242 245
227 229 41 43 244 277 246 279 281 58 91 60 93
226 228 40 42 244 277 246 279 281 58 91 60 93
227 231 41 233 45 47 244 277 246 279 281 58 91 60 93
226 230 40 233 44 47 244 277 246 279 281 58 91 60 93
229 232 234 43 46 48 244 277 246 279 281 58 91 60 93
228 232 42 234 46 48 244 277 246 279 281 58 91 60 93
230 231 233 234 44 45 47 48 244 277 246 279 281 58 91 60 93
228 229 232 42 43 234 46 48 244 277 246 279 281 58 91 60 93
230 231 232 233 44 45 46 47 244 277 246 279 281 58 91 60 93
277 279 281 49 50 51 52 53 54 55 56 57 59 60 91 93 235 236 237 238 239 240 241 242 243 245 246
277 279 281 40 41 42 43 44 45 46 47 48 58 60 91 93 226 227 228 229 230 231 232 233 234 244 246
277 279 281 49 50 51 52 53 54 55 56 57 58 59 91 93 235 236 237 238 239 240 241 242 243 244 245
256 257 258 259 260 261 262 263 264 265 266 267 268 269 270 271 272 273 274 275 276 278 279 281 61 62 63 64 65 66 67 68 69 70 71 72 73 74 75 76 77 78 79 80 81 82 83 84 85 86 87 88 89 90 92 93 247 248 249 250 251 252 253 254 255
277 279 281 31 32 33 34 35 36 37 38 39 40 41 42 43 44 45 46 47 48 49 50 51 52 53 54 55 56 57 58 59 60 217 218 91 219 93 220 221 222 223 224 225 226 227 228 229 230 231 232 233 234 235 236 237 238 239 240 241 242 243 244 245 246
256 257 258 259 260 261 262 263 264 265 266 267 268 269 270 271 272 273 274 275 276 277 278 281 61 62 63 64 65 66 67 68 69 70 71 72 73 74 75 76 77 78 79 80 81 82 83 84 85 86 87 88 89 90 91 92 247 248 249 250 251 252 253 254 255
95 97 134 104 136 106 280 282 125 127
96 133 103 135 105 280 282 124 126 94
129 99 131 101 134 104 138 108 140 110 280 282 125 95
128 98 131 101 133 103 137 107 140 110 280 282 124 94
97 130 100 132 102 136 106 139 109 141 111 280 282 127
96 130 100 132 102 135 105 139 109 141 111 280 282 126
128 129 98 99 131 101 102 132 137 138 107 108 140 110 111 141 280 282
96 97 130 100 132 102 135 136 105 106 139 109 141 111 280 282 126 127
128 129 98 99 100 101 130 131 137 138 107 108 109 110 139 140 280 282
127 97 143 113 145 115 152 280 122 282 125 95
96 142 112 144 114 152 280 122 282 124 94 126
129 99 131 101 143 113 147 117 149 119 152 280 122 282 125 95
128 98 131 101 142 112 146 116 149 119 152 280 122 282 124 94
97 130 100 132 102 145 115 148 118 150 120 152 122 280 282 127
96 130 100 132 102 144 114 148 118 150 120 152 122 280 282 126
128 129 98 99 131 101 102 132 146 147 116 117 149 119 120 150 122 152 280 282
96 97 130 100 132 102 144 145 114 115 148 118 150 120 152 122 280 282 126 127
128 129 98 99 100 101 130 131 146 147 116 117 118 119 148 149 122 152 280 282
134 104 136 106 151 280 121 153 123 282
133 135 103 105 151 280 121 153 123 282
134 104 138 108 140 110 151 280 121 153 123 282
133 103 137 107 140 110 151 280 121 153 123 282
136 106 139 109 141 111 151 280 121 153 123 282
135 105 139 109 141 111 151 280 121 153 123 282
137 138 107 108 140 110 111 141 151 280 121 153 123 282
135 136 105 106 139 109 141 111 151 280 121 153 123 282
137 138 107 108 109 110 139 140 151 280 121 153 123 282
142 143 144 145 146 147 148 149 150 152 153 280 282 112 113 114 115 116 117 118 119 120 122 123
133 134 135 136 137 138 139 140 141 151 280 153 282 103 104 105 106 107 108 109 110 111 121 123
142 143 144 145 146 147 148 149 150 151 152 280 282 112 113 114 115 116 117 118 119 120 121 122
97 164 166 104 106 280 185 282 155 157 95
96 163 165 103 105 280 185 154 282 156 94
159 161 99 164 101 104 168 170 108 110 280 185 282 155 95
161 98 163 101 103 167 170 107 110 280 185 154 282 94 158
160 97 162 100 102 166 169 106 171 109 111 280 185 282 157
96 160 162 100 165 102 105 169 171 109 111 280 185 282 156
161 98 99 162 101 102 167 168 170 107 108 171 110 111 280 185 282 158 159
96 97 160 162 100 165 102 166 105 106 169 171 109 111 280 185 282 156 157
160 161 98 99 100 101 167 168 169 170 107 108 109 110 280 185 282 158 159
97 173 175 113 115 182 280 185 122 155 282 157 95
96 172 174 112 114 182 280 185 122 154 156 282 94
159 161 99 101 173 113 177 179 117 182 119 280 185 122 155 282 95
161 98 101 172 112 176 179 116 182 119 280 185 122 154 282 94 158
160 97 162 100 102 175 178 115 180 118 182 120 185 122 280 282 157
96 160 162 100 102 174 114 178 180 118 182 120 185 122 280 156 282
161 98 99 162 101 102 176 177 179 116 117 180 119 120 182 122 185 280 282 158 159
96 97 160 162 100 102 174 175 114 115 178 180 118 182 120 185 122 280 156 157 282
160 161 98 99 100 101 176 177 178 179 116 117 118 119 182 185 122 280 282 158 159
164 166 104 106 181 183 280 121 185 123 282
163 165 103 105 181 183 280 121 185 123 282
164 104 168 170 108 110 181 183 280 121 185 123 282
163 103 167 170 107 110 181 183 280 121 185 123 282
166 169 106 171 109 111 181 183 280 121 185 123 282
165 105 169 171 109 111 181 183 280 121 185 123 282
167 168 170 107 108 171 110 111 181 183 280 121 185 123 282
165 166 105 106 169 171 109 111 181 183 280 121 185 123 282
167 168 169 170 107 108 109 110 181 183 280 121 185 123 282
280 282 172 173 174 175 176 177 178 179 180 182 183 185 112 113 114 115 116 117 118 119 120 122 123
280 282 163 164 165 166 167 168 169 170 171 181 183 185 103 104 105 106 107 108 109 110 111 121 123
280 282 172 173 174 175 176 177 178 179 180 181 182 185 112 113 114 115 116 117 118 119 120 121 122
134 136 184 280 186 282 125 127
133 135 184 280 186 282 124 126
129 131 134 138 140 184 280 186 282 125
128 131 133 137 140 184 280 186 282 124
130 132 136 139 141 184 280 186 282 127
130 132 135 139 141 184 280 186 282 126
128 129 131 132 137 138 140 141 184 280 186 282
130 132 135 136 139 141 184 280 186 282 126 127
128 129 130 131 137 138 139 140 184 280 186 282
143 145 152 184 186 280 282 125 127
142 144 152 184 186 280 124 282 126
129 131 143 147 149 152 184 186 280 282 125
128 131 142 146 149 152 184 186 280 124 282
130 132 145 148 150 152 184 186 280 282 127
130 132 144 148 150 152 184 186 280 282 126
128 129 131 132 146 147 149 150 152 184 186 280 282
130 132 144 145 148 150 152 184 186 280 282 126 127
128 129 130 131 146 147 148 149 152 184 186 280 282
134 136 151 184 153 186 280 282
133 135 151 184 153 186 280 282
134 138 140 151 184 153 186 280 282
133 137 140 151 184 153 186 280 282
136 139 141 151 184 153 186 280 282
135 139 141 151 184 153 186 280 282
137 138 140 141 151 184 153 186 280 282
135 136 139 141 151 184 153 186 280 282
137 138 139 140 151 184 153 186 280 282
142 143 144 145 146 147 148 149 150 152 153 184 186 280 282
133 134 135 136 137 138 139 140 141 151 184 153 186 280 282
142 143 144 145 146 147 148 149 150 151 152 184 186 280 282
282 280 154 155 156 157 158 159 160 161 162 163 164 165 166 167 168 169 170 171 172 173 174 175 176 177 178 179 180 181 182 183 185 186
128 129 130 131 132 133 134 135 136 137 138 139 140 141 142 143 144 145 146 147 148 149 150 151 152 153 280 282 184 186 124 125 126 127
282 280 154 155 156 157 158 159 160 161 162 163 164 165 166 167 168 169 170 171 172 173 174 175 176 177 178 179 180 181 182 183 184 185
187 188 189 190 191 192 193 194 195 196 197 198 199 200 201 202 203 204 205 206 207 208 209 210 211 212 213 214 215 216 217 218 219 220 221 222 223 224 225 226 227 228 229 230 231 232 233 234 235 236 237 238 239 240 241 242 243 244 245 246 247 248 249 250 251 252 253 254 255 256 257 258 259 260 261 262 263 264 265 266 267 268 269 270 271 272 273 274 275 276 277 278 279 281 282
94 95 96 97 98 99 100 101 102 103 104 105 106 107 108 109 110 111 112 113 114 115 116 117 118 119 120 121 122 123 124 125 126 127 128 129 130 131 132 133 134 135 136 137 138 139 140 141 142 143 144 145 146 147 148 149 150 151 152 153 154 155 156 157 158 159 160 161 162 163 164 165 166 167 168 169 170 171 172 173 174 175 176 177 178 179 180 181 182 183 184 185 186 280 282
187 188 189 190 191 192 193 194 195 196 197 198 199 200 201 202 203 204 205 206 207 208 209 210 211 212 213 214 215 216 217 218 219 220 221 222 223 224 225 226 227 228 229 230 231 232 233 234 235 236 237 238 239 240 241 242 243 244 245 246 247 248 249 250 251 252 253 254 255 256 257 258 259 260 261 262 263 264 265 266 267 268 269 270 271 272 273 274 275 276 277 278 279 280 281
