30 100
2 11 4 13
1 10 3 12
2 6 8 11 15 17
1 5 8 10 14 17
4 7 9 13 16 18
3 7 9 12 16 18
5 6 8 9 14 15 17 18
3 4 7 9 12 13 16 18
5 6 7 8 14 15 16 17
2 4 20 22 29
1 3 19 21 29
2 6 8 20 24 26 29
1 5 8 19 23 26 29
4 7 9 22 25 27 29
3 7 9 21 25 27 29
5 6 8 9 23 24 26 27 29
3 4 7 9 21 22 25 27 29
5 6 7 8 23 24 25 26 29
11 28 13 30
10 12 28 30
17 11 28 30 15
17 10 28 14 30
16 18 28 13 30
16 18 12 28 30
14 15 17 18 28 30
12 13 16 18 28 30
14 15 16 17 28 30
19 20 21 22 23 24 25 26 27 29 30
10 11 12 13 14 15 16 17 18 28 30
19 20 21 22 23 24 25 26 27 28 29
