93 593
32 2 34 4 41 11 43 13
1 33 3 40 10 42 12 31
32 2 36 6 38 8 41 11 45 15 47 17
1 35 5 38 8 40 10 44 14 47 17 31
34 4 37 7 39 9 43 13 46 16 48 18
33 3 37 7 39 9 42 12 46 16 48 18
35 36 5 6 38 8 9 39 44 45 14 15 47 17 18 48
33 34 3 4 37 7 39 9 42 43 12 13 46 16 48 18
35 36 5 6 7 8 37 38 44 45 14 15 16 17 46 47
32 2 34 4 50 20 52 22 59 29
1 33 3 49 19 51 21 59 29 31
32 2 36 6 38 8 50 20 54 24 56 26 59 29
1 35 5 38 8 49 19 53 23 56 26 59 29 31
34 4 37 7 39 9 52 22 55 25 57 27 59 29
33 3 37 7 39 9 51 21 55 25 57 27 59 29
35 36 5 6 38 8 9 39 53 54 23 24 56 26 27 57 29 59
33 34 3 4 37 7 39 9 51 52 21 22 55 25 57 27 59 29
35 36 5 6 7 8 37 38 53 54 23 24 25 26 55 56 29 59
41 11 43 13 58 28 60 30
40 10 42 12 58 28 60 30
41 11 45 15 47 17 58 28 60 30
40 10 44 14 47 17 58 28 60 30
43 13 46 16 48 18 58 28 60 30
42 12 46 16 48 18 58 28 60 30
44 45 14 15 47 17 18 48 58 28 60 30
42 43 12 13 46 16 48 18 58 28 60 30
44 45 14 15 16 17 46 47 58 28 60 30
19 20 21 22 23 24 25 26 27 29 30 49 50 51 52 53 54 55 56 57 59 60
10 11 12 13 14 15 16 17 18 28 30 40 41 42 43 44 45 46 47 48 58 60
19 20 21 22 23 24 25 26 27 28 29 49 50 51 52 53 54 55 56 57 58 59
64 2 4 71 73 11 13 92 62
1 3 70 72 10 12 92 61 63
2 66 68 6 71 8 11 75 77 15 17 92 62
1 65 68 5 70 8 10 74 77 14 17 92 61
64 67 4 69 7 9 73 76 13 78 16 18 92
3 67 69 7 72 9 12 76 78 16 18 92 63
65 66 68 5 6 69 8 9 74 75 77 14 15 78 17 18 92
64 3 4 67 69 7 72 9 73 12 13 76 78 16 18 92 63
65 66 67 68 5 6 7 8 74 75 76 77 14 15 16 17 92
64 2 4 80 82 20 22 89 92 29 62
1 3 79 81 19 21 89 92 29 61 63
2 66 68 6 8 80 20 84 86 24 89 26 92 29 62
1 65 68 5 8 79 19 83 86 23 89 26 92 29 61
64 67 4 69 7 9 82 85 22 87 25 89 27 92 29
3 67 69 7 9 81 21 85 87 25 89 27 92 29 63
65 66 68 5 6 69 8 9 83 84 86 23 24 87 26 27 89 29 92
64 3 4 67 69 7 9 81 82 21 22 85 87 25 89 27 92 29 63
65 66 67 68 5 6 7 8 83 84 85 86 23 24 25 26 89 92 29
71 73 11 13 88 90 28 92 30
70 72 10 12 88 90 28 92 30
71 11 75 77 15 17 88 90 28 92 30
70 10 74 77 14 17 88 90 28 92 30
73 76 13 78 16 18 88 90 28 92 30
72 12 76 78 16 18 88 90 28 92 30
74 75 77 14 15 78 17 18 88 90 28 92 30
72 73 12 13 76 78 16 18 88 90 28 92 30
74 75 76 77 14 15 16 17 88 90 28 92 30
19 20 21 22 23 24 25 26 27 29 30 79 80 81 82 83 84 85 86 87 89 90 92
10 11 12 13 14 15 16 17 18 28 30 70 71 72 73 74 75 76 77 78 88 90 92
19 20 21 22 23 24 25 26 27 28 29 79 80 81 82 83 84 85 86 87 88 89 92
32 34 41 43 91 93
33 40 42 91 93 31
32 36 38 41 45 47 91 93
35 38 40 44 47 91 93 31
34 37 39 43 46 48 91 93
33 37 39 42 46 48 91 93
35 36 38 39 44 45 47 48 91 93
33 34 37 39 42 43 46 48 91 93
35 36 37 38 44 45 46 47 91 93
32 34 50 52 59 91 93
33 49 51 59 91 93 31
32 36 38 50 54 56 59 91 93
35 38 49 53 56 59 91 93 31
34 37 39 52 55 57 59 91 93
33 37 39 51 55 57 59 91 93
35 36 38 39 53 54 56 57 59 91 93
33 34 37 39 51 52 55 57 59 91 93
35 36 37 38 53 54 55 56 59 91 93
41 43 58 91 60 93
40 42 58 91 60 93
41 45 47 58 91 60 93
40 44 47 58 91 60 93
43 46 48 58 91 60 93
42 46 48 58 91 60 93
44 45 47 48 58 91 60 93
42 43 46 48 58 91 60 93
44 45 46 47 58 91 60 93
49 50 51 52 53 54 55 56 57 59 60 91 93
40 41 42 43 44 45 46 47 48 58 91 60 93
49 50 51 52 53 54 55 56 57 58 59 91 93
61 62 63 64 65 66 67 68 69 70 71 72 73 74 75 76 77 78 79 80 81 82 83 84 85 86 87 88 89 90 92 93
31 32 33 34 35 36 37 38 39 40 41 42 43 44 45 46 47 48 49 50 51 52 53 54 55 56 57 58 59 60 91 93
61 62 63 64 65 66 67 68 69 70 71 72 73 74 75 76 77 78 79 80 81 82 83 84 85 86 87 88 89 90 91 92
