607 6337
2 4 9 11 271 273 278 24 280 26 31 33 293 295 300 302 69 71 76 204 78 206 211 213 91 93 98 226 100 228 233 235
1 3 8 10 270 272 277 23 279 25 30 32 292 294 299 301 68 70 75 203 77 205 210 212 90 92 97 225 99 227 232 234
2 6 9 13 271 275 278 24 282 28 31 35 293 297 300 304 69 73 76 204 80 208 211 215 91 95 98 226 102 230 233 237
1 5 8 12 270 274 277 23 281 27 30 34 292 296 299 303 68 72 75 203 79 207 210 214 90 94 97 225 101 229 232 236
4 7 11 14 273 276 280 26 283 29 33 36 295 298 302 305 71 74 78 206 81 209 213 216 93 96 100 228 103 231 235 238
3 7 10 14 272 276 279 25 283 29 32 36 294 298 301 305 70 74 77 205 81 209 212 216 92 96 99 227 103 231 234 238
5 6 12 13 274 275 281 282 27 28 34 35 296 297 303 304 72 73 79 80 207 208 214 215 94 95 101 102 229 230 236 237
2 4 271 16 273 18 24 26 285 287 293 38 295 40 307 309 69 71 204 206 83 85 218 91 220 93 226 228 105 107 240 242
1 3 270 15 272 17 23 25 284 286 292 37 294 39 306 308 68 70 203 205 82 84 217 90 219 92 225 227 104 106 239 241
2 6 271 16 275 20 24 28 285 289 293 38 297 42 307 311 69 73 204 208 83 87 218 91 222 95 226 230 105 109 240 244
1 5 270 15 274 19 23 27 284 288 292 37 296 41 306 310 68 72 203 207 82 86 217 90 221 94 225 229 104 108 239 243
4 7 273 18 276 21 26 29 287 290 295 40 298 43 309 312 71 74 206 209 85 88 220 93 223 96 228 231 107 110 242 245
3 7 272 17 276 21 25 29 286 290 294 39 298 43 308 312 70 74 205 209 84 88 219 92 223 96 227 231 106 110 241 245
5 6 274 19 20 275 27 28 288 289 296 41 42 297 310 311 72 73 207 208 86 87 221 222 94 95 229 230 108 109 243 244
9 11 22 278 280 31 33 291 44 300 302 313 76 78 211 213 89 224 98 100 233 235 111 246
8 10 277 22 279 30 32 291 299 44 301 313 75 77 210 212 89 224 97 99 232 234 111 246
9 13 22 278 282 31 35 291 44 300 304 313 76 80 211 215 89 224 98 102 233 237 111 246
8 12 277 22 281 30 34 291 299 44 303 313 75 79 210 214 89 224 97 101 232 236 111 246
11 14 22 280 283 33 291 36 44 302 305 313 78 81 213 216 89 224 100 103 235 238 111 246
10 14 22 279 283 32 291 36 44 301 305 313 77 81 212 216 89 224 99 103 234 238 111 246
12 13 22 281 282 34 35 291 44 303 304 313 79 80 214 215 89 224 101 102 236 237 111 246
15 16 17 18 19 20 21 284 285 286 287 288 289 290 37 38 39 40 41 42 43 306 307 308 309 310 311 312 82 83 84 85 86 87 88 217 218 219 220 221 222 223 104 105 106 107 108 109 110 239 240 241 242 243 244 245
257 2 4 9 11 271 273 278 280 46 48 53 55 315 317 322 324 69 71 76 204 78 206 211 213 113 115 120 248 122 250 255
256 1 3 8 10 270 272 277 279 45 47 52 54 314 316 321 323 68 70 75 203 77 205 210 212 112 114 119 247 121 249 254
2 259 6 9 13 271 275 278 282 46 50 53 57 315 319 322 69 326 73 76 204 80 208 211 215 113 117 120 248 124 252 255
1 258 5 8 12 270 274 277 281 45 49 52 56 314 318 321 68 325 72 75 203 79 207 210 214 112 116 119 247 123 251 254
257 4 260 7 11 14 273 276 280 283 48 51 55 58 317 320 324 71 327 74 78 206 81 209 213 216 115 118 122 250 125 253
256 3 260 7 10 14 272 276 279 283 47 51 54 58 316 320 323 70 327 74 77 205 81 209 212 216 114 118 121 249 125 253
258 259 5 6 12 13 274 275 281 282 49 50 56 57 318 319 325 326 72 73 79 80 207 208 214 215 116 117 123 124 251 252
129 2 4 262 264 271 16 273 18 285 287 46 48 315 60 317 62 69 71 329 331 204 206 83 85 218 220 113 115 248 250 127
128 1 3 261 263 270 15 272 17 284 286 45 47 314 59 316 61 68 70 328 330 203 205 82 84 217 219 112 114 247 249 126
2 131 6 262 266 271 16 275 20 285 289 46 50 315 60 319 64 69 73 329 204 333 208 83 87 218 222 113 117 248 252 127
1 130 5 261 265 270 15 274 19 284 288 45 49 314 59 318 63 68 72 328 203 332 207 82 86 217 221 112 116 247 251 126
129 4 132 7 264 267 273 18 276 21 287 290 48 51 317 62 320 65 71 74 331 206 334 209 85 88 220 223 115 118 250 253
128 3 132 7 263 267 272 17 276 21 286 290 47 51 316 61 320 65 70 74 330 205 334 209 84 88 219 223 114 118 249 253
130 131 5 6 265 266 274 19 20 275 288 289 49 50 318 63 64 319 72 73 332 333 207 208 86 87 221 222 116 117 251 252
257 133 9 11 268 22 278 280 291 53 55 66 322 324 76 78 335 211 213 89 224 120 122 255
256 133 8 10 268 277 22 279 291 52 54 321 66 323 75 77 335 210 212 89 224 119 121 254
259 133 9 268 13 22 278 282 291 53 57 66 322 326 76 335 80 211 215 89 224 120 124 255
258 133 8 12 268 277 22 281 291 52 56 321 66 325 75 79 335 210 214 89 224 119 123 254
257 260 133 11 268 14 22 280 283 291 55 58 66 324 327 78 335 81 213 216 89 224 122 125
256 260 133 10 268 14 22 279 283 291 54 58 66 323 327 77 335 81 212 216 89 224 121 125
258 259 133 12 13 268 22 281 282 291 56 57 66 325 326 79 80 335 214 215 89 224 123 124
128 129 130 131 132 261 262 263 264 265 266 267 15 16 17 18 19 20 21 284 285 286 287 288 289 290 59 60 61 62 63 64 65 328 329 330 331 332 333 334 82 83 84 85 86 87 88 217 218 219 220 221 222 223 126 127
33 98 67 100 226 134 228 293 233 295 235 300 269 302 336 24 26 91 93 31
32 97 225 67 99 227 134 292 232 294 234 299 269 301 336 23 25 90 92 30
95 98 35 67 226 102 134 230 233 293 297 300 237 269 304 336 24 91 28 31
97 34 67 225 101 134 229 232 292 296 299 236 269 303 336 23 90 27 30 94
96 33 67 36 100 134 103 228 231 295 235 298 269 238 302 336 305 26 29 93
32 96 67 36 99 134 103 227 231 234 294 298 269 238 301 336 305 25 92 29
34 35 67 101 102 134 229 230 296 297 236 237 269 303 304 336 27 28 94 95
226 67 228 293 38 134 40 105 295 107 269 240 336 242 307 309 24 26 91 93
225 67 227 37 134 39 104 292 106 294 269 239 336 241 306 308 23 25 90 92
226 67 293 38 134 230 105 42 297 109 269 240 336 307 244 311 24 91 28 95
225 67 292 37 134 229 104 41 296 108 269 239 336 306 243 310 23 90 27 94
96 67 228 134 231 40 295 298 43 107 269 110 336 242 245 309 312 26 29 93
96 67 227 134 39 231 294 106 43 298 269 110 336 241 308 245 312 25 92 29
67 229 134 230 296 41 42 297 108 109 269 336 243 244 310 311 27 28 94 95
33 98 67 100 134 233 235 44 269 300 111 302 336 246 313 31
32 97 67 99 134 232 234 299 44 269 301 111 336 246 313 30
98 35 67 102 134 233 44 237 269 111 300 304 336 246 313 31
97 34 67 101 134 232 299 44 236 269 111 303 336 246 313 30
33 67 36 100 134 103 235 44 269 238 111 302 305 336 246 313
32 67 36 99 134 103 234 44 269 238 111 301 305 336 246 313
34 35 67 101 102 134 44 236 237 111 269 303 304 336 246 313
134 269 37 38 39 40 41 42 43 306 307 308 309 310 311 312 67 336 104 105 106 107 108 109 110 239 240 241 242 243 244 245
45 46 47 48 49 50 51 52 53 54 55 56 57 58 59 60 61 62 63 64 65 66 112 113 114 115 116 117 118 119 120 121 122 123 124 125 126 127 128 129 130 131 132 133 247 248 249 250 251 252 253 254 255 256 257 258 259 260 261 262 263 264 265 266 267 268 314 315 316 317 318 319 320 321 322 323 324 325 326 327 328 329 330 331 332 333 334 335
2 4 136 9 138 11 143 145 24 26 158 31 160 33 165 167 204 206 338 211 340 213 345 347 226 228 360 233 362 235 367 369
1 3 135 8 137 10 142 144 23 25 157 30 159 32 164 166 203 205 337 210 339 212 344 346 225 227 359 232 361 234 366 368
2 6 136 9 140 13 143 147 24 28 158 31 162 35 165 169 204 208 338 211 342 215 345 349 226 230 360 233 364 237 367 371
1 5 135 8 139 12 142 146 23 27 157 30 161 34 164 168 203 207 337 210 341 214 344 348 225 229 359 232 363 236 366 370
4 7 138 11 141 14 145 148 26 29 160 33 163 36 167 170 206 209 340 213 343 216 347 350 228 231 362 235 365 238 369 372
3 7 137 10 141 14 144 148 25 29 159 32 163 36 166 170 205 209 339 212 343 216 346 350 227 231 361 234 365 238 368 372
5 6 139 12 13 140 146 147 27 28 161 34 35 162 168 169 207 208 341 214 215 342 348 349 229 230 363 236 237 364 370 371
2 4 136 138 16 18 150 24 152 26 158 160 38 40 172 174 204 206 338 340 218 220 352 226 354 228 360 362 240 242 374 376
1 3 135 137 15 17 149 23 151 25 157 159 37 39 171 173 203 205 337 339 217 219 351 225 353 227 359 361 239 241 373 375
2 6 136 140 16 20 150 24 154 28 158 162 38 42 172 176 204 208 338 342 218 222 352 226 356 230 360 364 240 244 374 378
1 5 135 139 15 19 149 23 153 27 157 161 37 41 171 175 203 207 337 341 217 221 351 225 355 229 359 363 239 243 373 377
4 7 138 141 18 21 152 26 155 29 160 163 40 43 174 177 206 209 340 343 220 223 354 228 357 231 362 365 242 245 376 379
3 7 137 141 17 21 151 25 155 29 159 163 39 43 173 177 205 209 339 343 219 223 353 227 357 231 361 365 241 245 375 379
5 6 139 140 19 20 153 154 27 28 161 162 41 42 175 176 207 208 341 342 221 222 355 356 229 230 363 364 243 244 377 378
9 11 143 145 22 156 31 33 165 167 44 178 211 213 345 347 224 358 233 235 367 369 246 380
8 10 142 144 22 156 30 32 164 166 44 178 210 212 344 346 224 358 232 234 366 368 246 380
9 13 143 147 22 156 31 35 165 169 44 178 211 215 345 349 224 358 233 237 367 371 246 380
8 12 142 146 22 156 30 34 164 168 44 178 210 214 344 348 224 358 232 236 366 370 246 380
11 14 145 148 22 156 33 36 167 170 44 178 213 216 347 350 224 358 235 238 369 372 246 380
10 14 144 148 22 156 32 36 166 170 44 178 212 216 346 350 224 358 234 238 368 372 246 380
12 13 146 147 22 156 34 35 168 169 44 178 214 215 348 349 224 358 236 237 370 371 246 380
15 16 17 18 19 20 21 149 150 151 152 153 154 155 37 38 39 40 41 42 43 171 172 173 174 175 176 177 217 218 219 220 221 222 223 351 352 353 354 355 356 357 239 240 241 242 243 244 245 373 374 375 376 377 378 379
384 257 2 4 389 391 136 9 138 11 143 145 46 48 180 53 182 55 187 189 204 206 338 211 340 213 345 347 248 250 382 255
256 1 3 388 390 135 8 137 10 142 144 45 47 179 52 181 54 186 188 203 205 337 210 339 212 344 346 247 249 381 254 383
2 259 386 389 6 136 9 393 140 13 143 147 46 50 180 53 184 57 187 191 204 208 338 211 342 215 345 349 248 252 382 255
1 258 385 388 5 135 8 392 139 12 142 146 45 49 179 52 183 56 186 190 203 207 337 210 341 214 344 348 247 251 381 254
384 257 387 4 260 7 391 138 11 394 141 14 145 148 48 51 182 55 185 58 189 192 206 209 340 213 343 216 347 350 250 253
256 3 260 387 390 7 137 10 394 141 14 144 148 47 51 181 54 185 58 188 192 205 209 339 212 343 216 346 350 249 253 383
385 258 259 386 5 6 392 393 139 12 13 140 146 147 49 50 183 56 57 184 190 191 207 208 341 214 215 342 348 349 251 252
384 2 4 262 136 264 138 396 398 16 18 150 152 46 48 180 182 60 62 194 196 204 206 338 340 218 220 352 354 248 250 382
1 3 261 135 263 137 395 397 15 17 149 151 45 47 179 181 59 61 193 195 203 205 337 339 217 219 351 353 247 249 381 383
2 386 6 262 136 266 140 396 16 400 20 150 154 46 50 180 184 60 64 194 198 204 208 338 342 218 222 352 356 248 252 382
1 385 5 261 135 265 139 395 15 399 19 149 153 45 49 179 183 59 63 193 197 203 207 337 341 217 221 351 355 247 251 381
384 387 4 7 264 138 267 141 398 401 18 21 152 155 48 51 182 185 62 65 196 199 206 209 340 343 220 223 354 357 250 253
3 387 7 263 137 267 141 397 17 401 21 151 155 47 51 181 185 61 65 195 199 205 209 339 343 219 223 353 357 249 253 383
385 386 5 6 265 266 139 140 399 400 19 20 153 154 49 50 183 184 63 64 197 198 207 208 341 342 221 222 355 356 251 252
257 389 391 9 11 268 143 145 402 22 156 53 55 187 189 66 200 211 213 345 347 224 358 255
256 388 390 8 10 268 142 144 402 22 156 52 54 186 188 66 200 210 212 344 346 224 358 254
259 389 9 393 268 13 143 402 147 22 156 53 57 187 191 66 200 211 215 345 349 224 358 255
258 388 8 392 12 268 142 146 402 22 156 52 56 186 190 66 200 210 214 344 348 224 358 254
257 260 391 394 11 268 14 145 402 148 22 156 55 58 189 192 66 200 213 216 347 350 224 358
256 260 390 10 394 268 14 144 402 148 22 156 54 58 188 192 66 200 212 216 346 350 224 358
258 259 392 393 12 13 268 146 147 402 22 156 56 57 190 191 66 200 214 215 348 349 224 358
261 262 263 264 265 266 267 395 396 397 15 16 17 18 19 20 21 149 150 151 152 154 155 153 59 60 61 62 63 64 65 193 194 195 196 197 198 199 400 398 399 217 218 219 220 221 222 223 351 352 353 354 355 356 357 401
160 33 226 67 228 165 167 360 201 233 235 362 269 367 369 403 24 26 158 31
32 225 67 164 227 166 359 232 201 234 361 269 366 368 403 23 25 157 30 159
162 35 67 165 226 230 360 169 201 233 364 237 269 367 371 403 24 28 158 31
161 34 67 164 225 229 359 168 201 232 363 236 269 366 370 403 23 27 157 30
160 33 67 36 163 228 167 231 201 170 235 362 269 238 365 369 403 372 26 29
32 67 36 163 166 227 231 201 170 234 361 269 238 365 368 403 372 25 29 159
161 34 35 67 162 229 230 168 169 201 363 236 237 269 364 370 371 403 27 28
160 226 67 228 38 40 201 360 362 172 269 174 240 242 403 374 24 376 26 158
225 67 227 37 39 359 201 361 171 173 269 239 241 403 373 23 375 25 157 159
162 67 226 38 230 360 201 42 172 269 364 176 240 403 244 374 24 378 28 158
161 225 67 37 229 359 41 201 171 363 269 175 239 243 403 373 23 377 27 157
160 67 163 228 231 40 201 362 43 269 174 365 177 242 403 245 376 26 379 29
67 163 227 39 231 201 361 43 173 269 365 177 241 403 245 375 25 379 29 159
161 162 67 229 230 41 42 201 363 269 364 175 176 243 244 403 377 378 27 28
33 67 165 167 201 233 235 44 269 367 369 178 403 246 380 31
32 67 164 166 232 201 234 44 269 366 368 178 403 246 380 30
35 67 165 169 201 233 44 237 269 367 178 371 403 246 380 31
34 67 164 168 201 232 44 236 269 366 178 370 403 246 380 30
33 67 36 167 201 170 235 44 269 238 369 178 403 372 246 380
32 67 36 166 201 170 234 44 269 238 368 178 403 372 246 380
34 35 67 168 169 201 44 236 237 269 178 370 371 403 246 380
269 403 37 38 39 40 41 42 43 171 172 173 174 175 176 177 67 201 239 240 241 242 243 244 245 373 374 375 376 377 378 379
45 46 47 48 49 50 51 52 53 54 55 56 57 58 59 60 61 62 63 64 65 66 179 180 181 182 183 184 185 186 187 188 189 190 191 192 193 194 195 196 197 198 199 200 247 248 249 250 251 252 253 254 255 256 257 258 259 260 261 262 263 264 265 266 267 268 381 382 383 384 385 386 387 388 389 390 391 392 393 394 395 396 397 398 399 400 401 402
98 100 69 293 71 295 202 76 300 78 271 302 273 404 278 280 91 93
97 99 68 292 70 294 202 75 299 77 270 301 272 404 277 279 90 92
98 69 102 293 73 202 297 76 300 271 80 304 275 404 278 282 91 95
97 68 101 292 72 296 202 75 299 270 79 303 274 404 277 281 90 94
96 100 71 103 295 74 202 298 78 302 81 273 305 276 404 280 283 93
96 99 70 103 294 74 202 298 77 301 272 81 305 276 404 279 283 92
101 102 72 73 202 296 297 79 80 303 274 275 304 404 281 282 94 95
69 293 71 295 105 202 107 271 273 83 307 85 309 404 91 93 285 287
68 292 70 294 104 106 202 270 272 82 306 84 308 404 90 92 284 286
289 69 293 73 105 202 297 109 271 83 275 307 404 87 311 91 285 95
288 68 292 72 104 202 296 108 270 82 274 306 404 86 310 90 284 94
96 290 71 295 74 107 202 298 110 273 276 85 309 404 88 312 93 287
96 290 70 294 74 106 202 298 110 272 84 276 308 404 88 312 92 286
288 289 72 73 202 296 108 109 297 274 275 404 86 87 310 311 94 95
98 291 100 202 76 300 78 111 302 404 278 280 89 313
97 99 291 202 75 299 77 301 111 404 277 279 89 313
98 291 102 202 76 300 111 80 304 404 278 89 282 313
97 291 101 202 75 299 111 79 303 404 277 89 281 313
291 100 103 202 78 111 302 81 305 404 280 89 313 283
99 291 103 202 77 301 111 81 305 404 279 89 313 283
291 101 102 202 111 80 79 303 304 404 89 281 282 313
404 284 285 286 287 288 289 290 306 307 308 309 310 311 312 202 82 83 84 85 86 87 88 104 105 106 107 108 109 110
322 324 69 71 202 76 78 271 113 273 115 404 278 120 280 122 315 317
321 323 68 70 202 75 77 270 112 272 114 404 277 119 279 121 314 316
322 69 326 73 202 76 271 80 113 275 404 117 278 120 282 315 124 319
321 68 325 72 202 75 270 79 112 274 116 277 404 119 281 314 123 318
320 324 71 327 74 202 78 81 273 115 276 404 118 280 122 283 125 317
320 323 70 327 74 202 77 272 81 114 276 404 118 279 121 283 316 125
325 326 72 73 202 79 80 274 275 116 117 404 281 282 123 124 318 319
287 129 69 71 329 202 331 271 113 273 83 115 85 404 315 285 317 127
128 68 70 328 202 330 270 112 272 82 114 84 404 314 284 316 126 286
319 289 131 69 73 202 329 333 271 113 83 275 117 404 87 315 285 127
288 130 68 72 328 202 332 270 112 82 274 116 404 86 314 284 126 318
320 129 290 132 71 74 202 331 334 273 115 276 85 118 404 88 317 287
128 320 290 132 70 74 202 330 334 272 114 84 276 118 404 88 316 286
288 289 130 131 72 73 202 332 333 274 275 116 117 86 87 404 318 319
322 291 324 133 202 76 78 335 404 278 120 89 122 280
321 291 323 133 202 75 77 335 404 277 119 279 89 121
322 291 133 326 202 76 335 80 404 278 120 89 282 124
321 291 133 325 202 75 79 335 404 277 119 89 281 123
291 324 133 327 202 78 335 81 404 280 89 122 283 125
291 323 133 327 202 77 335 81 404 279 89 121 283 125
291 133 325 326 202 79 80 335 404 89 281 123 124 282
128 129 130 131 132 404 284 285 286 287 288 289 290 328 329 202 330 331 332 333 334 82 83 84 85 86 87 88 126 127
98 100 293 134 295 202 300 302 336 404 91 93
97 99 292 134 294 202 299 301 336 404 90 92
98 293 134 102 297 202 300 304 336 404 91 95
97 292 101 134 296 202 299 303 336 404 90 94
96 100 134 103 295 202 298 302 336 305 404 93
96 99 134 103 294 202 298 301 336 305 404 92
101 102 134 296 297 202 303 304 336 404 94 95
293 134 295 105 202 107 336 307 404 309 91 93
292 134 294 104 106 202 336 306 308 404 90 92
293 134 105 202 297 109 336 307 404 311 91 95
292 134 104 296 202 108 336 306 404 310 90 94
96 134 295 202 107 298 110 336 404 309 312 93
96 134 294 106 202 298 110 336 308 404 312 92
134 296 297 202 108 109 336 404 310 311 94 95
98 100 134 202 300 302 111 336 404 313
97 99 134 202 299 301 111 336 404 313
98 134 102 202 300 111 304 336 404 313
97 101 134 202 299 111 303 336 404 313
100 134 103 202 302 111 336 305 404 313
99 134 103 202 301 111 336 305 404 313
101 134 102 202 303 111 304 336 404 313
134 104 105 106 107 108 109 110 202 336 306 307 308 309 310 311 312 404
128 129 130 131 132 133 404 314 315 316 317 318 319 320 321 322 323 324 325 326 327 328 329 202 330 331 332 333 334 335 112 113 114 115 116 117 118 119 120 121 122 123 124 125 126 127
135 136 137 138 139 140 141 142 143 144 145 146 147 148 149 150 151 152 153 154 155 156 157 158 159 160 161 162 163 164 165 166 167 168 169 170 171 172 173 174 175 176 177 178 179 180 181 182 183 184 185 186 187 188 189 190 191 192 193 194 195 196 197 198 199 200 201 337 338 339 340 341 342 343 344 345 346 347 348 349 350 351 352 353 354 355 356 357 358 359 360 361 362 363 364 365 366 367 368 369 370 371 372 373 374 375 376 377 378 379 380 381 382 383 384 385 386 387 388 389 390 391 392 393 394 395 396 397 398 399 400 401 402 403
2 4 9 11 406 24 408 26 413 415 31 33 428 430 435 437 69 71 76 78 473 91 475 93 480 98 482 100 495 497 502 504
1 3 8 10 405 23 407 25 412 30 414 32 427 429 434 436 68 70 75 77 472 90 474 92 479 97 481 99 494 496 501 503
2 6 9 13 406 24 410 28 413 31 417 35 428 432 435 439 69 73 76 80 473 91 477 95 480 98 484 102 495 499 502 506
1 5 8 12 405 23 409 27 412 30 416 34 427 431 434 438 68 72 75 79 472 90 476 94 479 97 483 101 494 498 501 505
4 7 11 14 408 26 411 29 415 33 418 36 430 433 437 440 71 74 78 81 475 93 478 96 482 100 485 103 497 500 504 507
3 7 10 14 407 25 411 29 414 32 418 36 429 433 436 440 70 74 77 81 474 92 478 96 481 99 485 103 496 500 503 507
5 6 12 13 409 410 27 28 416 417 34 35 431 432 438 439 72 73 79 80 476 477 94 95 483 484 101 102 498 499 505 506
2 4 16 18 406 24 408 26 420 38 422 40 428 430 442 444 69 71 83 85 473 91 475 93 487 105 489 107 495 497 509 511
1 3 15 17 405 23 407 25 419 37 421 39 427 429 441 443 68 70 82 84 472 90 474 92 486 104 488 106 494 496 508 510
513 2 6 16 20 406 24 410 28 420 38 424 42 428 432 442 446 69 73 83 87 473 91 477 95 487 105 491 109 495 499 509
512 1 5 15 19 405 23 409 27 419 37 423 41 427 431 441 445 68 72 82 86 472 90 476 94 486 104 490 108 494 498 508
514 4 7 18 21 408 26 411 29 422 40 425 43 430 433 444 447 71 74 85 88 475 93 478 96 489 107 492 110 497 500 511
514 3 7 17 21 407 25 411 29 421 39 425 43 429 433 443 447 70 74 84 88 474 92 478 96 488 106 492 110 496 500 510
512 513 5 6 19 20 409 410 27 28 423 424 41 42 431 432 445 446 72 73 86 87 476 477 94 95 490 491 108 109 498 499
515 9 11 22 413 415 31 33 426 44 435 437 448 76 78 89 480 98 482 100 493 111 502 504
515 8 10 22 412 30 414 32 426 44 434 436 448 75 77 89 479 97 481 99 493 111 501 503
515 9 13 22 413 31 417 35 426 44 435 439 448 76 80 89 480 98 484 102 493 111 502 506
515 8 12 22 412 30 416 34 426 44 434 438 448 75 79 89 479 97 483 101 493 111 501 505
515 11 14 22 415 33 418 36 426 44 437 440 448 78 81 89 482 100 485 103 493 111 504 507
515 10 14 22 414 32 418 36 426 44 436 440 448 77 81 89 481 99 485 103 493 111 503 507
515 12 13 22 416 417 34 35 426 44 438 439 448 79 80 89 483 484 101 102 493 111 505 506
512 513 514 15 16 17 18 19 20 21 419 420 37 38 39 40 41 42 43 421 422 423 424 425 441 442 443 444 445 446 447 82 83 84 85 86 87 88 486 487 104 105 106 107 108 109 110 488 489 490 491 492 508 509 510 511
2 4 517 519 9 11 524 526 406 408 413 415 46 48 53 55 450 452 69 71 457 459 76 78 473 475 480 482 113 115 120 122
1 3 516 518 8 10 523 525 405 407 412 414 45 47 52 54 449 451 68 70 456 458 75 77 472 474 479 481 112 114 119 121
2 517 6 9 521 524 13 528 406 410 413 417 46 50 53 57 450 69 454 73 457 76 461 80 473 477 480 484 113 117 120 124
1 516 5 8 520 523 12 527 405 409 412 416 45 49 52 56 449 68 453 72 456 75 460 79 472 476 479 483 112 116 119 123
4 7 519 522 11 14 526 529 408 411 415 418 48 51 55 58 452 71 455 74 459 78 462 81 475 478 482 485 115 118 122 125
3 518 7 10 522 525 14 529 407 411 414 418 47 51 54 58 451 70 455 74 458 77 462 81 474 478 481 485 114 118 121 125
5 6 520 521 12 13 527 528 409 410 416 417 49 50 56 57 453 454 72 73 460 461 79 80 476 477 483 484 116 117 123 124
129 2 4 517 519 16 18 531 533 406 408 420 422 46 48 60 62 450 452 69 71 464 466 83 85 473 475 487 489 113 115 127
128 1 3 516 518 15 17 530 532 405 407 419 421 45 47 59 61 449 451 68 70 463 465 82 84 472 474 486 488 112 114 126
2 131 517 6 521 16 531 20 406 535 410 420 424 46 50 60 64 450 69 454 73 464 83 468 87 473 477 487 491 113 117 127
1 130 516 5 520 15 530 19 405 534 409 419 423 45 49 59 63 449 68 453 72 463 82 467 86 472 476 486 490 112 116 126
129 4 132 7 519 522 18 21 533 408 536 411 422 425 48 51 62 65 452 71 455 74 466 85 469 88 475 478 489 492 115 118
128 3 132 518 7 522 17 532 21 407 536 411 421 425 47 51 61 65 451 70 455 74 465 84 469 88 474 478 488 492 114 118
130 131 5 6 520 521 19 20 534 535 409 410 423 424 49 50 63 64 453 454 72 73 467 468 86 87 476 477 490 491 116 117
133 9 11 524 526 22 537 413 415 426 53 55 66 457 459 76 78 470 89 480 482 493 120 122
133 8 10 523 525 22 537 412 414 426 52 54 66 456 458 75 77 470 89 479 481 493 119 121
133 9 524 13 528 22 537 413 417 426 53 57 66 457 76 461 80 470 89 480 484 493 120 124
133 8 523 12 527 22 537 412 416 426 52 56 66 456 75 460 79 470 89 479 483 493 119 123
133 11 14 526 529 22 537 415 418 426 55 58 66 459 78 462 81 470 89 482 485 493 122 125
133 10 525 14 529 22 537 414 418 426 54 58 66 458 77 462 81 470 89 481 485 493 121 125
133 12 13 527 528 22 537 416 417 426 56 57 66 460 461 79 80 470 89 483 484 493 123 124
128 129 130 131 132 15 16 17 18 19 20 21 530 531 532 533 534 535 536 419 420 421 422 423 424 425 59 60 61 62 63 64 65 463 464 465 82 83 84 85 86 87 88 466 467 468 469 486 487 488 489 490 491 492 126 127
33 98 67 100 134 428 430 495 497 435 437 502 471 24 504 26 91 538 93 31
32 97 67 99 134 427 429 494 496 434 436 501 23 471 25 90 503 92 538 30
95 98 35 67 102 134 428 495 432 435 499 502 439 24 471 506 91 28 538 31
97 34 67 101 134 427 494 431 434 498 501 438 23 471 505 90 27 538 30 94
96 33 67 36 100 134 103 430 433 497 500 437 471 440 504 26 507 538 29 93
32 96 67 36 99 134 103 429 496 433 436 500 471 440 25 503 507 92 29 538
34 35 67 101 102 134 431 432 498 499 438 439 471 505 506 27 28 538 94 95
511 538 67 38 134 40 105 107 428 430 495 497 471 24 26 91 442 93 444 509
538 67 37 134 39 104 106 427 429 494 496 23 471 25 90 441 92 443 508 510
538 513 67 38 134 105 42 428 109 495 432 499 471 24 442 91 28 509 446 95
512 67 37 134 104 41 427 108 494 431 498 23 471 441 90 27 508 445 94 538
96 511 514 67 134 40 43 107 110 430 433 497 500 471 26 538 444 29 93 447
96 514 67 134 39 106 43 429 110 496 433 500 471 25 538 443 92 29 510 447
446 512 513 67 134 41 42 108 109 431 432 498 499 471 538 27 28 445 94 95
448 33 98 67 100 515 134 44 111 435 437 502 471 504 538 31
32 97 448 67 99 515 134 44 111 434 436 501 471 503 538 30
448 98 35 67 515 102 134 44 111 435 502 439 471 506 538 31
448 97 34 67 515 101 134 44 111 434 501 438 471 505 538 30
448 33 67 36 100 134 103 515 44 111 437 471 440 504 538 507
32 448 67 36 99 134 103 515 44 111 436 471 440 503 538 507
448 34 35 67 101 102 134 515 44 111 438 439 471 505 506 538
512 513 514 134 538 37 38 39 40 41 42 43 441 442 443 444 445 446 447 67 471 104 105 106 107 108 109 110 508 509 510 511
516 517 518 519 520 521 522 523 524 525 526 527 528 529 530 531 532 533 534 535 536 537 45 46 47 48 49 50 51 52 53 54 55 56 57 58 59 60 61 62 63 64 65 66 112 113 114 115 116 117 118 119 120 121 122 123 124 125 126 127 128 129 130 131 132 133 449 450 451 452 453 454 455 456 457 458 459 460 461 462 463 464 465 466 467 468 469 470
2 4 136 9 138 11 143 145 406 24 408 26 540 413 158 415 160 33 31 542 547 165 549 167 428 430 562 435 564 437 569 571
1 3 135 8 137 10 142 144 405 23 407 25 539 412 157 414 30 32 159 541 546 164 548 166 427 429 561 434 563 436 568 570
2 6 136 9 140 13 143 147 406 24 410 28 413 158 31 540 417 162 35 544 165 547 551 169 428 432 562 435 566 439 569 573
1 5 135 8 139 12 142 146 405 23 409 27 412 157 30 539 416 161 34 543 164 546 550 168 427 431 561 434 565 438 568 572
4 7 138 11 141 14 145 148 408 26 411 29 542 415 160 33 418 163 36 545 549 167 552 170 430 433 564 437 567 440 571 574
3 7 137 10 141 14 144 148 407 25 411 29 414 159 32 541 418 163 36 545 166 548 552 170 429 433 563 436 567 440 570 574
5 6 139 12 13 140 146 147 409 410 27 28 543 416 161 34 35 162 417 544 550 168 169 551 431 432 565 438 439 566 572 573
2 4 136 138 16 18 150 406 24 152 26 408 540 158 542 160 420 38 422 40 554 172 428 174 430 556 562 564 442 444 576 578
1 3 135 137 15 17 149 405 23 151 25 407 539 157 541 159 419 37 421 39 553 171 427 173 429 555 561 563 441 443 575 577
2 6 136 140 16 20 150 406 24 154 410 28 540 158 544 162 420 38 424 42 554 172 428 558 176 432 562 566 442 446 576 580
1 5 135 139 15 19 149 405 23 153 409 27 539 157 543 161 419 37 423 41 553 171 427 557 175 431 561 565 441 445 575 579
4 7 138 141 18 21 152 408 26 155 411 29 542 160 545 163 422 40 425 43 556 174 430 559 177 433 564 567 444 447 578 581
3 7 137 141 17 21 151 407 25 155 411 29 541 159 545 163 421 39 425 43 555 173 429 559 177 433 563 567 443 447 577 581
5 6 139 140 19 20 153 154 27 28 409 410 543 544 161 162 423 424 41 42 557 558 175 176 431 432 565 566 445 446 579 580
9 11 143 145 22 156 413 415 31 33 547 165 549 167 426 44 560 178 435 437 569 571 448 582
8 10 142 144 22 156 412 30 414 32 546 164 548 166 426 44 560 178 434 436 568 570 448 582
9 13 143 147 22 156 413 31 417 35 547 165 551 169 426 44 560 178 435 439 569 573 448 582
8 12 142 146 22 156 412 30 416 34 546 164 550 168 426 44 560 178 434 438 568 572 448 582
11 14 145 148 22 156 415 33 418 36 549 167 552 170 426 44 560 178 437 440 571 574 448 582
10 14 144 148 22 156 414 32 418 36 548 166 552 170 426 44 560 178 436 440 570 574 448 582
12 13 146 147 22 156 416 417 34 35 550 551 168 169 426 44 560 178 438 439 572 573 448 582
15 16 17 18 19 20 21 149 150 151 152 153 154 155 419 420 37 38 39 40 41 42 43 171 172 173 174 175 176 177 554 555 556 557 558 559 441 442 443 444 445 446 447 575 576 577 578 579 580 581 421 422 423 424 425 553
2 4 136 9 138 11 143 145 406 408 540 413 542 415 547 549 46 48 180 53 182 55 187 189 450 452 584 457 586 459 591 593
1 3 135 8 137 10 142 144 405 407 539 412 541 414 546 548 45 47 179 52 181 54 186 188 449 451 583 456 585 458 590 592
2 6 136 9 140 13 143 147 406 410 540 413 544 417 547 551 46 50 180 53 184 57 187 191 450 454 584 457 588 461 591 595
1 5 135 8 139 12 142 146 405 409 539 412 543 416 546 550 45 49 179 52 183 56 186 190 449 453 583 456 587 460 590 594
4 7 138 11 141 14 145 148 408 411 542 415 545 418 549 552 48 51 182 55 185 58 189 192 452 455 586 459 589 462 593 596
3 7 137 10 141 14 144 148 407 411 541 414 545 418 548 552 47 51 181 54 185 58 188 192 451 455 585 458 589 462 592 596
5 6 139 12 13 140 146 147 409 410 543 416 417 544 550 551 49 50 183 56 57 184 190 191 453 454 587 460 461 588 594 595
2 4 136 138 16 18 150 406 152 408 540 542 420 422 554 556 46 48 180 182 60 62 194 450 196 452 584 586 464 466 598 600
1 3 135 137 15 17 149 405 151 407 539 541 419 421 553 555 45 47 179 181 59 61 193 449 195 451 583 585 463 465 597 599
2 6 136 140 16 20 150 406 154 410 540 544 420 424 554 46 558 50 180 184 60 64 194 450 198 454 584 588 464 468 598 602
1 5 135 139 15 19 149 405 153 409 539 543 419 423 553 45 557 49 179 183 59 63 193 449 197 453 583 587 463 467 597 601
4 7 138 141 18 21 152 408 155 411 542 545 422 425 556 559 48 51 182 185 62 65 196 452 199 455 586 589 466 469 600 603
3 7 137 141 17 21 151 407 155 411 541 545 421 425 555 47 559 51 181 185 61 65 195 451 199 455 585 589 465 469 599 603
5 6 139 140 19 20 153 154 409 410 543 544 423 424 557 558 49 50 183 184 63 64 197 198 453 454 587 588 467 468 601 602
9 11 143 145 22 156 413 415 547 549 426 560 53 55 187 189 66 200 457 459 591 593 470 604
8 10 142 144 22 156 412 414 546 548 426 560 52 54 186 188 66 200 456 458 590 592 470 604
9 13 143 147 22 156 413 417 547 551 426 560 53 57 187 191 66 200 457 461 591 595 470 604
8 12 142 146 22 156 412 416 546 550 426 560 52 56 186 190 66 200 456 460 590 594 470 604
11 14 145 148 22 156 415 418 549 552 426 560 55 58 189 192 66 200 459 462 593 596 470 604
10 14 144 148 22 156 414 418 548 552 426 560 54 58 188 192 66 200 458 462 592 596 470 604
12 13 146 147 22 156 416 417 550 551 426 560 56 57 190 191 66 200 460 461 594 595 470 604
15 16 17 18 19 20 21 149 150 151 152 154 155 153 419 420 421 422 423 424 425 553 554 555 556 557 558 559 59 60 61 62 63 64 65 193 194 195 196 197 198 199 463 464 465 466 467 468 469 597 598 599 600 601 602 603
160 33 67 165 167 201 428 430 562 435 564 437 471 24 569 26 571 605 158 31
32 605 67 164 166 201 427 429 561 434 563 436 23 471 25 568 570 157 30 159
605 162 35 67 165 169 201 428 432 562 435 566 439 24 471 569 28 573 158 31
161 34 67 164 168 201 427 431 561 434 565 438 23 471 568 27 572 157 30 605
160 33 67 36 163 167 201 170 430 433 564 437 471 440 567 26 571 29 574 605
32 605 67 36 163 166 201 170 429 433 563 436 471 440 25 567 570 29 574 159
161 34 35 67 162 168 169 201 431 432 565 438 439 471 566 27 28 572 573 605
160 576 578 67 38 40 201 172 428 174 430 562 564 471 24 26 442 444 605 158
575 577 67 37 39 201 171 427 173 429 561 563 23 471 25 441 443 157 605 159
576 162 67 580 38 201 42 172 428 176 432 562 566 471 24 442 28 605 158 446
605 161 67 579 37 41 201 171 427 175 431 561 565 23 471 441 27 157 445 575
160 578 67 163 581 40 201 43 174 430 177 433 564 471 567 26 444 29 605 447
447 577 67 163 581 39 201 43 173 429 177 433 563 471 567 25 443 29 605 159
161 162 67 579 580 41 42 201 175 176 431 432 565 566 471 27 28 445 446 605
448 33 67 165 582 167 201 44 178 435 437 471 569 571 605 31
32 448 67 164 166 582 201 44 178 434 436 471 568 570 605 30
448 35 67 165 582 169 201 44 178 435 439 471 569 573 605 31
448 34 67 164 582 168 201 44 178 434 438 471 568 572 605 30
448 33 67 36 582 167 201 170 44 178 437 471 440 571 605 574
32 448 67 36 166 582 201 170 44 178 436 471 440 570 605 574
448 34 35 67 582 168 169 201 44 178 438 439 471 572 573 605
37 38 39 40 41 42 43 171 172 173 174 175 176 177 441 442 443 444 445 446 447 575 576 577 67 578 579 580 581 201 471 605
45 46 47 48 49 50 51 52 53 54 55 56 57 58 59 60 61 62 63 64 65 66 583 584 585 586 587 588 589 590 591 592 593 594 595 596 597 598 599 600 601 602 603 604 179 180 181 182 183 184 185 186 187 188 189 190 191 192 193 194 195 196 197 198 199 200 449 450 451 452 453 454 455 456 457 458 459 460 461 462 463 464 465 466 467 468 469 470
480 98 482 100 69 71 202 76 78 495 497 502 504 473 91 475 93 606
97 481 99 68 70 202 75 77 494 496 501 503 472 90 474 92 606 479
480 98 484 69 102 73 202 76 495 80 499 502 473 506 91 477 606 95
606 97 483 68 101 72 202 75 494 79 498 501 472 505 90 476 94 479
96 482 100 485 71 103 74 202 78 81 497 500 504 475 507 93 478 606
96 481 99 485 70 103 74 202 77 496 81 500 503 474 507 92 478 606
606 483 484 101 102 72 73 202 79 80 498 499 505 506 476 477 94 95
606 69 71 487 105 202 107 489 495 497 83 85 473 91 475 93 509 511
68 70 486 104 488 106 202 494 496 82 84 472 90 474 92 508 510 606
606 513 69 487 73 105 202 491 109 495 83 499 87 473 91 477 509 95
512 68 486 72 104 202 490 108 494 82 498 86 472 90 476 508 94 606
96 606 514 71 489 74 107 202 492 110 497 500 85 88 475 93 478 511
96 606 514 70 488 74 106 202 492 110 496 84 500 88 474 92 478 510
512 513 606 72 73 202 490 108 109 491 498 499 86 87 476 477 94 95
480 98 482 100 515 202 76 493 78 111 502 504 89 606
97 481 99 515 202 75 77 493 111 501 503 89 606 479
480 98 515 484 102 202 76 493 111 80 502 89 506 606
97 483 515 101 202 75 493 111 79 501 89 505 606 479
482 515 100 485 103 202 493 78 111 81 504 89 507 606
481 99 515 485 103 202 77 493 111 81 503 89 507 606
483 484 101 102 515 202 493 111 80 79 89 505 506 606
512 513 514 202 82 83 84 85 86 87 88 606 486 487 104 105 490 491 106 107 108 109 110 488 489 492 508 509 510 511
480 482 69 517 71 519 202 76 524 78 526 113 115 120 473 122 475 606
481 68 516 70 518 202 75 523 77 525 112 114 119 472 121 474 606 479
480 484 69 517 73 202 521 76 524 80 113 528 117 120 473 124 477 606
483 68 516 72 520 202 75 523 79 112 527 116 119 472 123 476 606 479
482 485 71 519 74 202 522 78 526 81 529 115 118 122 475 125 478 606
481 485 70 518 74 202 522 77 525 81 114 529 118 121 474 125 478 606
483 484 72 73 202 520 521 79 80 527 528 116 117 123 124 476 477 606
129 69 517 71 487 489 202 519 113 83 115 85 531 533 473 475 606 127
128 68 516 70 486 488 518 202 112 82 114 84 530 532 472 474 126 606
131 69 517 487 73 202 491 521 113 83 531 117 87 535 473 477 606 127
130 68 516 486 72 520 202 490 112 82 530 116 86 534 472 476 126 606
129 132 71 519 489 74 202 492 522 115 85 118 533 88 536 475 478 606
128 132 70 518 488 74 202 492 522 114 84 532 118 88 536 474 478 606
130 131 72 73 202 490 491 520 521 116 117 86 87 534 535 476 477 606
480 482 133 202 76 493 78 524 526 120 89 122 537 606
481 133 202 75 523 77 493 525 119 89 121 537 606 479
480 484 133 202 76 493 524 80 528 120 89 537 124 606
483 133 202 75 523 493 79 527 119 89 537 123 606 479
482 133 485 202 493 78 526 81 529 89 122 537 125 606
481 133 485 202 77 493 525 81 529 89 121 537 125 606
483 484 133 202 493 79 80 527 528 89 537 123 124 606
128 129 130 131 132 530 531 532 533 534 535 536 202 82 83 84 85 86 87 88 606 486 487 488 489 490 491 492 126 127
98 100 134 202 495 497 502 504 538 91 93 606
97 99 134 202 494 496 501 503 90 538 92 606
98 134 102 202 495 499 502 506 91 538 606 95
97 101 134 202 494 498 501 505 90 538 94 606
96 100 134 103 202 497 500 504 538 507 93 606
96 99 134 103 202 496 500 503 538 507 92 606
606 101 102 134 202 498 499 505 506 538 94 95
606 134 105 202 107 495 497 538 91 93 509 511
134 104 106 202 494 496 90 538 92 508 510 606
513 134 105 202 109 495 499 538 91 509 606 95
512 134 104 202 108 494 498 90 538 508 94 606
96 514 134 202 107 110 497 500 538 93 606 511
96 514 134 106 202 110 496 500 538 92 510 606
512 513 606 134 202 108 109 498 499 538 94 95
98 515 100 134 202 111 502 504 538 606
97 99 515 134 202 111 501 503 538 606
98 515 134 102 202 111 502 506 538 606
97 515 101 134 202 111 501 505 538 606
515 100 134 103 202 111 504 538 507 606
99 515 134 103 202 111 503 538 507 606
515 101 134 102 202 111 505 506 538 606
512 513 514 606 134 104 105 106 107 108 109 110 202 538 508 509 510 511
128 129 130 131 132 133 516 517 518 519 520 521 522 523 524 525 526 527 528 529 530 531 532 533 534 535 536 537 202 606 112 113 114 115 116 117 118 119 120 121 122 123 124 125 126 127
539 540 541 542 543 544 545 546 547 548 549 550 551 552 553 554 555 556 557 558 559 560 561 562 563 564 565 566 567 568 569 570 571 572 573 574 575 576 577 578 579 580 581 582 583 584 585 586 587 588 589 590 591 592 593 594 595 596 597 598 599 600 601 602 603 604 605 135 136 137 138 139 140 141 142 143 144 145 146 147 148 149 150 151 152 153 154 155 156 157 158 159 160 161 162 163 164 165 166 167 168 169 170 171 172 173 174 175 176 177 178 179 180 181 182 183 184 185 186 187 188 189 190 191 192 193 194 195 196 197 198 199 200 201
226 228 293 295 233 235 204 300 206 271 302 273 211 213 278 280 607
225 227 292 294 232 234 203 299 205 270 301 272 210 212 277 279 607
226 293 230 233 297 204 237 300 271 208 304 211 275 278 215 282 607
225 292 229 232 296 203 236 299 270 207 303 210 274 277 214 281 607
228 231 295 298 235 206 238 302 209 273 305 276 213 216 280 283 607
227 294 231 234 298 205 238 301 272 209 305 212 276 279 216 283 607
229 230 296 297 236 237 207 208 303 274 275 304 214 215 281 282 607
607 226 228 293 295 204 206 271 240 273 242 307 309 218 220 285 287
225 227 292 294 203 205 270 239 272 241 306 308 217 219 284 286 607
289 226 293 230 297 204 271 208 240 275 244 307 311 218 285 222 607
288 225 292 229 296 203 270 207 239 274 243 306 310 217 284 221 607
287 607 290 228 231 295 298 206 209 242 273 276 245 309 312 220 223
607 290 227 294 231 298 205 272 209 241 276 245 308 312 219 286 223
288 289 229 230 296 297 207 208 274 243 244 275 310 311 221 222 607
224 291 233 235 300 302 211 213 246 278 280 313 607
224 291 232 234 299 301 210 212 277 246 279 313 607
224 291 233 300 237 304 211 246 215 278 313 282 607
224 291 232 299 236 303 210 277 214 246 281 313 607
224 291 235 238 302 305 213 246 216 280 313 283 607
224 291 234 301 238 305 212 246 279 216 313 283 607
224 291 236 237 303 304 246 214 215 281 282 313 607
284 285 286 287 288 289 290 306 307 308 309 310 311 312 217 218 219 220 221 222 223 607 239 240 241 242 243 244 245
607 257 322 324 204 206 271 273 211 213 278 248 280 250 315 317 255
256 321 323 203 205 270 272 210 212 277 247 279 249 314 316 254 607
319 607 322 259 326 204 271 208 211 275 278 215 248 282 315 252 255
607 321 258 325 203 270 207 210 274 277 214 247 281 314 251 254 318
320 257 260 324 327 206 209 273 276 213 216 280 250 283 253 317 607
256 320 323 260 327 205 272 209 212 276 279 216 249 283 316 253 607
607 258 259 325 326 207 208 274 275 214 215 281 282 251 252 318 319
317 607 262 264 329 331 204 206 271 273 248 218 250 220 285 315 287
607 261 263 328 330 203 205 270 272 247 217 249 219 284 314 286 316
607 289 262 329 266 204 333 271 208 275 248 218 315 252 285 222 319
288 261 328 265 203 332 270 207 274 247 217 314 251 284 221 318 607
287 320 290 607 264 267 331 206 334 209 273 276 250 220 253 317 223
320 607 290 263 330 267 205 334 272 209 276 249 219 316 253 286 223
288 289 319 607 265 266 332 333 207 208 274 275 251 252 221 222 318
224 257 322 291 324 607 268 335 211 213 278 280 255
224 256 321 291 323 268 335 210 212 277 279 254 607
224 607 322 259 291 326 268 335 211 278 215 282 255
224 321 258 291 325 268 335 210 277 214 281 254 607
224 257 291 260 324 327 268 335 213 216 280 283 607
224 256 291 260 323 327 268 335 212 279 216 283 607
224 258 259 291 325 326 268 335 214 215 281 282 607
261 262 263 264 265 266 267 284 285 286 287 288 289 290 328 329 330 331 332 333 334 217 218 219 220 221 222 223 607
226 228 293 295 233 235 300 269 302 336 607
225 227 292 294 232 234 299 269 301 336 607
226 293 230 233 297 300 237 269 304 336 607
225 292 229 232 296 299 236 269 303 336 607
228 295 231 298 235 269 238 302 336 305 607
227 294 231 234 298 269 238 301 336 305 607
229 230 296 297 236 269 237 303 304 336 607
226 228 293 295 269 240 336 242 307 309 607
225 227 292 294 269 239 336 241 306 308 607
226 293 230 297 269 240 336 307 244 311 607
225 292 229 296 269 239 336 306 243 310 607
228 295 231 298 269 336 242 245 309 312 607
227 294 231 298 269 336 241 308 245 312 607
229 230 296 297 269 336 243 244 310 311 607
233 235 300 269 302 336 246 313 607
232 234 299 269 301 336 246 313 607
233 300 237 269 304 336 246 313 607
232 299 236 269 303 336 246 313 607
235 269 302 238 336 305 246 313 607
234 301 269 238 336 305 246 313 607
236 237 269 303 304 336 246 313 607
269 239 240 241 242 243 244 245 306 307 308 309 310 311 312 336 607
256 257 258 259 260 261 262 263 264 265 266 267 268 314 315 316 317 318 319 320 321 322 323 324 325 326 327 328 329 330 331 332 333 334 335 607 247 248 249 250 251 252 253 254 255
226 228 360 233 362 235 204 206 367 369 338 211 340 213 345 347 607
225 227 359 232 361 234 203 205 366 368 337 210 339 212 344 346 607
226 230 360 233 204 237 364 367 208 338 211 371 342 215 345 349 607
225 229 359 232 203 236 363 366 207 337 210 370 341 214 344 348 607
228 231 362 235 365 206 238 209 369 340 213 372 343 216 347 350 607
227 231 361 234 205 238 365 368 209 339 212 372 343 216 346 350 607
229 230 363 236 237 364 207 208 370 371 341 214 215 342 348 349 607
352 226 354 228 360 362 204 206 240 242 338 340 374 376 218 220 607
607 225 353 227 359 361 203 205 239 241 337 339 373 375 217 219 351
352 226 356 230 360 204 364 208 240 338 244 342 374 218 378 222 607
607 225 355 229 359 203 363 207 239 337 243 341 373 217 377 221 351
607 354 228 357 231 362 365 206 209 242 340 245 343 376 379 220 223
607 353 227 357 231 361 205 365 209 241 339 245 343 375 219 379 223
355 356 229 230 363 364 207 208 243 244 341 342 377 378 221 222 607
224 358 233 235 367 369 211 213 246 345 347 380 607
224 358 232 234 366 368 210 212 246 344 346 380 607
224 358 233 237 367 211 371 246 215 345 380 349 607
224 358 232 236 366 210 370 214 246 344 348 380 607
224 358 235 238 369 372 213 246 216 347 380 350 607
224 358 234 238 368 212 372 246 216 346 380 350 607
224 358 236 237 370 371 246 214 215 348 349 380 607
217 218 219 220 221 222 351 352 353 354 355 356 357 223 607 239 240 241 242 243 244 245 373 374 375 376 377 378 379
384 257 607 389 391 204 206 338 211 340 213 248 345 250 347 382 255
256 607 388 390 203 205 337 210 339 212 247 344 249 346 381 254 383
607 386 259 389 393 204 208 338 211 342 215 248 345 252 349 382 255
385 258 388 392 203 207 337 210 341 214 247 344 251 348 381 254 607
384 257 387 260 391 394 206 209 340 213 343 216 250 347 253 350 607
256 607 387 260 390 394 205 209 339 212 343 216 249 346 253 350 383
385 258 259 386 392 393 207 208 341 214 215 342 251 252 348 349 607
352 384 354 262 264 204 396 206 398 338 340 248 218 250 220 382 607
383 353 607 261 263 203 395 205 397 337 339 247 217 249 219 381 351
352 607 386 356 262 266 204 396 208 400 338 342 248 218 252 222 382
607 385 355 261 265 203 395 207 399 337 341 247 217 251 221 381 351
384 607 354 387 357 264 267 206 398 209 401 340 343 250 220 253 223
383 353 607 387 357 263 267 205 397 209 401 339 343 249 219 253 223
385 386 355 356 265 266 207 208 399 400 341 342 251 252 221 222 607
224 257 607 389 358 391 268 402 211 213 345 347 255
224 256 388 358 390 268 210 402 212 344 346 254 607
224 607 259 389 358 393 268 402 211 215 345 349 255
224 258 388 358 392 268 210 402 214 344 348 254 607
224 257 260 358 391 394 268 402 213 216 347 350 607
224 256 260 358 390 394 268 402 212 216 346 350 607
224 258 259 358 392 393 268 402 214 215 348 349 607
261 262 263 264 265 266 267 395 396 397 398 399 400 401 217 218 219 220 221 222 351 352 353 354 355 356 357 223 607
226 228 360 233 362 235 269 367 369 403 607
225 227 359 232 361 234 269 366 368 403 607
226 230 360 233 364 237 269 367 371 403 607
225 229 359 232 363 236 269 366 370 403 607
228 231 362 235 269 238 365 369 403 372 607
227 231 361 234 269 238 365 368 403 372 607
229 230 363 236 269 237 364 370 371 403 607
226 228 360 362 269 240 242 403 374 376 607
225 227 359 361 269 239 241 403 373 375 607
226 230 360 364 269 240 403 244 374 378 607
225 229 359 363 269 239 243 403 373 377 607
228 231 362 269 365 242 403 245 376 379 607
227 231 361 269 365 241 403 245 375 379 607
229 230 363 364 269 243 244 403 377 378 607
233 235 269 367 369 403 246 380 607
232 234 269 366 368 403 246 380 607
233 237 269 367 371 403 246 380 607
232 236 269 366 370 403 246 380 607
235 269 238 369 403 372 246 380 607
234 269 238 368 403 372 246 380 607
236 237 269 370 371 403 246 380 607
403 269 239 240 241 242 243 244 245 373 374 375 376 377 378 379 607
256 257 258 259 260 261 262 263 264 265 266 267 268 382 383 384 391 392 385 394 395 396 397 386 399 400 401 402 387 388 389 390 393 398 607 381 247 248 249 250 251 252 253 254 255
293 295 300 302 271 273 404 278 280 607
292 294 299 301 270 272 404 277 279 607
293 297 300 271 304 275 404 278 282 607
292 296 299 270 303 274 404 277 281 607
295 298 302 273 305 276 404 280 283 607
294 298 301 272 305 276 404 279 283 607
296 297 303 304 274 275 404 281 282 607
607 293 295 271 273 307 404 309 285 287
292 294 270 272 306 308 404 284 286 607
289 293 297 271 275 307 404 311 285 607
288 292 296 270 274 306 404 310 284 607
607 290 295 298 273 276 309 404 312 287
290 294 298 272 276 308 404 312 286 607
288 289 296 297 274 275 404 310 311 607
291 300 302 404 278 280 313 607
291 299 301 404 277 279 313 607
291 300 304 404 278 313 282 607
291 299 303 404 277 281 313 607
291 302 305 404 280 313 283 607
291 301 305 404 279 313 283 607
291 303 304 404 281 282 313 607
288 289 290 607 306 307 308 309 310 311 312 404 284 285 286 287
322 324 271 273 404 278 280 315 317 607
321 323 270 272 404 277 279 314 316 607
607 322 326 271 275 404 278 282 315 319
321 325 270 274 404 277 281 314 318 607
320 324 327 273 276 404 280 283 317 607
320 323 327 272 276 404 279 283 316 607
607 325 326 274 275 404 281 282 318 319
607 329 331 271 273 404 315 285 317 287
328 330 270 272 404 314 284 316 286 607
607 289 329 333 271 275 404 315 285 319
288 328 332 270 274 404 314 284 318 607
320 607 290 331 334 273 276 404 317 287
320 290 330 334 272 276 404 316 286 607
288 289 607 332 333 274 275 404 318 319
322 291 324 335 404 278 280 607
321 291 323 335 404 277 279 607
322 291 326 335 404 278 282 607
321 291 325 335 404 277 281 607
291 324 327 335 404 280 283 607
291 323 327 335 404 279 283 607
291 325 326 335 404 281 282 607
288 289 290 607 328 329 330 331 332 333 334 404 284 285 286 287
293 295 300 302 336 404 607
292 294 299 301 336 404 607
293 297 300 304 336 404 607
292 296 299 303 336 404 607
295 298 302 336 305 404 607
294 298 301 336 305 404 607
296 297 303 304 336 404 607
293 295 336 307 404 309 607
292 294 336 306 308 404 607
293 297 336 307 404 311 607
292 296 336 306 404 310 607
295 298 336 404 309 312 607
294 298 336 308 404 312 607
296 297 336 404 310 311 607
300 302 336 404 313 607
299 301 336 404 313 607
300 304 336 404 313 607
299 303 336 404 313 607
302 336 305 404 313 607
301 336 305 404 313 607
303 304 336 404 313 607
336 306 307 308 309 310 311 312 404 607
404 314 315 316 317 318 319 320 321 322 323 324 325 326 327 328 329 330 331 332 333 334 335 607
384 385 386 387 388 389 390 391 392 393 394 395 396 397 398 399 400 401 402 403 607 337 338 339 340 341 342 343 344 345 346 347 348 349 350 351 352 353 354 355 356 357 358 359 360 361 362 363 364 365 366 367 368 369 370 371 372 373 374 375 376 377 378 379 380 381 382 383
512 513 514 515 516 517 518 519 520 521 522 523 524 525 526 527 528 529 530 531 532 533 534 535 536 537 538 539 540 541 542 543 544 545 546 547 548 549 550 551 552 553 554 555 556 557 558 559 560 561 562 563 564 565 566 567 568 569 570 571 572 573 574 575 576 577 578 579 580 581 582 583 584 585 586 587 588 589 590 591 592 593 594 595 596 597 598 599 600 601 602 603 604 605 606 405 406 407 408 409 410 411 412 413 414 415 416 417 418 419 420 421 422 423 424 425 426 427 428 429 430 431 432 433 434 435 436 437 438 439 440 441 442 443 444 445 446 447 448 449 450 451 452 453 454 455 456 457 458 459 460 461 462 463 464 465 466 467 468 469 470 471 472 473 474 475 476 477 478 479 480 481 482 483 484 485 486 487 488 489 490 491 492 493 494 495 496 497 498 499 500 501 502 503 504 505 506 507 508 509 510 511
