52 201
16 2 4 14
1 3 13 15
2 6 10 14 18 22
1 5 10 13 17 22
4 8 11 16 20 23
3 7 11 15 19 23
6 9 12 18 21 24
5 9 12 17 21 24
7 8 10 11 12 19 20 22 23 24
3 4 9 11 12 15 16 21 23 24
5 6 9 10 12 17 18 21 22 24
7 8 9 10 11 19 20 21 22 23
2 26 4 28 50
1 25 3 27 50
2 34 6 10 50 26 30
1 34 5 10 50 25 29
32 35 4 8 11 50 28
3 35 7 11 50 27 31
33 36 6 9 12 50 30
33 36 5 9 12 50 29
32 34 35 36 7 8 10 11 12 50 31
33 3 4 35 36 9 11 12 50 27 28
33 34 36 5 6 9 10 12 50 29 30
32 33 34 35 7 8 9 10 11 50 31
16 40 51 14 38
39 51 13 37 15
38 42 46 14 18 51 22
37 41 13 46 17 51 22
40 44 47 16 51 20 23
39 43 47 15 19 51 23
42 45 48 18 51 21 24
41 45 48 17 51 21 24
43 44 46 47 48 19 20 51 22 23 24
39 40 45 15 16 47 48 51 21 23 24
41 42 45 46 48 17 18 51 21 22 24
43 44 45 46 47 19 20 21 22 23 51
49 26 28 52
25 49 27 52
49 26 34 52 30
25 34 49 52 29
32 49 35 28 52
49 27 35 52 31
33 49 36 52 30
33 49 36 29 52
32 34 35 36 49 52 31
33 35 36 49 52 27 28
33 34 36 49 52 29 30
32 33 34 35 49 52 31
37 38 39 40 41 42 43 44 45 46 47 48 50 51 52
13 14 15 16 17 18 19 20 21 22 23 24 49 51 52
32 33 34 35 36 49 50 52 25 26 27 28 29 30 31
37 38 39 40 41 42 43 44 45 46 47 48 49 50 51
