149 541
2 4 39 41 11 13 48 50
1 3 38 40 10 12 47 49
2 6 39 11 43 15 48 52
1 5 38 10 42 14 47 51
4 8 41 13 45 17 50 54
3 7 40 12 44 16 49 53
6 9 43 46 15 18 52 55
5 9 42 14 46 18 51 55
7 8 44 45 16 17 53 54
2 4 39 41 20 22 57 59
1 3 38 40 19 21 56 58
2 6 39 43 20 24 57 61
1 5 38 42 19 23 56 60
4 8 41 45 22 26 59 63
3 7 40 44 21 25 58 62
64 6 9 43 46 24 27 61
64 5 9 42 46 23 27 60
7 8 44 45 25 26 62 63
66 68 11 13 48 50 29 31
65 67 10 12 47 49 28 30
33 66 70 11 15 48 52 29
32 65 69 10 14 47 51 28
35 68 72 13 17 50 54 31
34 67 71 12 16 49 53 30
33 36 70 73 15 18 52 55
32 36 69 73 14 18 51 55
34 35 71 72 16 17 53 54
37 74 20 22 57 59
37 74 19 21 56 58
37 74 20 24 57 61
37 74 19 23 56 60
37 74 22 26 59 63
37 74 21 25 58 62
64 37 74 24 27 61
64 37 74 23 27 60
37 74 25 26 62 63
32 33 34 35 36 65 66 67 68 69 70 71 72 73 28 29 30 31
2 4 11 76 13 78 85 87
1 3 10 75 12 77 84 86
2 6 11 76 15 80 85 89
1 5 10 75 14 79 84 88
4 8 13 78 17 82 87 91
3 7 12 77 16 81 86 90
6 9 15 80 18 83 89 92
5 9 14 79 18 83 88 92
7 8 16 17 81 82 90 91
96 2 4 76 78 20 22 94
1 3 75 77 19 21 93 95
2 98 6 76 80 20 24 94
1 97 5 75 79 19 23 93
96 4 100 8 78 82 22 26
3 99 7 77 81 21 25 95
98 101 6 9 80 83 24 27
97 5 101 9 79 83 23 27
99 100 7 8 81 82 25 26
103 105 11 13 85 87 29 31
102 104 10 12 84 86 28 30
33 103 11 107 15 85 89 29
32 102 10 106 14 84 88 28
35 105 13 109 17 87 91 31
34 104 12 108 16 86 90 30
33 36 107 110 15 18 89 92
32 36 106 14 110 18 88 92
34 35 108 109 16 17 90 91
96 37 111 20 22 94
37 111 19 21 93 95
98 37 111 20 24 94
97 37 111 19 23 93
96 100 37 111 22 26
99 37 111 21 25 95
98 37 101 111 24 27
97 37 101 111 23 27
99 100 37 111 25 26
32 33 34 35 36 102 103 104 105 106 107 108 109 110 28 29 30 31
39 41 48 113 50 115 122 124
38 40 47 112 49 114 121 123
39 43 48 113 52 117 122 126
38 42 47 112 51 116 121 125
128 41 45 50 115 54 119 124
40 44 49 114 53 118 123 127
129 43 46 52 117 55 120 126
129 42 46 51 116 55 120 125
128 44 45 53 118 119 54 127
131 133 39 41 113 115 57 59
130 132 38 40 112 114 56 58
131 39 135 43 113 117 57 61
130 38 134 42 112 116 56 60
133 41 137 45 115 119 59 63
132 40 136 44 114 118 58 62
64 135 138 43 46 117 120 61
64 134 42 138 46 116 120 60
136 137 44 45 118 119 62 63
66 68 140 142 48 50 122 124
65 67 139 141 47 49 121 123
66 70 140 48 144 52 122 126
65 69 139 47 143 51 121 125
128 68 72 142 50 146 54 124
67 71 141 49 145 53 123 127
129 70 73 144 147 52 55 126
129 69 73 143 51 147 55 125
128 71 72 145 146 53 54 127
131 133 74 148 57 59
130 132 74 148 56 58
131 135 74 148 57 61
130 134 74 148 56 60
133 137 74 148 59 63
132 136 74 148 58 62
64 135 74 138 148 61
64 134 74 138 148 60
136 137 74 148 62 63
65 66 67 68 69 70 71 72 73 139 140 141 142 143 144 145 146 147
149 76 85 78 87
75 84 77 86 149
80 89 76 85 149
88 75 84 149 79
82 91 149 78 87
81 90 77 86 149
80 89 83 92 149
88 83 92 149 79
81 82 90 91 149
96 76 149 78 94
149 75 77 93 95
80 98 76 149 94
97 75 93 149 79
96 82 100 149 78
81 99 77 149 95
80 98 83 101 149
97 83 101 149 79
81 82 99 100 149
103 105 85 149 87
104 84 149 86 102
89 107 85 149 103
88 106 84 149 102
105 91 109 149 87
104 90 108 149 86
89 107 92 149 110
88 106 92 149 110
90 91 108 109 149
96 149 94 111
111 93 149 95
98 149 94 111
97 93 149 111
96 100 149 111
111 99 149 95
98 101 149 111
97 101 149 111
99 100 149 111
102 103 104 105 106 107 108 109 110 149
128 129 130 131 132 133 134 135 136 137 138 139 140 141 142 143 144 145 146 147 148 112 113 114 115 116 117 118 119 120 121 122 123 124 125 126 127
