405 3524
97 2 99 4 17 82 19 84
96 1 98 3 16 81 18 83
97 2 101 6 107 12 17 82 21 86 27 92
96 1 100 5 107 12 16 81 20 85 27 92
99 4 103 8 108 13 19 84 23 88 28 93
98 3 102 7 108 13 18 83 22 87 28 93
101 6 105 10 109 14 21 86 25 90 29 94
100 5 104 9 109 14 20 85 24 89 29 94
103 8 106 11 110 15 23 88 26 91 30 95
102 7 106 11 110 15 22 87 26 91 30 95
9 10 12 13 14 15 24 25 27 28 29 30 89 90 92 93 94 95 104 105 107 108 109 110
3 4 11 13 14 15 18 19 26 28 29 30 83 84 91 93 94 95 98 99 106 108 109 110
5 6 11 12 14 15 20 21 26 27 29 30 85 86 91 92 94 95 100 101 106 107 109 110
7 8 11 12 13 15 22 23 26 27 28 30 87 88 91 92 93 95 102 103 106 107 108 110
9 10 11 12 13 14 24 25 26 27 28 29 89 90 91 92 93 94 104 105 106 107 108 109
32 2 34 4 77 112 82 114 84 157
1 33 3 77 111 81 113 83 157 31
32 2 36 6 42 12 77 112 82 116 86 122 92 157
1 35 5 42 12 77 111 81 115 85 122 92 157 31
34 4 38 8 43 13 77 114 84 118 88 123 93 157
33 3 37 7 43 13 77 113 83 117 87 123 93 157
36 6 40 10 44 77 14 116 86 120 90 124 157 94
35 5 39 9 44 77 14 115 85 119 89 124 157 94
38 8 41 11 45 77 15 118 88 121 91 125 157 95
37 7 41 11 45 77 15 117 87 121 91 125 157 95
9 10 12 13 14 15 157 39 40 42 43 44 45 77 89 90 92 93 94 95 119 120 122 123 124 125
3 4 11 13 14 15 157 33 34 41 43 44 45 77 83 84 91 93 94 95 113 114 121 123 124 125
5 6 11 12 14 15 157 35 36 41 42 44 45 77 85 86 91 92 94 95 115 116 121 122 124 125
7 8 11 12 13 15 157 37 38 41 42 43 45 77 87 88 91 92 93 95 117 118 121 122 123 125
9 10 11 12 13 14 157 39 40 41 42 43 44 77 89 90 91 92 93 94 119 120 121 122 123 124
97 129 99 78 47 17 49 19 158 127
96 128 98 46 78 16 48 18 126 158
97 131 101 137 107 78 47 17 51 21 57 27 158 127
96 130 100 137 107 46 78 16 50 20 57 27 126 158
129 99 133 103 138 108 78 49 19 53 23 58 28 158
128 98 132 102 138 108 78 48 18 52 22 58 28 158
131 101 135 105 139 109 78 51 21 55 25 59 29 158
130 100 134 104 139 109 78 50 20 54 24 59 29 158
133 103 136 106 140 78 110 53 23 56 26 60 30 158
132 102 136 106 140 78 110 52 22 56 26 60 30 158
134 135 137 138 139 140 24 25 27 28 29 30 158 54 55 57 58 59 60 78 104 105 107 108 109 110
128 129 136 138 139 140 18 19 26 28 29 30 158 48 49 56 58 59 60 78 98 99 106 108 109 110
130 131 136 137 139 140 20 21 26 27 29 30 158 50 51 56 57 59 60 78 100 101 106 107 109 110
132 133 136 137 138 140 22 23 26 27 28 30 158 52 53 56 57 58 60 78 102 103 106 107 108 110
134 135 136 137 138 139 24 25 26 27 28 29 158 54 55 56 57 58 59 78 104 105 106 107 108 109
32 64 34 142 79 112 144 114 62 159
31 33 159 141 79 111 113 143 61 63
32 66 36 72 42 142 79 112 146 116 152 122 62 159
159 65 35 72 42 141 79 111 145 115 152 122 61 31
64 34 68 38 73 43 79 144 114 148 118 153 123 159
159 33 67 37 73 43 79 143 113 147 117 153 123 63
66 36 70 40 74 44 79 146 116 150 120 154 124 159
65 35 69 39 74 44 79 145 115 149 119 154 124 159
68 38 71 41 75 45 79 148 118 151 121 155 125 159
67 37 71 41 75 45 79 147 117 151 121 155 125 159
149 150 152 153 154 155 159 39 40 42 43 44 45 69 70 72 73 74 75 79 119 120 122 123 124 125
143 144 151 153 154 155 159 33 34 41 43 44 45 63 64 71 73 74 75 79 113 114 121 123 124 125
145 146 151 152 154 155 159 35 36 41 42 44 45 65 66 71 72 74 75 79 115 116 121 122 124 125
147 148 151 152 153 155 159 37 38 41 42 43 45 67 68 71 72 73 75 79 117 118 121 122 123 125
149 150 151 152 153 154 159 39 40 41 42 43 44 69 70 71 72 73 74 79 119 120 121 122 123 124
160 129 76 47 80 49 156 127
128 160 76 46 48 80 156 126
160 131 137 76 47 80 51 57 156 127
160 130 137 76 46 80 50 57 156 126
160 129 133 138 76 80 49 53 58 156
128 160 132 138 76 48 80 52 58 156
160 131 135 139 76 80 51 55 59 156
160 130 134 139 76 80 50 54 59 156
160 133 136 76 140 80 53 56 60 156
160 132 136 76 140 80 52 56 60 156
160 134 135 137 138 139 76 140 80 54 55 57 58 59 60 156
128 129 160 136 138 139 76 140 48 49 80 56 58 59 60 156
160 130 131 136 137 139 76 140 80 50 51 56 57 59 60 156
160 132 133 136 137 138 76 140 80 52 53 56 57 58 60 156
160 134 135 136 137 138 139 76 80 54 55 56 57 58 59 156
141 142 143 144 145 146 147 148 149 150 151 152 153 154 155 157 158 159 160 61 62 63 64 65 66 67 68 69 70 71 72 73 74 75 77 78 79 80
16 17 18 19 20 21 22 23 24 25 26 27 28 29 30 156 158 159 160 76 78 79 80 96 97 98 99 100 101 102 103 104 105 106 107 108 109 110
156 157 31 32 33 34 35 36 37 38 39 40 41 42 43 44 45 159 160 76 77 79 80 111 112 113 114 115 116 117 118 119 120 121 122 123 124 125
128 129 130 131 132 133 134 135 136 137 138 139 140 156 157 158 160 46 47 48 49 50 51 52 53 54 55 56 57 58 59 60 76 77 78 80 126 127
141 142 143 144 145 146 147 148 149 150 151 152 153 154 155 156 157 158 159 61 62 63 64 65 66 67 68 69 70 71 72 73 74 75 76 77 78 79
2 162 4 164 17 177 19 179 402
1 161 3 163 16 176 18 178 402
2 162 6 166 12 172 17 177 402 21 181 27 187
1 161 5 165 12 172 16 176 402 20 180 27 187
4 164 8 168 13 173 402 19 179 23 183 28 188
3 163 7 167 13 173 18 178 402 22 182 28 188
6 166 10 170 14 174 402 21 181 25 185 29 189
5 165 9 169 14 174 402 20 180 24 184 29 189
8 168 11 171 15 175 402 23 183 26 186 30 190
7 167 11 171 15 175 402 22 182 26 186 30 190
9 10 12 13 14 15 402 24 25 27 28 29 30 169 170 172 173 174 175 184 185 187 188 189 190
3 4 11 13 14 15 18 19 402 26 28 29 30 163 164 171 173 174 175 178 179 186 188 189 190
5 6 11 12 14 15 402 20 21 26 27 29 30 165 166 171 172 174 175 180 181 186 187 189 190
7 8 11 12 13 15 402 22 23 26 27 28 30 167 168 171 172 173 175 182 183 186 187 188 190
9 10 11 12 13 14 402 24 25 26 27 28 29 169 170 171 172 173 174 184 185 186 187 188 189
32 192 2 34 4 162 164 194 77 237 402
191 1 33 3 161 163 193 77 237 402 31
32 192 2 162 36 196 6 166 42 202 12 77 172 237 402
191 1 161 35 195 5 165 42 202 12 77 172 237 402 31
34 194 4 164 38 198 8 168 43 203 13 77 173 237 402
33 193 3 163 37 197 7 167 43 203 13 77 173 237 402
36 196 6 166 40 200 10 170 44 77 14 174 204 237 402
35 195 5 165 39 199 9 169 44 77 14 174 204 237 402
38 198 8 41 168 11 171 45 77 15 175 201 205 237 402
37 197 7 167 41 201 11 171 45 77 15 175 205 237 402
9 10 12 13 14 15 402 39 40 169 42 43 44 45 172 173 174 170 175 199 200 202 203 204 77 205 237
3 4 11 13 14 15 402 33 34 163 164 41 43 44 45 171 173 174 175 193 194 201 203 204 77 205 237
5 6 11 12 14 15 402 35 36 165 166 41 42 171 44 45 172 174 175 195 196 201 202 204 77 205 237
7 8 11 12 13 15 402 37 38 167 168 41 42 43 171 45 172 173 175 197 198 201 202 203 77 205 237
9 10 11 12 13 14 402 39 40 41 42 43 44 169 172 173 174 170 171 199 200 201 202 203 204 77 237
78 47 207 17 49 19 177 179 209 238 402
46 78 16 48 18 176 178 206 208 238 402
78 47 207 17 177 51 211 21 181 238 402 57 217 27 187
46 78 16 176 50 206 20 180 210 238 402 57 217 27 187
78 238 49 209 19 179 53 213 23 183 402 58 218 28 188
78 238 48 208 18 178 52 212 22 182 402 58 218 28 188
78 238 402 51 211 21 181 55 215 25 185 59 219 29 189
78 238 50 210 20 180 54 214 24 184 402 59 219 29 189
220 78 238 402 53 213 23 56 183 26 186 60 216 30 190
78 238 402 52 212 22 182 56 216 26 186 60 220 30 190
402 24 25 27 28 29 30 54 55 184 185 57 59 60 187 188 189 190 58 78 214 215 217 218 219 220 238
18 19 402 26 28 29 30 48 49 178 179 56 186 58 60 188 189 190 59 78 208 209 216 218 219 220 238
402 20 21 26 27 29 30 50 51 180 181 56 57 186 187 59 189 190 60 78 210 211 216 217 219 220 238
402 22 23 26 27 28 30 52 53 182 183 56 57 186 187 188 58 190 60 78 212 213 216 217 218 220 238
402 24 25 26 27 28 29 54 55 184 185 58 59 187 188 189 186 56 57 78 214 215 216 217 218 219 238
32 64 34 192 194 224 79 239 402 62 222
191 33 31 193 223 79 239 402 61 221 63
32 192 66 226 36 196 72 232 42 202 79 239 402 62 222
191 65 225 35 195 72 232 42 202 79 239 402 61 221 31
64 224 34 194 68 228 38 198 73 233 43 203 79 239 402
223 33 193 67 227 37 197 73 233 43 203 79 239 402 63
66 226 36 196 70 230 40 200 74 234 44 204 79 239 402
65 225 35 195 69 229 39 199 74 234 44 204 79 239 402
68 228 38 71 198 41 201 75 231 45 205 79 235 239 402
67 227 37 197 71 231 41 201 75 235 45 205 79 239 402
402 39 40 42 43 44 45 69 70 199 72 73 74 75 200 203 204 79 205 202 229 230 232 233 234 235 239
402 33 34 41 43 44 45 63 64 193 194 71 73 74 75 201 203 204 79 205 223 224 231 233 234 235 239
402 35 36 41 42 44 45 65 66 195 196 71 72 201 74 75 202 204 205 79 225 226 231 232 234 235 239
402 37 38 41 42 43 45 67 68 197 198 71 72 73 201 75 202 203 205 79 227 228 231 232 233 235 239
402 39 40 41 42 43 44 69 70 71 72 73 74 199 200 201 204 79 202 203 229 230 231 232 233 234 239
76 236 207 80 49 209 47 240 402
76 236 46 206 48 80 208 240 402
76 236 207 80 47 240 51 211 402 57 217
76 236 46 206 80 240 50 210 402 57 217
76 236 80 49 209 240 402 53 213 58 218
76 236 48 80 208 240 52 212 402 58 218
76 236 80 240 402 51 211 55 215 59 219
76 236 80 240 50 210 402 54 214 59 219
76 236 80 240 402 53 213 56 216 60 220
76 236 80 240 402 52 212 56 216 60 220
219 220 76 236 80 240 402 54 55 214 57 58 59 60 215 217 218
76 236 48 49 80 208 209 240 402 56 216 58 59 60 218 219 220
76 236 80 240 50 51 210 211 402 56 57 216 59 60 217 219 220
76 236 80 240 402 52 53 212 213 56 57 58 216 60 217 218 220
218 219 76 236 80 240 402 54 55 56 57 58 59 214 215 216 217
402 61 62 63 64 65 66 67 68 69 70 71 72 73 74 75 77 78 79 80 221 222 223 224 225 226 227 228 229 230 231 232 233 234 235 237 238 239 240
16 17 18 19 20 21 22 23 24 25 26 27 28 29 30 176 177 178 179 180 181 182 183 184 185 186 187 188 189 190 76 78 79 80 402 236 238 239 240
402 31 32 33 34 35 36 37 38 39 40 41 42 43 44 45 191 192 193 194 195 196 197 198 199 200 201 202 203 76 77 204 79 80 205 236 237 239 240
402 46 47 48 49 50 51 52 53 54 55 56 57 58 59 60 76 77 206 78 80 207 208 209 210 211 212 213 214 215 216 217 218 219 220 236 237 238 240
402 61 62 63 64 65 66 67 68 69 70 71 72 73 74 75 76 77 78 79 221 222 223 224 225 226 227 228 229 230 231 232 233 234 235 236 237 238 239
97 257 99 259 82 242 84 244 403
96 256 98 258 81 241 83 243 403
97 257 101 261 107 267 82 242 403 86 246 92 252
96 256 100 260 107 267 81 241 403 85 245 92 252
99 259 103 263 108 268 403 84 244 88 248 93 253
98 258 102 262 108 268 83 243 403 87 247 93 253
101 261 105 265 109 269 403 86 246 90 250 94 254
100 260 104 264 109 269 403 85 245 89 249 94 254
255 103 263 106 266 110 270 403 88 248 91 251 95
255 102 262 106 266 110 270 403 87 247 91 251 95
264 265 267 268 269 270 403 89 90 92 93 94 95 104 105 107 108 109 110 249 250 252 253 254 255
258 259 266 268 269 270 403 83 84 91 93 94 95 98 99 106 108 109 110 243 244 251 253 254 255
260 261 266 267 269 270 403 85 86 91 92 94 95 100 101 106 107 109 110 245 246 251 252 254 255
262 263 266 267 268 270 403 87 88 91 92 93 95 102 103 106 107 108 110 247 248 251 252 253 255
264 265 266 267 268 269 403 89 90 91 92 93 94 104 105 106 107 108 109 249 250 251 252 253 254
112 272 82 114 84 242 244 274 403 157 317
111 271 81 113 83 241 243 273 403 157 317
112 272 82 242 116 276 86 246 403 122 282 92 157 252 317
111 271 81 241 115 275 85 245 403 122 282 92 157 252 317
317 114 274 84 244 118 278 88 248 403 123 283 93 157 253
317 113 273 83 243 117 277 87 247 403 123 283 93 157 253
284 317 403 116 276 86 246 120 280 90 250 124 157 94 254
284 317 115 275 85 245 119 279 89 249 403 124 157 94 254
255 281 285 317 403 118 278 88 121 248 91 251 125 157 95
255 285 317 403 117 277 87 247 121 281 91 251 125 157 95
254 255 122 403 279 280 282 283 284 157 285 317 89 90 92 93 94 95 119 120 249 250 123 124 125 252 253
255 123 273 274 403 281 283 284 157 285 317 83 84 91 93 94 95 113 114 243 244 121 251 124 125 253 254
124 275 276 403 281 282 284 157 285 317 85 86 91 92 94 95 115 116 245 246 121 122 251 252 125 254 255
123 403 277 278 281 282 283 157 285 317 87 88 91 92 93 95 117 118 247 248 121 122 251 252 125 253 255
250 252 121 403 279 280 281 282 283 284 157 317 89 90 91 92 93 94 119 120 249 122 123 124 251 253 254
287 97 129 99 257 259 289 318 403 158 127
96 128 98 256 258 286 288 318 403 126 158
287 97 257 131 291 101 261 318 137 297 107 267 403 158 127
96 256 130 286 100 260 290 318 137 297 107 267 403 126 158
129 289 99 259 133 293 103 263 138 298 108 268 403 158 318
128 288 98 258 132 292 102 262 138 298 108 268 403 158 318
131 291 101 261 135 295 105 265 139 299 109 269 403 158 318
130 290 100 260 134 294 104 264 139 299 109 269 403 158 318
133 293 103 136 263 106 266 140 296 110 270 300 403 158 318
132 292 102 262 136 296 106 266 140 300 110 270 403 158 318
134 135 264 137 138 139 140 267 268 269 265 270 403 158 294 295 297 298 299 300 318 104 105 107 108 109 110
128 129 258 259 136 138 139 140 266 268 269 270 403 158 288 289 296 298 299 300 318 98 99 106 108 109 110
130 131 260 261 136 137 266 139 140 267 269 270 403 158 290 291 296 297 299 300 318 100 101 106 107 109 110
132 133 262 263 136 137 138 266 140 267 268 270 403 158 292 293 296 297 298 300 318 102 103 106 107 108 110
134 135 136 137 138 139 264 266 267 268 265 269 403 158 294 295 296 297 298 299 318 104 105 106 107 108 109
319 142 302 112 144 114 272 274 304 403 159
319 141 301 143 271 113 111 273 303 403 159
319 142 302 112 272 146 306 116 276 403 152 312 122 282 159
319 141 301 111 271 145 305 115 275 403 152 312 122 282 159
319 144 304 114 274 148 308 118 278 403 153 313 123 283 159
319 143 303 113 273 147 307 117 277 403 153 313 123 283 159
319 403 146 306 116 276 150 310 120 280 154 314 124 284 159
319 145 305 115 275 149 309 119 279 403 154 314 124 284 159
315 319 403 148 308 118 151 278 121 281 155 311 125 285 159
319 403 147 307 117 277 151 311 121 281 155 315 125 285 159
403 149 150 279 280 152 282 155 283 284 285 159 153 154 309 310 312 313 314 315 319 119 120 122 123 124 125
143 144 273 274 403 151 281 153 283 284 285 154 159 155 303 304 311 313 314 315 319 113 114 121 123 124 125
145 146 275 276 403 151 152 281 282 154 284 285 155 159 305 306 311 312 314 315 319 115 116 121 122 124 125
147 148 277 278 151 152 281 282 283 153 285 155 159 307 308 311 312 313 315 319 403 117 118 121 122 123 125
403 149 150 279 280 281 154 283 284 282 151 159 152 153 309 310 311 312 313 314 319 119 120 121 122 123 124
160 129 289 127 320 403 156 316 287
128 160 288 320 403 156 316 126 286
160 127 320 131 291 137 297 403 156 316 287
160 320 130 290 137 297 403 156 316 126 286
160 129 289 320 133 293 138 298 403 156 316
128 160 288 320 132 292 138 298 403 156 316
160 320 131 291 135 295 139 299 403 156 316
160 320 130 290 134 294 139 299 403 156 316
160 320 133 293 136 296 140 300 403 156 316
160 320 132 292 136 296 140 300 403 156 316
160 320 134 135 294 137 138 139 140 295 297 298 299 300 403 156 316
128 129 160 288 289 320 136 296 138 139 140 298 299 300 403 156 316
160 320 130 131 290 291 136 137 296 139 140 297 299 300 403 156 316
160 320 132 133 292 293 136 137 138 296 140 297 298 300 403 156 316
160 320 134 135 136 137 138 139 294 295 296 297 298 299 403 156 316
141 142 143 144 145 146 147 148 149 150 151 152 153 154 155 403 157 158 159 160 301 302 303 304 305 306 307 308 309 310 311 312 313 314 315 317 318 319 320
256 257 258 259 260 261 262 263 264 265 266 267 268 269 270 403 156 158 159 160 316 318 319 320 96 97 98 99 100 101 102 103 104 105 106 107 108 109 110
271 272 273 274 275 276 277 278 279 280 281 282 283 156 157 284 159 160 285 316 317 319 320 403 111 112 113 114 115 116 117 118 119 120 121 122 123 124 125
128 129 130 131 132 133 134 135 136 137 138 139 140 403 156 157 286 287 160 288 158 289 290 291 292 293 294 295 296 297 298 299 300 316 317 318 320 126 127
141 142 143 144 145 146 147 148 149 150 151 152 153 154 155 156 157 158 159 301 302 303 304 305 306 307 308 309 310 311 312 313 314 315 316 317 318 319 403
162 322 164 324 177 337 179 339 404
161 321 163 323 176 336 178 338 404
162 322 166 326 172 332 177 337 404 181 341 187 347
161 321 165 325 172 332 176 336 180 340 404 187 347
164 324 168 328 173 333 179 339 404 183 343 188 348
163 323 167 327 173 333 178 338 404 182 342 188 348
166 326 170 330 174 334 404 181 341 185 345 189 349
165 325 169 329 174 334 180 340 404 184 344 189 349
168 328 171 331 175 335 404 183 343 186 346 190 350
167 327 171 331 175 335 404 182 342 186 346 190 350
404 169 170 172 173 174 175 184 185 187 188 189 190 329 330 332 333 334 335 344 345 347 348 349 350
404 163 164 171 173 174 175 178 179 186 188 189 190 323 324 331 333 334 335 338 339 346 348 349 350
404 165 166 171 172 174 175 180 181 186 187 189 190 325 326 331 332 334 335 340 341 346 347 349 350
404 167 168 171 172 173 175 182 183 186 187 188 190 327 328 331 332 333 335 342 343 346 347 348 350
404 169 170 171 172 173 174 184 185 186 187 188 189 329 330 331 332 333 334 344 345 346 347 348 349
192 352 162 194 164 322 324 354 237 397 404
351 161 193 163 321 323 353 237 397 404 191
192 352 162 322 196 356 166 326 202 362 172 237 332 397 404
351 161 321 195 355 165 325 202 362 172 237 332 397 404 191
194 354 164 324 198 358 168 328 203 363 173 237 333 397 404
193 353 163 323 197 357 167 327 203 363 173 237 333 397 404
196 356 166 326 200 360 170 330 204 237 174 334 364 397 404
195 355 165 325 199 359 169 329 204 237 174 334 364 397 404
198 358 168 201 328 171 331 205 237 175 335 361 365 397 404
197 357 167 327 201 361 171 331 205 237 175 335 365 397 404
397 404 169 170 172 173 174 175 199 200 329 202 203 204 205 332 333 334 335 330 359 360 362 363 364 237 365
397 404 163 164 171 173 174 175 193 194 323 324 201 203 204 205 331 333 334 335 353 354 361 363 364 237 365
397 404 165 166 171 172 174 175 195 196 325 326 201 202 331 204 205 332 334 335 355 356 361 362 364 237 365
397 404 167 168 171 172 173 175 197 198 327 328 201 202 203 331 205 332 333 335 357 358 361 362 363 237 365
397 404 169 170 171 172 173 174 199 200 201 202 203 204 331 332 333 334 329 330 359 360 361 362 363 364 237
238 207 367 177 209 179 337 339 369 398 404
206 238 176 208 178 336 338 366 368 398 404
238 207 367 177 337 211 371 181 341 398 404 217 377 187 347
206 238 176 336 210 366 180 340 370 398 404 217 377 187 347
238 398 209 369 179 339 213 373 183 343 404 218 378 188 348
238 398 208 368 178 338 212 372 182 342 404 218 378 188 348
238 398 404 211 371 181 341 215 375 185 345 219 379 189 349
238 398 210 370 180 340 214 374 184 344 404 219 379 189 349
380 238 398 404 213 373 183 216 343 186 346 220 376 190 350
238 398 404 212 372 182 342 216 376 186 346 220 380 190 350
398 404 184 185 187 188 189 190 214 215 344 345 217 219 220 347 348 349 350 218 238 374 375 377 378 379 380
398 404 178 179 186 188 189 190 208 209 338 339 216 346 218 220 348 349 350 219 238 368 369 376 378 379 380
398 404 180 181 186 187 189 190 210 211 340 341 216 217 346 347 219 349 350 220 238 370 371 376 377 379 380
398 404 182 183 186 187 188 190 212 213 342 343 216 217 346 347 348 218 350 220 238 372 373 376 377 378 380
398 404 184 185 186 187 188 189 214 215 344 345 218 219 347 348 349 346 216 217 238 374 375 376 377 378 379
192 224 194 352 354 384 239 399 404 222 382
351 193 191 353 383 239 399 404 221 381 223
192 352 226 386 196 356 232 392 202 362 239 399 404 222 382
351 225 385 195 355 232 392 202 362 239 399 404 221 381 191
224 384 194 354 228 388 198 358 233 393 203 363 239 399 404
383 193 353 227 387 197 357 233 393 203 363 239 399 404 223
226 386 196 356 230 390 200 360 234 394 204 364 239 399 404
225 385 195 355 229 389 199 359 234 394 204 364 239 399 404
228 388 198 231 358 201 361 235 391 205 365 239 395 399 404
227 387 197 357 231 391 201 361 235 395 205 365 239 399 404
389 390 392 393 394 395 399 404 199 200 202 203 204 205 229 230 359 232 233 234 363 235 362 360 239 364 365
384 391 393 394 395 399 404 193 194 201 203 204 205 223 224 353 354 231 233 234 235 361 363 364 239 365 383
385 386 391 392 394 395 399 404 195 196 201 202 204 205 225 226 355 356 231 232 361 234 235 362 364 365 239
387 388 391 392 393 395 399 404 197 198 201 202 203 205 227 228 357 358 231 232 233 361 235 362 363 365 239
389 390 391 392 393 394 399 404 199 200 201 202 203 204 229 230 231 232 233 234 363 359 362 360 239 364 361
236 396 367 240 209 369 207 400 404
236 396 206 366 208 240 368 400 404
236 396 367 240 207 400 211 371 404 217 377
236 396 206 366 240 400 210 370 404 217 377
236 396 240 209 369 400 404 213 373 218 378
236 396 208 240 368 400 212 372 404 218 378
236 396 240 400 211 371 404 215 375 219 379
236 396 240 400 210 370 404 214 374 219 379
236 396 240 400 404 213 373 216 376 220 380
236 396 240 400 212 372 404 216 376 220 380
379 380 236 396 240 400 404 214 215 374 217 218 219 220 375 377 378
236 396 208 209 240 368 369 400 404 216 376 218 219 220 378 379 380
236 396 240 400 210 211 370 371 404 216 217 376 219 220 377 379 380
236 396 240 400 404 212 213 372 373 216 217 218 376 220 377 378 380
378 379 236 396 240 400 404 214 215 216 217 218 219 374 375 376 377
384 385 386 387 388 389 390 391 392 393 394 395 397 398 399 400 404 221 222 223 224 225 226 227 228 229 230 231 232 233 234 235 237 238 239 240 381 382 383
396 398 399 400 404 176 177 178 179 180 181 182 183 184 185 186 187 188 189 190 336 337 338 339 340 341 342 343 344 345 346 347 348 349 350 236 238 239 240
396 397 399 400 404 191 192 193 194 195 196 197 198 199 200 201 202 203 204 205 351 352 353 354 355 356 357 358 359 360 361 362 363 236 237 364 239 240 365
396 397 398 400 404 206 207 208 209 210 211 212 213 214 215 216 217 218 219 220 236 237 238 366 368 240 367 369 370 371 372 373 374 375 376 377 378 379 380
384 385 386 387 388 389 390 391 392 393 394 395 396 397 398 399 404 221 222 223 224 225 226 227 228 229 230 231 232 233 234 235 236 237 238 239 381 382 383
257 259 401 242 244 405
256 258 241 401 243 405
257 261 267 401 242 405 246 252
256 260 267 241 401 245 405 252
259 263 268 401 244 405 248 253
258 262 268 401 243 405 247 253
261 265 269 401 405 246 250 254
260 264 269 401 245 405 249 254
263 266 270 401 405 248 251 255
262 266 270 401 405 247 251 255
264 265 267 268 269 270 401 405 249 250 252 253 254 255
258 259 266 268 269 270 401 243 244 405 251 253 254 255
260 261 266 267 269 270 401 245 246 405 251 252 254 255
262 263 266 267 268 270 401 405 247 248 251 252 253 255
264 265 266 267 268 269 401 405 249 250 251 252 253 254
272 401 242 274 244 405 317
271 241 273 243 401 405 317
272 401 242 276 405 246 282 252 317
271 241 401 275 245 405 282 252 317
401 274 244 405 278 248 283 253 317
273 401 243 277 405 247 283 253 317
401 276 405 246 280 250 284 317 254
401 275 245 405 279 249 284 317 254
401 405 278 248 281 251 285 317 255
401 277 405 247 281 251 285 317 255
283 284 285 317 401 405 279 280 249 250 282 252 253 254 255
284 285 317 273 274 243 244 401 405 281 251 283 253 254 255
285 317 401 275 276 245 246 405 281 282 251 252 284 254 255
285 317 405 401 277 278 247 248 281 282 251 252 253 283 255
282 283 284 317 401 405 279 280 249 250 251 252 253 254 281
257 289 259 401 405 318 287
256 288 258 401 405 286 318
257 291 261 297 267 401 405 318 287
256 290 260 297 267 401 405 286 318
289 259 293 263 298 268 401 405 318
288 258 292 262 298 268 401 405 318
291 261 295 265 299 269 401 405 318
290 260 294 264 299 269 401 405 318
293 263 296 266 300 270 401 405 318
292 262 296 266 300 270 401 405 318
294 295 264 265 297 267 268 269 270 298 299 300 401 405 318
288 289 258 259 296 266 298 268 269 270 299 300 401 405 318
290 291 260 261 296 297 266 267 299 269 270 300 401 405 318
292 293 262 263 296 297 266 267 268 298 270 300 401 405 318
294 295 264 265 266 267 268 269 296 297 298 299 401 405 318
302 272 304 274 401 405 319
301 303 271 273 401 405 319
302 272 401 306 276 405 312 282 319
301 271 305 401 275 405 312 282 319
304 401 274 308 405 278 313 283 319
303 273 401 307 277 405 313 283 319
401 306 276 405 310 280 314 284 319
305 401 275 309 405 279 314 284 319
401 308 405 278 311 281 315 285 319
401 307 277 405 311 281 315 285 319
315 319 405 401 309 310 279 280 312 282 283 284 285 313 314
319 303 304 273 274 401 405 311 281 313 283 284 285 314 315
305 306 275 276 401 405 311 312 281 282 314 284 285 315 319
405 401 307 308 277 278 311 312 281 282 283 313 285 315 319
314 319 405 401 309 310 279 280 281 282 283 284 311 312 313
320 289 401 405 316 287
288 320 401 405 316 286
320 291 297 401 405 316 287
320 290 297 401 405 316 286
320 289 293 298 401 405 316
288 320 292 298 401 405 316
320 291 295 299 401 405 316
320 290 294 299 401 405 316
320 293 296 300 401 405 316
320 292 296 300 401 405 316
320 294 295 297 298 299 300 401 405 316
288 289 320 296 298 299 300 401 405 316
320 290 291 296 297 299 300 401 405 316
320 292 293 296 297 298 300 401 405 316
320 294 295 296 297 298 299 401 405 316
320 401 301 302 303 304 305 306 307 308 309 310 311 312 313 314 315 405 317 318 319
256 257 258 259 260 261 262 263 264 265 266 267 268 269 270 320 401 405 316 318 319
319 320 401 405 271 272 273 274 275 276 277 278 279 280 281 282 283 284 285 316 317
288 289 290 291 292 293 294 295 296 297 298 299 300 318 320 401 405 316 317 286 287
401 405 301 302 303 304 305 306 307 308 309 310 311 312 313 314 315 316 317 318 319
384 385 386 387 388 389 390 391 392 393 394 395 396 397 398 399 400 402 403 404 405 321 322 323 324 325 326 327 328 329 330 331 332 333 334 335 336 337 338 339 340 341 342 343 344 345 346 347 348 349 350 351 352 353 354 355 356 357 358 359 360 361 362 363 364 365 366 367 368 369 370 371 372 373 374 375 376 377 378 379 380 381 382 383
128 129 130 131 132 133 134 135 136 137 138 139 140 141 142 143 144 145 146 147 148 149 150 151 152 153 154 155 156 157 158 159 160 401 403 404 405 81 82 83 84 85 86 87 88 89 90 91 92 93 94 95 96 97 98 99 100 101 102 103 104 105 106 107 108 109 110 111 112 113 114 115 116 117 118 119 120 121 122 123 124 125 126 127
401 402 404 405 161 162 163 164 165 166 167 168 169 170 171 172 173 174 175 176 177 178 179 180 181 182 183 184 185 186 187 188 189 190 191 192 193 194 195 196 197 198 199 200 201 202 203 204 205 206 207 208 209 210 211 212 213 214 215 216 217 218 219 220 221 222 223 224 225 226 227 228 229 230 231 232 233 234 235 236 237 238 239 240
256 257 258 259 260 261 262 263 264 265 266 267 268 269 270 271 272 273 274 275 276 277 278 279 280 281 282 283 284 285 286 287 288 289 290 291 292 293 294 295 296 297 298 299 300 301 302 303 304 305 306 307 308 309 310 311 312 313 314 315 316 317 318 319 320 405 401 402 403 241 242 243 244 245 246 247 248 249 250 251 252 253 254 255
384 385 386 387 388 389 390 391 392 393 394 395 396 397 398 399 400 401 402 403 404 321 322 323 324 325 326 327 328 329 330 331 332 333 334 335 336 337 338 339 340 341 342 343 344 345 346 347 348 349 350 351 352 353 354 355 356 357 358 359 360 361 362 363 364 365 366 367 368 369 370 371 372 373 374 375 376 377 378 379 380 381 382 383
