56 110
2 4 13 15
1 3 12 14
17 2 13 6
16 1 12 5
8 19 4 15
18 3 14 7
17 10 21 6
16 9 20 5
8 11 19 22
18 11 22 7
9 10 20 21
24 2 26 4
1 25 3 23
24 2 28 6
1 27 5 23
8 26 4 30
25 3 29 7
32 10 28 6
9 27 5 31
8 33 11 30
33 11 29 7
32 9 10 31
35 13 37 15
34 12 36 14
17 35 13 39
16 34 12 38
41 19 37 15
40 18 36 14
17 43 21 39
16 42 20 38
41 19 44 22
40 18 44 22
42 43 20 21
24 48 26 46
47 25 45 23
24 50 28 46
49 27 45 23
48 26 52 30
25 51 29 47
32 50 28 54
49 27 53 31
33 52 30 55
33 51 29 55
32 53 54 31
56 35 37
56 34 36
56 35 39
56 34 38
56 41 37
40 56 36
56 43 39
56 42 38
56 41 44
40 56 44
56 42 43
45 46 47 48 49 50 51 52 53 54 55
