1406 9695
352 2 4 69 294 71 296 13 15 339 341 58 283 60 285 350
1 3 68 293 70 295 12 14 338 340 57 282 59 284 349 351
350 2 354 69 6 294 73 298 13 17 339 343 58 283 62 287
1 353 68 5 293 72 297 12 16 338 342 57 282 61 286 349
64 289 352 4 356 71 8 296 75 300 15 19 341 345 60 285
288 351 3 355 70 7 295 74 299 14 18 340 344 59 284 63
66 291 354 6 358 73 10 298 77 302 17 21 343 347 62 287
65 290 353 5 357 72 9 297 76 301 16 20 342 346 61 286
64 289 67 292 356 359 8 11 75 300 78 303 19 22 345 348
288 67 292 355 7 359 74 11 299 78 303 18 22 344 348 63
65 66 290 291 357 358 9 10 76 77 301 302 20 21 346 347
2 4 361 363 80 305 82 307 339 341 24 26 58 60 283 285
1 3 360 362 79 304 81 306 338 340 23 25 57 59 282 284
2 6 361 365 80 305 339 84 309 343 24 58 283 28 62 287
1 5 360 364 79 304 338 83 308 342 23 57 282 27 61 286
64 289 4 8 363 367 82 307 341 86 311 345 26 60 285 30
288 3 7 362 366 81 306 340 85 310 344 25 59 284 29 63
32 66 291 6 10 365 369 84 309 343 88 313 347 28 62 287
65 290 5 9 364 368 83 308 342 87 312 346 27 61 286 31
64 33 289 67 292 8 11 367 370 86 311 89 314 345 348 30
288 33 67 292 7 11 366 370 85 310 344 89 314 348 29 63
32 65 66 290 291 9 10 368 369 87 88 312 313 346 347 31
352 35 69 37 71 294 296 13 15 372 374 91 316 93 318 350
34 36 68 70 293 295 12 14 371 373 90 315 92 317 349 351
320 354 35 69 294 39 73 298 13 17 372 376 91 316 350 95
353 34 68 293 38 72 297 12 16 371 375 90 315 349 94 319
352 97 322 356 37 71 296 41 75 300 15 19 374 378 93 318
96 321 355 36 70 295 40 74 299 14 18 373 377 92 317 351
320 354 99 324 358 39 73 298 43 77 302 17 21 376 380 95
353 98 323 357 38 72 297 42 76 301 16 20 375 379 94 319
97 322 100 325 356 359 41 75 44 300 78 303 19 22 378 381
96 321 355 100 325 359 40 74 299 44 78 303 18 22 377 381
98 99 323 324 357 358 42 43 76 77 301 302 20 21 379 380
385 102 327 104 329 361 363 46 48 80 82 305 307 24 26 383
384 101 326 103 328 360 362 45 47 79 81 304 306 23 25 382
387 102 327 361 106 331 365 46 80 305 50 84 309 24 28 383
386 101 326 360 105 330 364 45 79 304 49 83 308 23 27 382
385 389 104 329 363 108 333 367 48 82 307 52 86 311 26 30
384 388 103 328 362 107 332 366 47 81 306 51 85 310 25 29
32 387 391 106 331 365 110 335 369 50 84 309 54 88 313 28
386 390 105 330 364 109 334 368 49 83 308 53 87 312 27 31
33 389 392 108 333 111 336 367 370 52 86 55 311 89 314 30
33 388 392 107 332 366 111 336 370 51 85 310 55 89 314 29
32 390 391 109 110 334 335 368 369 53 54 87 88 312 313 31
35 37 393 112 337 372 374 56 91 316 93 318
34 36 393 112 337 371 373 56 90 315 92 317
320 35 39 393 112 337 372 56 376 91 316 95
34 38 393 112 337 371 375 56 90 315 94 319
97 322 37 41 393 112 337 374 56 378 93 318
96 321 36 40 393 112 337 373 56 377 92 317
320 99 324 39 393 43 112 337 56 376 380 95
98 323 38 393 42 112 337 375 56 379 94 319
97 322 100 325 41 393 44 112 337 56 378 381
96 321 100 325 40 393 44 112 337 56 377 381
98 99 323 324 393 42 43 112 337 56 379 380
384 385 386 387 388 389 390 391 392 45 46 47 48 49 50 51 52 53 54 55 326 327 328 329 330 331 332 333 334 335 336 101 102 103 104 105 106 107 108 109 110 111 382 383
2 4 294 296 395 13 397 15 114 116 406 408 283 125 285 127
1 3 293 295 394 12 396 14 113 115 405 407 282 124 284 126
129 2 6 294 298 395 13 399 17 114 118 406 410 283 125 287
128 1 5 293 297 394 12 398 16 113 117 405 409 282 124 286
289 131 4 8 296 300 397 15 401 19 116 120 408 412 285 127
288 130 3 7 295 299 396 14 400 18 115 119 407 411 284 126
129 291 133 6 10 298 302 399 17 403 21 118 122 410 414 287
128 290 132 5 9 297 301 398 16 402 20 117 121 409 413 286
289 131 292 134 8 11 300 303 401 19 404 22 120 123 412 415
288 130 292 134 7 11 299 303 400 18 404 22 119 123 411 415
290 291 132 133 9 10 301 302 402 403 20 21 121 122 413 414
417 2 419 4 136 138 395 397 305 114 307 116 24 26 283 285
416 1 418 3 135 137 394 396 304 113 306 115 23 25 282 284
417 2 421 6 136 395 140 399 305 114 309 118 24 283 28 287
416 1 420 5 135 394 139 398 304 113 308 117 23 282 27 286
289 419 4 423 8 138 397 142 401 307 116 311 120 26 285 30
288 418 3 422 7 137 396 141 400 306 115 310 119 25 284 29
32 291 421 6 425 10 140 399 144 403 309 118 313 122 28 287
290 420 5 424 9 139 398 143 402 308 117 312 121 27 286 31
33 289 292 423 8 426 11 142 145 401 404 311 120 314 123 30
288 33 292 422 7 426 11 141 400 145 404 310 119 314 123 29
32 290 291 424 9 10 425 143 144 402 403 312 121 122 313 31
35 37 294 296 428 13 430 15 147 149 406 408 316 125 318 127
34 36 293 295 427 12 429 14 146 148 405 407 315 124 317 126
320 129 35 294 39 298 428 13 432 17 147 406 151 410 316 125
128 34 293 38 297 427 12 431 16 146 405 150 409 315 124 319
322 131 37 296 41 300 430 15 434 19 149 408 153 412 318 127
321 130 36 295 40 299 429 14 433 18 148 407 152 411 317 126
320 129 324 133 39 298 43 302 432 17 436 21 151 410 155 414
128 323 132 38 297 42 301 431 16 435 20 150 409 154 413 319
322 131 325 134 41 44 300 303 434 19 437 22 153 156 412 415
321 130 325 134 40 299 44 303 433 18 437 22 152 411 156 415
323 132 133 324 42 43 301 302 435 20 21 436 154 155 413 414
160 417 419 327 136 329 138 46 48 305 307 439 24 441 26 158
416 418 326 135 328 137 45 47 304 306 438 23 440 25 157 159
417 162 421 327 136 331 140 46 305 50 309 439 24 443 28 158
416 161 420 326 135 330 139 45 304 49 308 438 23 442 27 157
160 419 164 423 329 138 333 142 48 307 52 311 441 26 445 30
418 163 422 328 137 332 141 47 306 51 310 440 25 444 29 159
32 162 421 166 425 331 140 335 144 50 309 54 313 443 28 447
161 420 165 424 330 139 334 143 49 308 53 312 442 27 446 31
448 33 164 167 423 426 333 142 336 145 52 55 311 314 445 30
448 33 163 422 167 426 332 141 336 145 51 310 55 314 444 29
32 447 165 166 424 425 334 143 144 335 53 54 312 313 446 31
449 35 37 168 428 430 337 147 149 56 316 318
449 34 36 168 427 429 337 146 148 56 315 317
320 449 35 39 168 428 432 337 147 151 56 316
449 34 38 168 427 431 337 146 150 56 315 319
449 322 37 168 41 430 337 434 149 56 153 318
321 449 36 40 168 429 337 433 148 56 152 317
320 449 324 39 168 43 432 337 436 151 56 155
449 323 38 168 42 431 337 435 150 56 154 319
449 322 325 168 41 44 337 434 437 56 153 156
321 449 325 40 168 44 337 433 437 56 152 156
449 323 324 168 42 43 337 435 436 56 154 155
157 158 159 160 161 162 163 164 165 166 167 45 46 47 48 49 50 51 52 53 54 55 438 439 440 441 442 443 444 445 446 447 448 326 327 328 329 330 331 332 333 334 335 336
352 451 69 453 71 170 172 462 464 339 181 341 183 58 60 350
450 68 452 70 169 171 461 463 338 180 340 182 57 59 349 351
354 451 69 455 73 170 174 462 466 339 181 343 185 58 62 350
353 450 68 454 72 169 173 461 465 338 180 342 184 57 61 349
64 352 356 453 71 457 75 172 176 464 468 341 183 345 187 60
351 355 452 70 456 74 171 175 463 467 340 182 344 186 59 63
66 354 358 455 73 459 77 174 178 466 470 343 185 347 189 62
65 353 357 454 72 458 76 173 177 465 469 342 184 346 188 61
64 67 356 359 457 75 460 78 176 179 468 471 345 187 348 190
67 355 359 456 74 460 78 175 179 467 471 344 186 348 190 63
65 66 357 358 458 459 76 77 177 178 469 470 346 347 188 189
192 194 451 453 361 170 363 172 80 82 339 341 473 58 475 60
193 450 452 360 169 362 171 79 81 338 340 472 57 474 59 191
192 451 196 455 361 170 365 174 80 339 84 343 473 58 477 62
450 195 454 360 169 364 173 79 338 83 342 472 57 476 61 191
64 194 453 198 457 363 172 367 176 82 341 86 345 475 60 479
193 452 197 456 362 171 366 175 81 340 85 344 474 59 478 63
481 66 196 455 200 459 365 174 369 178 84 343 88 347 477 62
480 65 195 454 199 458 364 173 368 177 83 342 87 346 476 61
64 482 67 198 201 457 460 367 176 370 179 86 89 345 348 479
482 67 197 456 201 460 366 175 370 179 85 344 89 348 478 63
480 65 66 481 199 200 458 459 368 177 178 369 87 88 346 347
352 484 69 486 71 203 205 462 464 372 181 374 183 91 93 350
483 68 485 70 202 204 461 463 371 180 373 182 90 92 349 351
354 484 69 488 73 203 462 207 466 372 181 376 185 91 350 95
353 483 68 487 72 202 461 206 465 371 180 375 184 90 349 94
352 97 356 486 71 490 75 205 464 209 468 374 183 378 187 93
96 355 485 70 489 74 204 463 208 467 373 182 377 186 92 351
354 99 358 488 73 492 77 207 466 211 470 376 185 380 189 95
353 98 357 487 72 491 76 206 465 210 469 375 184 379 188 94
97 100 356 359 490 75 493 78 209 212 468 471 378 187 381 190
96 355 100 359 489 74 493 78 208 467 212 471 377 186 381 190
98 99 357 358 491 76 77 492 210 211 469 470 379 188 189 380
192 385 194 102 104 361 363 495 80 497 82 214 216 473 475 383
384 193 101 103 360 362 494 79 496 81 213 215 472 474 382 191
192 387 196 102 361 106 365 495 80 499 84 214 473 218 477 383
386 195 101 360 105 364 494 79 498 83 213 472 217 476 382 191
385 194 389 198 104 363 108 367 497 82 501 86 216 475 220 479
384 193 388 197 103 362 107 366 496 81 500 85 215 474 219 478
481 387 196 391 200 106 365 110 369 499 84 503 88 218 477 222
480 386 195 390 199 105 364 109 368 498 83 502 87 217 476 221
479 482 389 198 392 201 108 111 367 370 501 86 504 89 220 223
482 388 197 392 201 107 366 111 370 500 85 504 89 219 478 223
480 481 390 199 200 391 109 110 368 369 502 87 88 503 221 222
224 484 486 393 203 205 112 372 374 505 91 93
224 483 485 393 202 204 112 371 373 505 90 92
224 484 488 393 203 207 112 372 376 505 91 95
224 483 487 393 202 206 112 371 375 505 90 94
224 97 486 393 490 205 112 209 374 505 378 93
96 224 485 393 489 204 112 208 373 377 505 92
224 99 488 393 492 207 112 211 376 505 380 95
224 98 487 393 491 206 112 210 375 505 379 94
224 97 100 393 490 493 112 209 212 505 378 381
96 224 100 393 489 493 112 208 212 377 505 381
224 98 99 393 491 492 112 210 211 505 379 380
384 385 386 387 388 389 390 391 392 213 214 215 216 217 218 219 220 221 222 223 101 102 103 104 105 106 107 108 109 110 111 494 495 496 497 498 499 500 501 502 503 504 382 383
226 228 518 520 395 237 397 239 114 116 406 408 507 125 509 127
225 227 517 519 394 236 396 238 113 115 405 407 506 124 508 126
129 226 230 518 522 395 237 399 241 114 118 406 410 507 125 511
128 225 229 517 521 394 236 398 240 113 117 405 409 506 124 510
513 131 228 232 520 524 397 239 401 243 116 120 408 412 509 127
512 130 227 231 519 523 396 238 400 242 115 119 407 411 508 126
129 515 133 230 234 522 526 399 241 403 245 118 122 410 414 511
128 514 132 229 233 521 525 398 240 402 244 117 121 409 413 510
513 131 516 134 232 235 524 527 401 243 404 246 120 123 412 415
512 130 516 134 231 235 523 527 400 242 404 246 119 123 411 415
514 515 132 133 233 234 525 526 402 403 244 245 121 122 413 414
417 226 419 228 136 138 395 397 529 114 531 116 248 250 507 509
416 225 418 227 135 137 394 396 528 113 530 115 247 249 506 508
417 226 421 230 136 395 140 399 529 114 533 118 248 507 252 511
416 225 420 229 135 394 139 398 528 113 532 117 247 506 251 510
513 419 228 423 232 138 397 142 401 531 116 535 120 250 509 254
512 418 227 422 231 137 396 141 400 530 115 534 119 249 508 253
256 515 421 230 425 234 140 399 144 403 533 118 537 122 252 511
514 420 229 424 233 139 398 143 402 532 117 536 121 251 510 255
257 513 516 423 232 426 235 142 145 401 404 535 120 538 123 254
512 257 516 422 231 426 235 141 400 145 404 534 119 538 123 253
256 514 515 424 233 234 425 143 144 402 403 536 121 122 537 255
259 261 518 520 428 237 430 239 147 149 406 408 540 125 542 127
258 260 517 519 427 236 429 238 146 148 405 407 539 124 541 126
544 129 259 518 263 522 428 237 432 241 147 406 151 410 540 125
128 258 517 262 521 427 236 431 240 146 405 150 409 539 124 543
546 131 261 520 265 524 430 239 434 243 149 408 153 412 542 127
545 130 260 519 264 523 429 238 433 242 148 407 152 411 541 126
544 129 548 133 263 522 267 526 432 241 436 245 151 410 155 414
128 547 132 262 521 266 525 431 240 435 244 150 409 154 413 543
546 131 549 134 265 268 524 527 434 243 437 246 153 156 412 415
545 130 549 134 264 523 268 527 433 242 437 246 152 411 156 415
547 132 133 548 266 267 525 526 435 244 245 436 154 155 413 414
160 417 419 551 136 553 138 270 272 529 531 439 248 441 250 158
416 418 550 135 552 137 269 271 528 530 438 247 440 249 157 159
417 162 421 551 136 555 140 270 529 274 533 439 248 443 252 158
416 161 420 550 135 554 139 269 528 273 532 438 247 442 251 157
160 419 164 423 553 138 557 142 272 531 276 535 441 250 445 254
418 163 422 552 137 556 141 271 530 275 534 440 249 444 253 159
256 162 421 166 425 555 140 559 144 274 533 278 537 443 252 447
161 420 165 424 554 139 558 143 273 532 277 536 442 251 446 255
448 257 164 167 423 426 557 142 560 145 276 279 535 538 445 254
448 257 163 422 167 426 556 141 560 145 275 534 279 538 444 253
256 447 165 166 424 425 558 143 144 559 277 278 536 537 446 255
449 259 261 168 428 430 561 147 149 280 540 542
449 258 260 168 427 429 561 146 148 280 539 541
544 449 259 263 168 428 432 561 147 151 280 540
449 258 262 168 427 431 561 146 150 280 539 543
449 546 261 168 265 430 561 434 149 280 153 542
449 545 260 168 264 429 433 561 148 152 280 541
544 449 548 263 168 267 432 561 436 151 280 155
449 547 262 168 266 431 561 435 150 280 154 543
449 546 549 168 265 268 561 434 437 280 153 156
449 545 549 168 264 268 433 561 437 152 280 156
449 547 548 168 266 267 561 435 436 280 154 155
269 270 271 272 273 274 275 276 277 278 279 157 158 159 160 161 162 163 164 165 166 167 550 551 552 553 554 555 556 557 558 559 560 438 439 440 441 442 443 444 445 446 447 448
451 453 170 172 462 464 562 181 183 281
450 452 169 171 461 463 562 180 182 281
451 455 170 174 462 466 562 181 185 281
450 454 169 173 461 465 562 180 184 281
453 457 172 176 464 562 468 183 281 187
452 456 171 175 463 562 467 182 281 186
455 459 174 178 466 562 470 185 281 189
454 458 173 177 465 562 469 184 281 188
457 460 176 562 179 468 471 281 187 190
456 460 175 562 179 467 471 281 186 190
458 459 177 178 562 469 470 281 188 189
192 194 451 453 170 172 562 281 473 475
193 450 452 169 171 562 472 281 474 191
192 451 196 455 170 174 562 281 473 477
450 195 454 169 173 562 472 281 476 191
194 453 198 457 172 176 562 281 475 479
193 452 197 456 171 175 562 281 474 478
481 196 455 200 459 174 178 562 281 477
480 195 454 199 458 173 177 562 281 476
482 198 201 457 460 176 562 179 281 479
482 197 456 201 460 175 562 179 281 478
480 481 199 200 458 459 177 178 562 281
484 486 203 205 462 464 562 181 183 281
483 485 202 204 461 463 562 180 182 281
484 488 203 462 207 466 562 181 185 281
483 487 202 461 206 465 562 180 184 281
486 490 205 464 209 562 468 183 281 187
485 489 204 463 208 562 467 182 281 186
488 492 207 466 211 562 470 185 281 189
487 491 206 465 210 562 469 184 281 188
490 493 209 562 212 468 471 281 187 190
489 493 208 562 467 212 471 281 186 190
491 492 210 211 562 469 470 281 188 189
192 194 495 497 562 214 216 281 473 475
193 494 496 562 213 215 472 281 474 191
192 196 495 562 499 214 281 218 473 477
195 494 498 562 213 472 217 281 476 191
194 198 497 562 501 216 281 475 220 479
193 197 496 562 500 215 281 474 219 478
481 196 200 562 499 503 281 218 477 222
480 195 199 498 562 502 217 281 476 221
223 482 198 201 562 501 504 281 220 479
482 197 201 562 500 504 281 219 478 223
480 481 199 200 562 502 503 281 221 222
224 484 486 203 205 562 281 505
224 483 485 202 204 562 281 505
224 484 488 203 207 562 281 505
224 483 487 202 206 562 281 505
224 486 490 205 209 562 281 505
224 485 489 204 208 562 281 505
224 488 492 207 562 211 281 505
224 487 491 206 210 562 281 505
224 490 493 209 562 212 281 505
224 489 493 208 562 212 281 505
224 491 492 210 211 562 281 505
281 562 213 214 215 216 217 218 219 220 221 222 223 494 495 496 497 498 499 500 501 502 503 504
512 513 514 515 516 517 518 519 520 521 522 523 524 525 526 527 528 529 530 531 532 533 534 535 536 537 538 539 540 541 542 543 544 545 546 547 548 549 550 551 552 553 554 555 556 557 558 559 560 561 225 226 227 228 229 230 231 232 233 234 235 236 237 238 239 240 241 242 243 244 245 246 247 248 249 250 251 252 253 254 255 256 257 258 259 260 261 262 263 264 265 266 267 268 269 270 271 272 273 274 275 276 277 278 279 280 506 507 508 509 510 511
577 2 4 69 71 620 13 622 15 564 566 631 633 58 60 575
576 1 3 68 70 619 12 621 14 563 565 630 632 57 59 574
2 579 69 6 73 620 13 624 17 564 631 568 58 635 62 575
1 578 68 5 72 619 12 623 16 563 630 567 57 634 61 574
64 577 4 581 71 8 75 622 15 626 19 566 633 570 60 637
576 3 580 70 7 74 621 14 625 18 565 632 569 59 636 63
66 579 6 583 73 10 77 624 17 628 21 568 635 572 62 639
65 578 5 582 72 9 76 623 16 627 20 567 634 571 61 638
64 640 67 581 8 584 11 75 78 626 19 629 22 570 573 637
640 67 580 7 584 74 11 78 625 18 629 22 569 636 573 63
65 66 582 583 9 10 76 77 627 20 21 628 571 572 638 639
2 642 4 644 586 588 620 622 80 82 564 566 24 26 58 60
1 641 3 643 585 587 619 621 79 81 563 565 23 25 57 59
2 642 6 646 586 620 590 80 624 84 564 24 568 58 28 62
1 641 5 645 585 619 589 79 623 83 563 23 567 57 27 61
64 4 644 8 648 588 622 592 82 626 86 566 26 570 60 30
3 643 7 647 587 621 591 81 625 85 565 25 569 59 29 63
32 66 6 646 10 650 590 624 594 84 628 88 568 28 572 62
65 5 645 9 649 589 623 593 83 627 87 567 27 571 61 31
64 33 67 8 648 11 651 592 626 595 629 86 89 570 573 30
33 67 7 647 11 651 591 625 595 85 629 89 569 29 573 63
32 65 66 9 10 649 650 593 594 627 628 87 88 571 572 31
577 35 69 37 71 13 653 15 655 597 599 631 633 91 93 575
576 34 36 68 70 12 652 14 654 596 598 630 632 90 92 574
575 35 579 69 39 73 13 653 17 657 597 631 601 91 635 95
34 578 68 38 72 12 652 16 656 596 630 600 90 634 94 574
97 577 37 581 71 41 75 15 655 19 659 599 633 603 93 637
96 576 36 580 70 40 74 14 654 18 658 598 632 602 92 636
639 99 579 39 583 73 43 77 17 657 21 661 601 635 605 95
98 578 38 582 72 42 76 16 656 20 660 600 634 604 94 638
640 97 100 581 584 41 75 44 78 19 659 22 662 603 637 606
96 640 100 580 40 584 74 44 78 18 658 22 662 602 636 606
98 99 582 583 42 43 76 77 20 21 660 661 604 605 638 639
608 610 642 644 102 104 586 588 46 48 80 82 24 664 26 666
609 641 643 101 103 585 587 45 47 79 81 23 663 25 665 607
608 642 612 102 646 106 586 46 590 80 50 84 24 664 28 668
641 611 101 645 105 585 45 589 79 49 83 23 663 27 667 607
610 644 614 104 648 108 588 48 592 82 52 86 26 666 30 670
609 643 613 103 647 107 587 47 591 81 51 85 25 665 29 669
32 672 612 646 616 106 650 110 590 50 594 84 54 88 28 668
671 611 645 615 105 649 109 589 49 593 83 53 87 27 667 31
33 673 614 648 617 651 108 111 592 595 52 86 55 89 30 670
33 673 613 647 617 107 651 111 591 51 595 85 55 89 29 669
32 671 672 615 616 649 650 109 110 593 594 53 54 87 88 31
674 35 37 618 653 655 112 597 599 56 91 93
34 674 36 618 652 654 112 596 598 56 90 92
674 35 39 618 653 112 657 597 56 601 91 95
34 674 38 618 652 112 656 596 56 600 90 94
97 674 37 41 618 655 112 659 599 56 603 93
96 674 36 40 618 654 112 658 598 56 602 92
674 99 39 618 43 112 657 661 56 601 605 95
98 674 38 42 618 112 656 660 56 600 604 94
97 674 100 41 618 44 112 659 662 56 603 606
96 674 100 40 618 44 112 658 662 56 602 606
98 99 674 42 43 618 112 660 661 56 604 605
613 614 663 664 665 666 667 668 669 670 671 672 673 45 46 47 48 49 50 51 52 53 54 55 607 608 609 610 611 612 101 102 103 104 105 106 107 108 109 110 111 615 616 617
575 577 2 4 676 678 13 15 687 689 114 116 564 566 125 127
576 1 3 675 677 12 14 686 688 113 115 563 565 124 126 574
129 2 579 676 6 680 13 687 17 114 691 564 118 568 125 575
128 1 578 675 5 679 12 686 16 113 690 563 117 567 124 574
577 131 4 581 678 8 682 15 689 19 116 693 566 120 570 127
576 130 3 580 677 7 681 14 688 18 115 692 565 119 569 126
129 579 133 6 583 680 10 684 17 691 21 118 695 568 122 572
128 578 132 5 582 679 9 683 16 690 20 117 694 567 121 571
131 581 134 8 584 682 11 685 19 693 22 120 696 570 123 573
130 580 134 7 584 681 11 685 18 692 22 119 696 569 123 573
132 133 582 583 9 10 683 684 20 21 694 695 121 122 571 572
2 4 676 678 136 138 586 588 114 116 564 566 24 26 698 700
1 3 675 677 135 137 585 587 113 115 563 565 23 25 697 699
2 676 6 136 680 586 140 590 114 564 118 24 568 698 28 702
1 675 5 135 679 585 139 589 113 563 117 23 567 697 27 701
704 4 678 8 138 682 588 142 592 116 566 120 26 570 700 30
3 677 7 137 681 587 141 591 115 565 119 25 569 699 29 703
32 706 6 680 10 140 684 590 144 594 118 568 122 28 572 702
705 5 679 9 139 683 589 143 593 117 567 121 27 571 701 31
704 33 707 8 682 11 685 142 592 145 595 120 570 123 573 30
33 707 7 681 11 141 685 591 145 595 119 569 123 29 573 703
32 705 706 9 10 683 684 143 144 593 594 121 122 571 572 31
575 577 35 37 709 711 13 15 687 689 147 149 597 599 125 127
576 34 36 708 710 12 14 686 688 146 148 596 598 124 126 574
129 35 579 709 39 713 13 687 17 147 691 597 151 601 125 575
128 34 578 708 38 712 12 686 16 146 690 596 150 600 124 574
577 131 37 581 711 41 715 15 689 19 149 693 599 153 603 127
576 130 36 580 710 40 714 14 688 18 148 692 598 152 602 126
129 579 133 39 583 713 43 717 17 691 21 151 695 601 155 605
128 578 132 38 582 712 42 716 16 690 20 150 694 600 154 604
131 581 134 584 41 715 44 718 19 693 22 696 153 603 156 606
130 580 134 40 584 714 44 718 18 692 22 152 696 602 156 606
132 133 582 583 42 43 716 717 20 21 694 695 154 155 604 605
160 608 610 136 138 586 588 46 48 720 722 24 26 698 700 158
607 609 135 137 585 587 45 47 719 721 23 25 697 699 157 159
608 162 612 136 586 140 46 590 720 50 724 24 698 28 158 702
161 611 135 585 139 45 589 719 49 723 23 697 27 157 701 607
160 704 610 164 614 138 588 142 48 592 722 52 726 26 700 30
703 609 163 613 137 587 141 47 591 721 51 725 25 699 29 159
32 162 706 612 166 616 140 590 144 50 594 724 54 728 28 702
161 705 611 165 615 139 589 143 49 593 723 53 727 27 701 31
704 33 707 164 614 167 617 142 592 145 595 52 726 55 729 30
33 163 707 613 167 617 141 591 145 51 595 725 55 729 29 703
32 705 706 165 166 615 616 143 144 593 594 53 54 727 728 31
35 37 709 711 168 618 147 149 597 599 56 730
34 36 708 710 168 618 146 148 596 598 56 730
35 709 39 168 713 618 147 597 151 56 601 730
34 708 38 168 712 618 146 596 150 56 600 730
37 711 168 41 618 715 149 599 56 153 730 603
36 710 40 168 618 714 148 598 56 152 602 730
39 168 713 618 43 717 151 56 601 730 155 605
38 168 712 42 618 716 150 56 600 154 730 604
168 41 618 715 44 718 56 153 730 603 156 606
40 168 618 714 44 718 56 152 602 730 156 606
168 42 43 618 716 717 56 154 155 604 605 730
157 158 159 160 161 162 163 164 165 166 167 45 46 47 48 49 50 51 52 53 54 55 719 720 721 722 723 724 725 726 727 728 729 607 608 609 610 611 612 613 614 615 616 617
69 71 743 745 170 172 620 622 181 183 631 633 58 60 732 734
68 70 742 744 169 171 619 621 180 182 630 632 57 59 731 733
736 69 743 73 170 747 620 174 624 181 631 185 58 635 732 62
68 742 72 169 746 619 173 623 180 630 184 57 634 731 61 735
64 738 71 745 75 172 749 622 176 626 183 633 187 60 637 734
737 70 744 74 171 748 621 175 625 182 632 186 59 636 733 63
736 66 740 73 747 77 174 751 624 178 628 185 635 189 62 639
65 739 72 746 76 173 750 623 177 627 184 634 188 61 638 735
64 640 738 67 741 75 749 78 176 752 626 179 629 187 637 190
640 737 67 741 74 748 78 175 752 625 179 629 186 636 190 63
65 66 739 740 76 77 750 751 177 178 627 628 188 189 638 639
192 194 642 644 170 172 620 622 80 82 754 756 58 60 732 734
193 641 643 169 171 619 621 79 81 753 755 57 59 731 733 191
192 736 642 196 646 170 620 174 80 624 754 84 758 58 732 62
735 641 195 645 169 619 173 79 623 753 83 757 57 731 61 191
64 194 738 644 198 648 172 622 176 82 626 756 86 760 60 734
193 737 643 197 647 171 621 175 81 625 755 85 759 59 733 63
736 66 196 740 646 200 650 174 624 178 84 628 758 88 762 62
65 195 739 645 199 649 173 623 177 83 627 757 87 761 61 735
64 738 67 741 198 648 201 651 176 626 179 629 86 760 89 763
737 67 197 741 647 201 651 175 625 179 85 629 759 89 763 63
65 66 739 740 199 200 649 650 177 178 627 628 87 88 761 762
69 71 743 745 203 205 653 655 181 183 631 633 91 93 765 767
68 70 742 744 202 204 652 654 180 182 630 632 90 92 764 766
769 69 743 73 203 747 653 207 657 181 631 185 91 635 765 95
768 68 742 72 202 746 652 206 656 180 630 184 90 634 764 94
97 771 71 745 75 205 749 655 209 659 183 633 187 93 637 767
96 770 70 744 74 204 748 654 208 658 182 632 186 92 636 766
639 769 99 773 73 747 77 207 751 657 211 661 185 635 189 95
768 98 772 72 746 76 206 750 656 210 660 184 634 188 94 638
640 97 771 100 774 75 749 78 752 209 659 212 662 187 637 190
96 640 770 100 774 74 748 78 208 752 658 212 662 186 636 190
98 99 772 773 76 77 750 751 210 211 660 661 188 189 638 639
192 194 642 644 102 104 776 778 80 82 754 756 214 216 664 666
193 641 643 101 103 775 777 79 81 753 755 213 215 663 665 191
192 642 196 102 646 776 106 780 80 754 84 214 758 664 218 668
641 195 101 645 775 105 779 79 753 83 213 757 663 217 667 191
194 644 198 104 648 778 108 782 82 756 86 216 760 666 220 670
193 643 197 103 647 777 107 781 81 755 85 215 759 665 219 669
672 196 646 200 106 650 780 110 784 84 758 88 218 762 668 222
195 645 199 105 649 779 109 783 83 757 87 217 761 667 221 671
673 198 648 201 651 108 782 111 785 86 760 89 763 220 670 223
673 197 647 201 107 651 781 111 785 85 759 89 219 763 669 223
672 199 200 649 650 109 110 783 784 87 88 761 762 221 222 671
224 674 203 205 653 655 112 786 91 93 765 767
224 674 202 204 652 654 112 786 90 92 764 766
224 769 674 203 653 207 112 657 786 91 765 95
224 768 674 202 652 206 112 656 786 90 764 94
224 97 674 771 205 655 112 209 786 659 93 767
96 224 674 770 204 654 112 208 658 786 92 766
224 769 674 99 773 207 112 657 786 211 661 95
224 768 98 674 772 206 112 656 210 786 660 94
224 97 674 771 100 774 112 209 786 659 212 662
96 224 674 770 100 774 112 208 658 786 212 662
224 98 99 674 772 773 112 210 211 660 661 786
775 776 777 778 779 780 781 782 783 784 785 663 664 665 666 667 668 669 670 671 672 673 213 214 215 216 217 218 219 220 221 222 223 101 102 103 104 105 106 107 108 109 110 111
799 801 226 228 676 678 237 239 687 689 114 116 788 790 125 127
800 225 227 675 677 236 238 686 688 113 115 787 789 124 126 798
129 226 803 676 230 680 237 687 241 114 691 788 118 792 125 799
128 225 802 675 229 679 236 686 240 113 690 787 117 791 124 798
801 131 228 805 678 232 682 239 689 243 116 693 790 120 794 127
800 130 227 804 677 231 681 238 688 242 115 692 789 119 793 126
129 803 133 230 807 680 234 684 241 691 245 118 695 792 122 796
128 802 132 229 806 679 233 683 240 690 244 117 694 791 121 795
131 805 134 232 808 682 235 685 243 693 246 120 696 794 123 797
130 804 134 231 808 681 235 685 242 692 246 119 696 793 123 797
132 133 806 807 233 234 683 684 244 245 694 695 121 122 795 796
226 228 676 678 136 138 810 812 114 116 788 790 248 250 698 700
225 227 675 677 135 137 809 811 113 115 787 789 247 249 697 699
226 676 230 136 680 810 140 814 114 788 118 248 792 698 252 702
225 675 229 135 679 809 139 813 113 787 117 247 791 697 251 701
704 228 678 232 138 682 812 142 816 116 790 120 250 794 700 254
227 677 231 137 681 811 141 815 115 789 119 249 793 699 253 703
256 706 230 680 234 140 684 814 144 818 118 792 122 252 796 702
705 229 679 233 139 683 813 143 817 117 791 121 251 795 701 255
704 257 707 232 682 235 685 142 816 145 819 120 794 123 797 254
257 707 231 681 235 141 685 815 145 819 119 793 123 253 797 703
256 705 706 233 234 683 684 143 144 817 818 121 122 795 796 255
799 801 259 261 709 711 237 239 687 689 147 149 821 823 125 127
800 258 260 708 710 236 238 686 688 146 148 820 822 124 126 798
129 259 803 709 263 713 237 687 241 147 691 821 151 825 125 799
128 258 802 708 262 712 236 686 240 146 690 820 150 824 124 798
801 131 261 805 711 265 715 239 689 243 149 693 823 153 827 127
800 130 260 804 710 264 714 238 688 242 148 692 822 152 826 126
129 803 133 263 807 713 267 717 241 691 245 151 695 825 155 829
128 802 132 262 806 712 266 716 240 690 244 150 694 824 154 828
131 805 134 808 265 715 268 718 243 693 246 696 153 827 156 830
130 804 134 264 808 714 268 718 242 692 246 152 696 826 156 830
132 133 806 807 266 267 716 717 244 245 694 695 154 155 828 829
160 832 834 136 138 810 812 270 272 720 722 248 250 698 700 158
831 833 135 137 809 811 269 271 719 721 247 249 697 699 157 159
832 162 836 136 810 140 270 814 720 274 724 248 698 252 158 702
161 835 135 809 139 269 813 719 273 723 247 697 251 157 701 831
160 704 834 164 838 138 812 142 272 816 722 276 726 250 700 254
703 833 163 837 137 811 141 271 815 721 275 725 249 699 253 159
256 162 706 836 166 840 140 814 144 274 818 724 278 728 252 702
161 705 835 165 839 139 813 143 273 817 723 277 727 251 701 255
704 257 707 164 838 167 841 142 816 145 819 276 726 279 729 254
257 163 707 837 167 841 141 815 145 275 819 725 279 729 253 703
256 705 706 165 166 839 840 143 144 817 818 277 278 727 728 255
259 261 709 711 168 842 147 149 821 823 280 730
258 260 708 710 168 842 146 148 820 822 280 730
259 709 263 168 713 842 147 821 151 280 825 730
258 708 262 168 712 842 146 820 150 280 824 730
261 711 168 265 842 715 149 823 280 153 730 827
260 710 168 264 714 842 148 822 152 280 730 826
263 168 713 842 267 717 151 280 825 730 155 829
262 168 712 266 842 716 150 280 824 154 730 828
168 265 842 715 268 718 280 153 730 827 156 830
168 264 714 842 268 718 152 280 730 826 156 830
168 266 267 716 717 842 280 154 155 730 828 829
269 270 271 272 273 274 275 276 277 278 279 157 158 159 160 161 162 163 164 165 166 167 831 832 833 834 835 836 837 838 839 840 841 719 720 721 722 723 724 725 726 727 728 729
743 745 170 843 172 181 183 281 732 734
742 744 169 171 843 180 182 281 731 733
736 743 170 747 843 174 181 185 281 732
742 169 746 843 173 180 184 281 731 735
738 745 843 172 749 176 183 281 187 734
737 744 171 748 843 175 182 281 186 733
736 740 747 843 174 751 178 185 281 189
739 746 843 173 750 177 184 281 188 735
738 741 843 749 176 752 179 281 187 190
737 741 843 748 175 752 179 281 186 190
739 740 843 750 751 177 178 281 188 189
192 194 170 843 172 754 756 281 732 734
193 169 171 843 753 755 281 731 733 191
192 736 196 170 843 174 754 758 281 732
735 195 169 843 173 753 757 281 731 191
194 738 198 843 172 176 756 760 281 734
193 737 197 171 843 175 755 759 281 733
736 196 740 200 843 174 178 758 281 762
195 739 199 843 173 177 757 281 761 735
738 741 198 201 843 176 179 760 281 763
737 197 741 201 843 175 179 759 281 763
739 740 199 200 843 177 178 281 761 762
743 745 203 843 205 181 183 281 765 767
742 744 202 843 204 180 182 281 764 766
769 743 203 747 843 207 181 185 281 765
768 742 202 746 843 206 180 184 281 764
771 745 843 205 749 209 183 281 187 767
770 744 843 204 748 208 182 281 186 766
769 773 747 843 207 751 211 185 281 189
768 772 746 843 206 750 210 184 281 188
771 774 843 749 752 209 212 281 187 190
770 774 843 748 208 752 212 281 186 190
772 773 843 750 751 210 211 281 188 189
192 194 776 778 843 754 756 214 216 281
193 775 777 843 753 755 213 215 281 191
192 196 776 843 780 754 214 758 281 218
195 775 779 843 753 213 757 217 281 191
194 198 778 843 782 756 216 281 760 220
193 197 777 843 781 755 215 759 281 219
196 200 843 780 784 758 281 218 762 222
195 199 779 843 783 757 217 281 761 221
198 201 843 782 785 760 281 763 220 223
197 201 843 781 785 759 281 219 763 223
199 200 843 783 784 281 761 762 221 222
224 203 843 205 786 281 765 767
224 202 843 204 786 281 764 766
224 769 203 843 207 786 281 765
224 768 202 843 206 786 281 764
224 771 843 205 209 786 281 767
224 770 843 204 208 786 281 766
224 769 773 843 207 786 211 281
224 768 772 843 206 210 786 281
224 771 774 843 209 786 212 281
224 770 774 843 208 786 212 281
224 772 773 843 210 211 786 281
775 776 777 778 779 780 781 782 783 784 785 281 843 213 214 215 216 217 218 219 220 221 222 223
225 226 227 228 229 230 231 232 233 234 235 236 237 238 239 240 241 242 243 244 245 246 247 248 249 250 251 252 253 254 255 256 257 258 259 260 261 262 263 264 265 266 267 268 269 270 271 272 273 274 275 276 277 278 279 280 787 788 789 790 791 792 793 794 795 796 797 798 799 800 801 802 803 804 805 806 807 808 809 810 811 812 813 814 815 816 817 818 819 820 821 822 823 824 825 826 827 828 829 830 831 832 833 834 835 836 837 838 839 840 841 842
352 901 294 903 296 845 847 912 914 339 341 856 858 283 285 350
900 293 902 295 844 846 911 913 338 340 855 857 282 284 349 351
354 901 294 905 298 845 912 849 339 916 343 856 283 860 350 287
353 900 293 904 297 844 911 848 338 915 342 855 282 859 349 286
352 289 356 903 296 907 300 847 914 851 341 918 345 858 285 862
288 355 902 295 906 299 846 913 850 340 917 344 857 284 861 351
864 354 291 358 905 298 909 302 849 916 853 343 920 347 860 287
353 290 357 904 297 908 301 848 915 852 342 919 346 859 286 863
289 865 292 356 359 907 300 910 303 851 854 918 345 921 348 862
288 865 355 292 359 906 299 910 303 850 917 854 344 921 348 861
864 290 291 357 358 908 301 302 909 852 853 919 920 346 347 863
867 869 901 903 361 363 845 847 305 307 339 341 283 923 285 925
866 868 900 902 360 362 844 846 304 306 338 340 282 922 284 924
927 867 901 871 361 905 365 845 305 849 339 309 343 283 923 287
866 900 870 360 904 364 844 304 848 338 308 342 282 922 286 926
289 929 869 903 873 363 907 367 847 307 851 341 311 345 285 925
288 928 868 902 872 362 906 366 846 306 850 340 310 344 284 924
927 291 931 871 905 875 365 909 369 849 309 853 343 313 347 287
290 930 870 904 874 364 908 368 848 308 852 342 312 346 286 926
289 929 292 932 873 907 876 910 367 370 851 854 311 345 314 348
288 928 292 932 872 906 876 366 910 370 850 310 854 344 314 348
290 291 930 931 874 875 908 909 368 369 852 853 312 313 346 347
352 294 934 296 936 878 880 912 914 372 374 856 858 316 350 318
293 933 295 935 877 879 911 913 371 373 855 857 315 349 317 351
320 354 294 934 298 938 878 912 882 372 916 376 856 316 860 350
353 293 933 297 937 877 911 881 371 915 375 855 315 859 349 319
352 322 356 296 936 300 940 880 914 884 374 918 378 858 318 862
321 355 295 935 299 939 879 913 883 373 917 377 857 317 861 351
320 864 354 324 358 298 938 302 942 882 916 886 376 920 380 860
863 353 323 357 297 937 301 941 881 915 885 375 919 379 859 319
865 322 356 325 359 300 940 303 943 884 918 887 921 378 381 862
321 865 355 325 359 299 939 303 943 883 917 887 377 921 381 861
864 323 324 357 358 301 302 941 942 885 886 919 920 379 380 863
385 867 869 327 329 361 363 305 945 307 947 889 891 923 925 383
384 866 868 326 328 360 362 304 944 306 946 888 890 922 924 382
927 387 867 327 871 361 331 365 305 945 309 949 889 923 893 383
386 866 326 870 360 330 364 304 944 308 948 888 922 892 382 926
385 929 389 869 329 873 363 333 367 307 947 311 951 891 925 895
384 928 388 868 328 872 362 332 366 306 946 310 950 890 924 894
897 387 931 391 871 331 875 365 335 369 309 949 313 953 893 927
896 386 930 390 870 330 874 364 334 368 308 948 312 952 892 926
929 898 932 389 392 873 876 333 367 336 370 311 951 314 954 895
928 898 388 932 392 872 332 876 366 336 370 310 950 314 954 894
896 897 930 931 390 391 874 875 334 335 368 369 312 313 952 953
899 934 936 393 878 880 337 372 374 955 316 318
899 933 935 393 877 879 337 371 373 315 955 317
320 899 934 393 938 878 337 882 372 376 955 316
899 933 393 937 877 337 881 371 375 315 955 319
322 899 936 393 940 880 337 884 374 378 955 318
321 899 935 393 939 879 337 883 373 377 955 317
320 899 324 393 938 942 337 882 886 376 955 380
323 899 393 937 941 337 881 885 375 379 955 319
322 899 325 393 940 943 337 884 887 378 955 381
321 899 325 393 939 943 337 883 887 377 955 381
323 324 899 393 941 942 337 885 886 379 380 955
384 385 386 387 388 389 390 391 392 896 897 898 894 895 944 945 946 947 948 949 950 951 952 953 954 326 327 328 329 330 331 332 333 334 335 336 888 889 890 891 892 893 382 383
294 296 968 970 395 397 845 847 406 408 856 858 283 285 957 959
293 295 967 969 394 396 844 846 405 407 855 857 282 284 956 958
961 294 968 298 395 972 845 399 849 406 856 410 283 860 957 287
960 293 967 297 394 971 844 398 848 405 855 409 282 859 956 286
289 963 296 970 300 397 974 847 401 851 408 858 412 285 862 959
288 962 295 969 299 396 973 846 400 850 407 857 411 284 861 958
864 961 291 965 298 972 302 399 976 849 403 853 410 860 414 287
960 290 964 297 971 301 398 975 848 402 852 409 859 413 286 863
289 865 963 292 966 300 974 303 401 977 851 404 854 412 862 415
288 865 962 292 966 299 973 303 400 977 850 404 854 411 861 415
864 290 291 964 965 301 302 975 976 402 403 852 853 413 414 863
417 419 867 869 395 397 845 847 305 307 979 981 283 285 957 959
416 418 866 868 394 396 844 846 304 306 978 980 282 284 956 958
417 961 867 421 871 395 845 399 305 849 979 309 983 283 957 287
416 960 866 420 870 394 844 398 304 848 978 308 982 282 956 286
289 419 963 869 423 873 397 847 401 307 851 981 311 985 285 959
288 418 962 868 422 872 396 846 400 306 850 980 310 984 284 958
961 291 421 965 871 425 875 399 849 403 309 853 983 313 987 287
960 290 420 964 870 424 874 398 848 402 308 852 982 312 986 286
289 963 292 966 423 873 426 876 401 851 404 854 311 985 314 988
288 962 292 422 966 872 426 876 400 850 404 310 854 984 314 988
290 291 964 965 424 425 874 875 402 403 852 853 312 313 986 987
992 294 296 968 970 428 430 878 880 406 408 856 858 316 318 990
293 295 967 969 427 429 877 879 405 407 855 857 315 317 989 991
320 994 294 968 298 428 972 878 432 882 406 856 410 316 860 990
993 293 967 297 427 971 877 431 881 405 855 409 315 859 989 319
992 322 996 296 970 300 430 974 880 434 884 408 858 412 318 862
321 995 295 969 299 429 973 879 433 883 407 857 411 317 861 991
320 864 994 324 998 298 972 302 432 976 882 436 886 410 860 414
863 993 323 997 297 971 301 431 975 881 435 885 409 859 413 319
865 322 996 325 999 300 974 303 977 434 884 437 887 412 862 415
321 865 995 325 999 299 973 303 433 977 883 437 887 411 861 415
864 323 324 997 998 301 302 975 976 435 436 885 886 413 414 863
417 419 867 869 327 329 1001 1003 305 307 979 981 439 441 889 891
416 418 866 868 326 328 1000 1002 304 306 978 980 438 440 888 890
417 867 421 327 871 1001 331 1005 305 979 309 439 983 889 443 893
416 866 420 326 870 1000 330 1004 304 978 308 438 982 888 442 892
419 869 423 329 873 1003 333 1007 307 981 311 441 985 891 445 895
418 868 422 328 872 1002 332 1006 306 980 310 440 984 890 444 894
897 421 871 425 331 875 1005 335 1009 309 983 313 443 987 893 447
896 420 870 424 330 874 1004 334 1008 308 982 312 442 986 892 446
448 898 423 873 426 876 333 1007 336 1010 311 985 314 988 445 895
448 898 422 872 426 332 876 1006 336 1010 310 984 314 444 988 894
896 897 424 425 874 875 334 335 1008 1009 312 313 986 987 446 447
992 449 899 428 430 878 880 337 1011 316 318 990
449 899 427 429 877 879 337 1011 315 317 989 991
320 449 994 899 428 878 432 337 882 1011 316 990
449 993 899 427 877 431 337 881 1011 315 989 319
992 449 322 899 996 430 880 337 434 1011 884 318
321 449 899 995 429 879 337 433 883 1011 317 991
320 449 994 899 324 998 432 337 882 1011 436 886
449 993 323 899 997 431 337 881 435 1011 885 319
449 322 899 996 325 999 337 434 1011 884 437 887
321 449 899 995 325 999 337 433 883 1011 437 887
449 323 324 899 997 998 337 435 436 885 886 1011
896 897 898 438 439 440 441 442 443 444 445 446 447 448 326 327 328 329 330 331 332 333 334 335 336 1000 1001 1002 1003 1004 1005 1006 1007 1008 1009 1010 888 889 890 891 892 893 894 895
352 1024 1026 451 453 901 903 462 464 912 914 339 341 1013 1015 350
1023 1025 450 452 900 902 461 463 911 913 338 340 1012 1014 349 351
1024 354 451 1028 901 455 905 462 912 466 339 916 1013 343 1017 350
353 450 1027 900 454 904 461 911 465 338 915 1012 342 1016 349 1023
352 1026 356 453 1030 903 457 907 464 914 468 341 918 1015 345 1019
1025 355 452 1029 902 456 906 463 913 467 340 917 1014 344 1018 351
354 1028 358 455 1032 905 459 909 466 916 470 343 920 1017 347 1021
353 1027 357 454 1031 904 458 908 465 915 469 342 919 1016 346 1020
356 1030 359 457 1033 907 460 910 468 918 471 345 921 1019 348 1022
355 1029 359 456 1033 906 460 910 467 917 471 344 921 1018 348 1022
357 358 1031 1032 458 459 908 909 469 470 919 920 346 347 1020 1021
451 453 901 903 361 363 1035 1037 339 341 1013 1015 473 475 923 925
450 452 900 902 360 362 1034 1036 338 340 1012 1014 472 474 922 924
451 901 455 361 905 1035 365 1039 339 1013 343 473 1017 923 477 927
450 900 454 360 904 1034 364 1038 338 1012 342 472 1016 922 476 926
929 453 903 457 363 907 1037 367 1041 341 1015 345 475 1019 925 479
928 452 902 456 362 906 1036 366 1040 340 1014 344 474 1018 924 478
481 931 455 905 459 365 909 1039 369 1043 343 1017 347 477 1021 927
480 930 454 904 458 364 908 1038 368 1042 342 1016 346 476 1020 926
929 482 932 457 907 460 910 367 1041 370 1044 345 1019 348 1022 479
928 482 932 456 906 460 366 910 1040 370 1044 344 1018 348 478 1022
480 481 930 931 458 459 908 909 368 369 1042 1043 346 347 1020 1021
352 1024 1026 484 486 934 936 462 464 912 914 372 374 1046 1048 350
1023 1025 483 485 933 935 461 463 911 913 371 373 1045 1047 349 351
1024 354 484 1028 934 488 938 462 912 466 372 916 1046 376 1050 350
353 483 1027 933 487 937 461 911 465 371 915 1045 375 1049 349 1023
352 1026 356 486 1030 936 490 940 464 914 468 374 918 1048 378 1052
1025 355 485 1029 935 489 939 463 913 467 373 917 1047 377 1051 351
354 1028 358 488 1032 938 492 942 466 916 470 376 920 1050 380 1054
353 1027 357 487 1031 937 491 941 465 915 469 375 919 1049 379 1053
356 1030 359 1033 490 940 493 943 468 918 471 921 378 1052 381 1055
355 1029 359 489 1033 939 493 943 467 917 471 377 921 1051 381 1055
357 358 1031 1032 491 492 941 942 469 470 919 920 379 380 1053 1054
385 1057 1059 361 363 1035 1037 495 497 945 947 473 475 923 925 383
384 1056 1058 360 362 1034 1036 494 496 944 946 472 474 922 924 382
927 1057 387 1061 361 1035 365 495 1039 945 499 949 473 923 477 383
1056 386 1060 360 1034 364 494 1038 944 498 948 472 922 476 382 926
385 929 1059 389 1063 363 1037 367 497 1041 947 501 951 475 925 479
384 928 1058 388 1062 362 1036 366 496 1040 946 500 950 474 924 478
481 387 931 1061 391 1065 365 1039 369 499 1043 949 503 953 477 927
480 386 930 1060 390 1064 364 1038 368 498 1042 948 502 952 476 926
929 482 932 389 1063 392 1066 367 1041 370 1044 501 951 504 954 479
928 482 388 932 1062 392 1066 366 1040 370 500 1044 950 504 954 478
480 481 930 931 390 391 1064 1065 368 369 1042 1043 502 503 952 953
484 486 934 936 393 1067 372 374 1046 1048 505 955
483 485 933 935 393 1067 371 373 1045 1047 505 955
484 934 488 393 938 1067 372 1046 376 505 1050 955
483 933 487 393 937 1067 371 1045 375 505 1049 955
486 936 393 490 1067 940 374 1048 505 378 955 1052
485 935 393 489 939 1067 373 1047 377 505 955 1051
488 393 938 1067 492 942 376 505 1050 955 380 1054
487 393 937 491 1067 941 375 505 1049 379 955 1053
393 490 1067 940 493 943 505 378 955 1052 381 1055
393 489 939 1067 493 943 377 505 955 1051 381 1055
393 491 492 941 942 1067 505 379 380 955 1053 1054
384 385 386 387 388 389 390 391 392 1056 1057 1058 1059 1060 1061 1062 1063 1064 1065 1066 944 945 946 947 948 949 950 951 952 953 954 494 495 496 497 498 499 500 501 502 503 504 382 383
518 520 968 970 395 397 1069 1071 406 408 1080 1082 507 509 957 959
517 519 967 969 394 396 1068 1070 405 407 1079 1081 506 508 956 958
961 518 968 522 395 972 1069 399 1073 406 1080 410 507 1084 957 511
960 517 967 521 394 971 1068 398 1072 405 1079 409 506 1083 956 510
513 963 520 970 524 397 974 1071 401 1075 408 1082 412 509 1086 959
512 962 519 969 523 396 973 1070 400 1074 407 1081 411 508 1085 958
1088 961 515 965 522 972 526 399 976 1073 403 1077 410 1084 414 511
960 514 964 521 971 525 398 975 1072 402 1076 409 1083 413 510 1087
513 1089 963 516 966 524 974 527 401 977 1075 404 1078 412 1086 415
512 1089 962 516 966 523 973 527 400 977 1074 404 1078 411 1085 415
1088 514 515 964 965 525 526 975 976 402 403 1076 1077 413 414 1087
417 419 1091 1093 395 397 1069 1071 529 531 979 981 507 509 957 959
416 418 1090 1092 394 396 1068 1070 528 530 978 980 506 508 956 958
417 961 1091 421 1095 395 1069 399 529 1073 979 533 983 507 957 511
416 960 1090 420 1094 394 1068 398 528 1072 978 532 982 506 956 510
513 419 963 1093 423 1097 397 1071 401 531 1075 981 535 985 509 959
512 418 962 1092 422 1096 396 1070 400 530 1074 980 534 984 508 958
961 515 421 965 1095 425 1099 399 1073 403 533 1077 983 537 987 511
960 514 420 964 1094 424 1098 398 1072 402 532 1076 982 536 986 510
513 963 516 966 423 1097 426 1100 401 1075 404 1078 535 985 538 988
512 962 516 422 966 1096 426 1100 400 1074 404 534 1078 984 538 988
514 515 964 965 424 425 1098 1099 402 403 1076 1077 536 537 986 987
992 518 520 968 970 428 430 1102 1104 406 408 1080 1082 540 542 990
517 519 967 969 427 429 1101 1103 405 407 1079 1081 539 541 989 991
544 994 518 968 522 428 972 1102 432 1106 406 1080 410 540 1084 990
993 517 967 521 427 971 1101 431 1105 405 1079 409 539 1083 989 543
992 546 996 520 970 524 430 974 1104 434 1108 408 1082 412 542 1086
545 995 519 969 523 429 973 1103 433 1107 407 1081 411 541 1085 991
544 1088 994 548 998 522 972 526 432 976 1106 436 1110 410 1084 414
1087 993 547 997 521 971 525 431 975 1105 435 1109 409 1083 413 543
1089 546 996 549 999 524 974 527 977 434 1108 437 1111 412 1086 415
545 1089 995 549 999 523 973 527 433 977 1107 437 1111 411 1085 415
1088 547 548 997 998 525 526 975 976 435 436 1109 1110 413 414 1087
417 419 1091 1093 551 553 1001 1003 529 531 979 981 439 441 1113 1115
416 418 1090 1092 550 552 1000 1002 528 530 978 980 438 440 1112 1114
417 1091 421 551 1095 1001 555 1005 529 979 533 439 983 1113 443 1117
416 1090 420 550 1094 1000 554 1004 528 978 532 438 982 1112 442 1116
419 1093 423 553 1097 1003 557 1007 531 981 535 441 985 1115 445 1119
418 1092 422 552 1096 1002 556 1006 530 980 534 440 984 1114 444 1118
1121 421 1095 425 555 1099 1005 559 1009 533 983 537 443 987 1117 447
1120 420 1094 424 554 1098 1004 558 1008 532 982 536 442 986 1116 446
448 1122 423 1097 426 1100 557 1007 560 1010 535 985 538 988 445 1119
448 1122 422 1096 426 556 1100 1006 560 1010 534 984 538 444 988 1118
1120 1121 424 425 1098 1099 558 559 1008 1009 536 537 986 987 446 447
992 449 1123 428 430 1102 1104 561 1011 540 542 990
449 1123 427 429 1101 1103 561 1011 539 541 989 991
544 449 994 1123 428 1102 432 561 1106 1011 540 990
449 993 1123 427 1101 431 561 1105 1011 539 989 543
992 449 546 1123 996 430 1104 561 434 1011 1108 542
449 545 995 1123 429 1103 433 561 1011 1107 541 991
544 449 994 1123 548 998 432 561 1106 1011 436 1110
449 993 547 1123 997 431 561 1105 435 1011 1109 543
449 546 1123 996 549 999 561 434 1011 1108 437 1111
449 545 995 1123 549 999 433 561 1011 1107 437 1111
449 547 548 997 998 1123 561 435 436 1011 1109 1110
550 551 552 553 554 555 556 557 558 559 560 438 439 440 441 442 443 444 445 446 447 448 1112 1113 1114 1115 1116 1117 1118 1119 1120 1121 1122 1000 1001 1002 1003 1004 1005 1006 1007 1008 1009 1010
1024 1026 451 1124 453 462 464 562 1013 1015
1025 450 452 1124 461 463 562 1012 1014 1023
1024 451 1028 1124 455 462 466 562 1013 1017
450 1027 1124 454 461 465 562 1012 1016 1023
1026 1124 453 1030 457 464 562 468 1015 1019
1025 452 1029 1124 456 463 562 467 1014 1018
1028 1124 455 1032 459 466 562 470 1017 1021
1027 1124 454 1031 458 465 562 469 1016 1020
1124 1030 457 1033 460 562 468 471 1019 1022
1124 1029 456 1033 460 562 467 471 1018 1022
1124 1031 1032 458 459 562 469 470 1020 1021
451 1124 453 1035 1037 562 1013 1015 473 475
450 452 1124 1034 1036 562 1012 1014 472 474
451 1124 455 1035 1039 562 1013 473 1017 477
450 1124 454 1034 1038 562 1012 472 1016 476
1124 453 457 1037 1041 562 1015 475 1019 479
452 1124 456 1036 1040 562 1014 474 1018 478
481 1124 455 459 1039 562 1043 1017 477 1021
480 1124 454 458 1038 562 1042 1016 476 1020
482 1124 457 460 1041 562 1044 1019 1022 479
482 1124 456 460 1040 562 1044 1018 478 1022
480 481 1124 458 459 562 1042 1043 1020 1021
1024 1026 484 1124 486 462 464 562 1046 1048
1025 483 1124 485 461 463 562 1045 1047 1023
1024 484 1028 1124 488 462 466 562 1046 1050
483 1027 1124 487 461 465 562 1045 1049 1023
1026 1124 486 1030 490 464 562 468 1048 1052
1025 1124 485 1029 489 463 562 467 1047 1051
1028 1124 488 1032 492 466 562 470 1050 1054
1027 1124 487 1031 491 465 562 469 1049 1053
1124 1030 1033 490 493 562 468 471 1052 1055
1124 1029 489 1033 493 562 467 471 1051 1055
1124 1031 1032 491 492 562 469 470 1053 1054
1057 1059 1124 1035 1037 495 497 562 473 475
1056 1058 1124 1034 1036 494 496 562 472 474
1057 1124 1061 1035 495 1039 562 499 473 477
1056 1060 1124 1034 494 1038 498 562 472 476
1059 1124 1063 1037 497 562 1041 501 475 479
1058 1124 1062 1036 496 1040 562 500 474 478
481 1124 1061 1065 1039 562 499 1043 503 477
480 1060 1124 1064 1038 498 562 1042 502 476
482 1124 1063 1066 1041 562 1044 501 504 479
482 1124 1062 1066 1040 562 500 1044 504 478
480 481 1124 1064 1065 562 1042 1043 502 503
484 1124 486 1067 562 1046 1048 505
483 1124 485 1067 562 1045 1047 505
484 1124 488 1067 562 1046 505 1050
483 1124 487 1067 562 1045 505 1049
1124 486 490 1067 562 1048 505 1052
1124 485 489 1067 562 1047 505 1051
1124 488 1067 492 562 505 1050 1054
1124 487 491 1067 562 505 1049 1053
1124 490 1067 493 562 505 1052 1055
1124 489 1067 493 562 505 1051 1055
1124 491 492 1067 562 505 1053 1054
1056 1057 1058 1059 1060 1061 1062 1063 1064 1065 1066 562 1124 494 495 496 497 498 499 500 501 502 503 504
512 513 514 515 516 517 518 519 520 521 522 523 524 525 526 527 528 529 530 531 532 533 534 535 536 537 538 539 540 541 542 543 544 545 546 547 548 549 550 551 552 553 554 555 556 557 558 559 560 561 1068 1069 1070 1071 1072 1073 1074 1075 1076 1077 1078 1079 1080 1081 1082 1083 1084 1085 1086 1087 1088 1089 1090 1091 1092 1093 1094 1095 1096 1097 1098 1099 1100 1101 1102 1103 1104 1105 1106 1107 1108 1109 1110 1111 1112 1113 1114 1115 1116 1117 1118 1119 1120 1121 1122 1123 506 507 508 509 510 511
1184 577 1126 1128 1193 1195 620 622 1137 1139 564 566 631 633 1182 575
576 1125 1127 1192 1194 619 621 1136 1138 563 565 630 632 1181 574 1183
1186 579 1126 1193 1130 620 1197 624 1137 564 1141 631 568 635 1182 575
1185 578 1125 1192 1129 619 1196 623 1136 563 1140 630 567 634 1181 574
1184 577 1188 581 1128 1195 1132 622 1199 626 1139 566 1143 633 570 637
576 1187 580 1127 1194 1131 621 1198 625 1138 565 1142 632 569 636 1183
1186 579 1190 583 1130 1197 1134 624 1201 628 1141 568 1145 635 572 639
1185 578 1189 582 1129 1196 1133 623 1200 627 1140 567 1144 634 571 638
640 1188 581 1191 584 1132 1135 1199 626 1202 629 1143 570 1146 573 637
640 1187 580 1191 584 1131 1198 1135 625 1202 629 1142 569 1146 636 573
1189 582 583 1190 1133 1134 1200 1201 627 628 1144 1145 571 572 638 639
1184 642 644 1126 1128 586 588 620 622 564 1204 566 1206 1148 1150 1182
641 643 1125 1127 585 587 619 621 563 1203 565 1205 1147 1149 1181 1183
1152 642 1186 646 1126 586 1130 620 590 624 564 1204 568 1208 1148 1182
641 1185 645 1125 585 1129 619 589 623 563 1203 567 1207 1147 1181 1151
1184 1154 644 1188 648 1128 588 1132 622 592 626 566 1206 570 1210 1150
1153 643 1187 647 1127 587 1131 621 591 625 565 1205 569 1209 1149 1183
1152 1186 1156 646 1190 650 1130 590 1134 624 594 628 568 1208 572 1212
1185 1155 645 1189 649 1129 589 1133 623 593 627 567 1207 571 1211 1151
1154 1188 1157 1191 648 651 1132 1135 592 626 595 629 570 1210 573 1213
1153 1187 1157 647 1191 651 1131 591 1135 625 595 629 569 1209 573 1213
1155 1156 1189 1190 649 650 1133 1134 593 594 627 628 571 572 1211 1212
1215 577 1217 1159 1161 1193 1195 653 655 1137 1139 597 599 631 633 575
576 1216 1158 1160 1192 1194 652 654 1136 1138 596 630 598 632 574 1214
1215 579 1219 1159 1193 1163 653 1197 657 1137 597 1141 631 601 635 575
578 1218 1158 1192 1162 652 1196 656 1136 596 1140 630 600 634 574 1214
577 1217 581 1221 1161 1195 1165 655 1199 659 1139 599 1143 633 603 637
576 1216 580 1220 1160 1194 1164 654 1198 658 1138 598 1142 632 602 636
579 1219 583 1223 1163 1197 1167 657 1201 661 1141 601 1145 635 605 639
578 1218 582 1222 1162 1196 1166 656 1200 660 1140 600 1144 634 604 638
640 581 1221 584 1224 1165 1199 1168 1202 659 662 1143 1146 603 637 606
640 580 1220 584 1224 1164 1198 1168 658 1202 662 1142 602 1146 636 606
582 583 1222 1223 1166 1167 1200 1201 660 661 1144 1145 604 605 638 639
608 610 642 644 586 1226 588 1228 1170 1172 1204 1206 664 666 1148 1150
609 641 643 585 1225 587 1227 1169 1171 1203 1205 663 665 1147 1149 607
608 1152 642 612 646 586 1226 590 1230 1170 1204 1174 664 1208 668 1148
1151 641 611 645 585 1225 589 1229 1169 1203 1173 663 1207 667 1147 607
610 1154 644 614 648 588 1228 592 1232 1172 1206 1176 666 1210 670 1150
609 1153 643 613 647 587 1227 591 1231 1171 1205 1175 665 1209 669 1149
672 1152 612 1156 646 616 650 590 1230 594 1234 1174 1208 1178 668 1212
1151 611 1155 645 615 649 589 1229 593 1233 1173 1207 1177 667 1211 671
673 1154 1157 614 648 617 651 592 1232 595 1235 1176 1210 1179 1213 670
673 1153 613 1157 647 617 651 591 1231 595 1235 1175 1209 1179 669 1213
672 1155 1156 615 616 649 650 593 594 1233 1234 1177 1178 1211 1212 671
1217 674 1159 1161 618 653 655 1236 597 599 1180 1215
1216 674 1158 1160 618 652 654 596 1236 598 1180 1214
674 1219 1159 618 1163 653 657 1236 597 601 1180 1215
674 1218 1158 618 1162 652 656 596 1236 600 1180 1214
1217 674 1221 1161 618 1165 655 659 1236 599 603 1180
1216 674 1220 1160 618 1164 654 658 1236 598 602 1180
674 1219 1223 618 1163 1167 657 1236 661 601 1180 605
674 1218 1222 618 1162 1166 656 660 1236 600 604 1180
674 1221 1224 618 1165 1168 659 1236 662 603 1180 606
674 1220 1224 618 1164 1168 658 1236 662 602 1180 606
674 1222 1223 618 1166 1167 660 661 1236 604 605 1180
1169 1170 1171 1172 1173 1174 663 664 665 666 667 668 669 670 671 672 673 1176 1177 1179 1178 1225 1226 1227 1228 1229 1230 1231 1232 1233 1234 1235 607 608 609 610 611 612 613 614 615 616 617 1175
577 1249 1251 676 678 1126 1128 687 689 1137 1139 564 566 1238 1240 575
576 1248 1250 675 677 1125 1127 686 688 1136 1138 563 565 1237 1239 574
1249 579 676 1253 1126 680 1130 687 1137 691 564 1141 1238 568 1242 575
1248 578 675 1252 1125 679 1129 686 1136 690 563 1140 1237 567 1241 574
577 1251 581 678 1255 1128 682 1132 689 1139 693 566 1143 1240 570 1244
576 1250 580 677 1254 1127 681 1131 688 1138 692 565 1142 1239 569 1243
579 1253 583 680 1257 1130 684 1134 691 1141 695 568 1145 1242 572 1246
578 1252 582 679 1256 1129 683 1133 690 1140 694 567 1144 1241 571 1245
581 1255 584 682 1258 1132 685 1135 693 1143 696 570 1146 1244 573 1247
580 1254 584 681 1258 1131 685 1135 692 1142 696 569 1146 1243 573 1247
582 583 1256 1257 683 684 1133 1134 694 695 1144 1145 571 572 1245 1246
676 678 1126 1128 586 588 1260 1262 564 566 1238 1240 698 700 1148 1150
675 677 1125 1127 585 587 1259 1261 563 565 1237 1239 697 699 1147 1149
1152 676 1126 680 586 1130 1260 590 1264 564 1238 568 698 1242 1148 702
675 1125 679 585 1129 1259 589 1263 563 1237 567 697 1241 1147 701 1151
704 1154 678 1128 682 588 1132 1262 592 1266 566 1240 570 700 1244 1150
1153 677 1127 681 587 1131 1261 591 1265 565 1239 569 699 1243 1149 703
1152 706 1156 680 1130 684 590 1134 1264 594 1268 568 1242 572 702 1246
705 1155 679 1129 683 589 1133 1263 593 1267 567 1241 571 701 1245 1151
704 1154 707 1157 682 1132 685 1135 592 1266 595 1269 570 1244 573 1247
1247 1153 707 1157 681 1131 685 591 1135 1265 595 1269 569 1243 573 703
705 706 1155 1156 683 684 1133 1134 593 594 1267 1268 571 572 1245 1246
577 1249 1251 709 711 1159 1161 687 689 1137 1139 597 599 1271 1273 575
576 1248 1250 708 710 1158 1160 686 688 1136 1138 596 598 1270 1272 574
1249 579 709 1253 1159 713 1163 687 1137 691 597 1141 1271 601 1275 575
1248 578 708 1252 1158 712 1162 686 1136 690 596 1140 1270 600 1274 574
577 1251 581 711 1255 1161 715 1165 689 1139 693 599 1143 1273 603 1277
576 1250 580 710 1254 1160 714 1164 688 1138 692 598 1142 1272 602 1276
579 1253 583 713 1257 1163 717 1167 691 1141 695 601 1145 1275 605 1279
578 1252 582 712 1256 1162 716 1166 690 1140 694 600 1144 1274 604 1278
1280 581 1255 584 1258 715 1165 718 1168 693 1143 696 1146 603 1277 606
1280 580 1254 584 714 1258 1164 718 1168 692 1142 696 602 1146 1276 606
582 583 1256 1257 716 717 1166 1167 694 695 1144 1145 604 605 1278 1279
608 610 1282 1284 586 588 1260 1262 720 722 1170 1172 698 700 1148 1150
609 1281 1283 585 587 1259 1261 719 721 1169 1171 697 699 1147 1149 607
608 1152 1282 612 1286 586 1260 590 720 1264 1170 724 1174 698 1148 702
1151 1281 611 1285 585 1259 589 719 1263 1169 723 1173 697 1147 701 607
704 610 1154 1284 614 1288 588 1262 592 722 1266 1172 726 1176 700 1150
609 1153 1283 613 1287 587 1261 591 721 1265 1171 725 1175 699 1149 703
1152 706 612 1156 1286 616 1290 590 1264 594 724 1268 1174 728 1178 702
705 611 1155 1285 615 1289 589 1263 593 723 1267 1173 727 1177 701 1151
704 1154 707 1157 614 1288 617 1291 592 1266 595 1269 726 1176 729 1179
1153 707 613 1157 1287 617 1291 591 1265 595 725 1269 1175 729 1179 703
705 706 1155 1156 615 616 1289 1290 593 594 1267 1268 727 728 1177 1178
709 711 1159 1161 618 1292 597 599 1271 1273 730 1180
708 710 1158 1160 618 1292 596 598 1270 1272 730 1180
709 1159 713 618 1163 1292 597 1271 601 730 1275 1180
708 1158 712 618 1162 1292 596 1270 600 730 1274 1180
711 1161 618 715 1292 1165 599 1273 730 603 1180 1277
710 1160 618 714 1164 1292 598 1272 602 730 1180 1276
713 618 1163 1292 717 1167 601 730 1275 1180 605 1279
712 618 1162 716 1292 1166 600 730 1274 604 1180 1278
1280 618 715 1292 1165 718 1168 730 603 1180 1277 606
1280 618 714 1164 1292 718 1168 602 730 1180 1276 606
1279 618 716 717 1166 1167 1292 730 604 605 1180 1278
1281 1282 1283 1284 1285 1286 1287 1288 1289 1290 1291 1169 1170 1171 1172 1173 1174 1175 1176 1177 1178 1179 719 720 721 722 723 724 725 726 727 728 729 607 608 609 610 611 612 613 614 615 616 617
1184 743 745 1193 1195 620 622 1294 1296 631 633 1305 1307 732 734 1182
742 744 1192 1194 619 621 1293 1295 630 632 1304 1306 731 733 1181 1183
736 1186 743 1193 747 620 1197 1294 624 1298 631 1305 635 732 1309 1182
1185 742 1192 746 619 1196 1293 623 1297 630 1304 634 731 1308 1181 735
1184 738 1188 745 1195 749 622 1199 1296 626 1300 633 1307 637 734 1311
737 1187 744 1194 748 621 1198 1295 625 1299 632 1306 636 733 1310 1183
736 1313 1186 740 1190 747 1197 751 624 1201 1298 628 1302 635 1309 639
1312 1185 739 1189 746 1196 750 623 1200 1297 627 1301 634 1308 638 735
640 738 1314 1188 741 1191 749 1199 752 626 1202 1300 629 1303 637 1311
640 737 1314 1187 741 1191 748 1198 752 625 1202 1299 629 1303 636 1310
1312 1313 739 740 1189 1190 750 751 1200 1201 627 628 1301 1302 638 639
1184 642 644 1316 1318 620 622 1294 1296 754 756 1204 1206 732 734 1182
641 643 1315 1317 619 621 1293 1295 753 755 1203 1205 731 733 1181 1183
736 642 1186 1316 646 1320 620 1294 624 754 1298 1204 758 1208 732 1182
641 1185 1315 645 1319 619 1293 623 753 1297 1203 757 1207 731 1181 735
1184 738 644 1188 1318 648 1322 622 1296 626 756 1300 1206 760 1210 734
737 643 1187 1317 647 1321 621 1295 625 755 1299 1205 759 1209 733 1183
736 1186 740 646 1190 1320 650 1324 624 1298 628 758 1302 1208 762 1212
1185 739 645 1189 1319 649 1323 623 1297 627 757 1301 1207 761 1211 735
738 1188 741 1191 648 1322 651 1325 626 1300 629 1303 760 1210 763 1213
737 1187 741 647 1191 1321 651 1325 625 1299 629 759 1303 1209 763 1213
739 740 1189 1190 649 650 1323 1324 627 628 1301 1302 761 762 1211 1212
1215 1217 743 745 1193 1195 653 655 1327 1329 631 633 1305 1307 765 767
1216 742 744 1192 1194 652 654 1326 1328 630 632 1304 1306 764 766 1214
769 1219 743 1193 747 653 1197 1327 657 1331 631 1305 635 765 1309 1215
768 1218 742 1192 746 652 1196 1326 656 1330 630 1304 634 764 1308 1214
1311 1217 771 1221 745 1195 749 655 1199 1329 659 1333 633 1307 637 767
1216 770 1220 744 1194 748 654 1198 1328 658 1332 632 1306 636 766 1310
769 1313 1219 773 1223 747 1197 751 657 1201 1331 661 1335 635 1309 639
768 1312 1218 772 1222 746 1196 750 656 1200 1330 660 1334 634 1308 638
640 1314 771 1221 774 1224 749 1199 752 1202 659 1333 662 1336 637 1311
640 770 1314 1220 774 1224 748 1198 752 658 1202 1332 662 1336 636 1310
1312 1313 772 773 1222 1223 750 751 1200 1201 660 661 1334 1335 638 639
642 644 1316 1318 776 778 1226 1228 754 756 1204 1206 664 666 1338 1340
641 643 1315 1317 775 777 1225 1227 753 755 1203 1205 663 665 1337 1339
642 1316 646 776 1320 1226 780 1230 754 1204 758 664 1208 1338 668 1342
641 1315 645 775 1319 1225 779 1229 753 1203 757 663 1207 1337 667 1341
1344 644 1318 648 778 1322 1228 782 1232 756 1206 760 666 1210 1340 670
643 1317 647 777 1321 1227 781 1231 755 1205 759 665 1209 1339 669 1343
672 1346 646 1320 650 780 1324 1230 784 1234 758 1208 762 668 1212 1342
1345 645 1319 649 779 1323 1229 783 1233 757 1207 761 667 1211 1341 671
1344 673 1347 648 1322 651 1325 782 1232 785 1235 760 1210 763 1213 670
673 1347 647 1321 651 781 1325 1231 785 1235 759 1209 763 669 1213 1343
672 1345 1346 649 650 1323 1324 783 784 1233 1234 761 762 1211 1212 671
1215 1217 674 1348 653 655 1327 1329 786 1236 765 767
1216 674 1348 652 654 1326 1328 786 1236 764 766 1214
769 674 1219 1348 653 1327 657 786 1331 1236 765 1215
768 674 1218 1348 652 1326 656 786 1330 1236 764 1214
1217 674 771 1348 1221 655 1329 786 659 1236 1333 767
1216 674 770 1220 1348 654 1328 658 786 1236 1332 766
769 674 1219 1348 773 1223 657 786 1331 1236 661 1335
768 674 1218 772 1348 1222 656 786 1330 660 1236 1334
674 771 1348 1221 774 1224 786 659 1236 1333 662 1336
674 770 1220 1348 774 1224 658 786 1236 1332 662 1336
674 772 773 1222 1223 1348 786 660 661 1236 1334 1335
775 776 777 778 779 780 781 782 783 784 785 663 664 665 666 667 668 669 670 671 672 673 1337 1338 1339 1340 1341 1342 1343 1344 1345 1346 1347 1225 1226 1227 1228 1229 1230 1231 1232 1233 1234 1235
801 1249 1251 676 678 1350 1352 687 689 1361 1363 788 790 1238 1240 799
800 1248 1250 675 677 1349 1351 686 688 1360 1362 787 789 1237 1239 798
1249 803 676 1253 1350 680 1354 687 1361 691 788 1365 1238 792 1242 799
1248 802 675 1252 1349 679 1353 686 1360 690 787 1364 1237 791 1241 798
801 1251 805 678 1255 1352 682 1356 689 1363 693 790 1367 1240 794 1244
800 1250 804 677 1254 1351 681 1355 688 1362 692 789 1366 1239 793 1243
803 1253 807 680 1257 1354 684 1358 691 1365 695 792 1369 1242 796 1246
802 1252 806 679 1256 1353 683 1357 690 1364 694 791 1368 1241 795 1245
805 1255 808 682 1258 1356 685 1359 693 1367 696 794 1370 1244 797 1247
804 1254 808 681 1258 1355 685 1359 692 1366 696 793 1370 1243 797 1247
806 807 1256 1257 683 684 1357 1358 694 695 1368 1369 795 796 1245 1246
676 678 1350 1352 810 812 1260 1262 788 790 1238 1240 698 700 1372 1374
675 677 1349 1351 809 811 1259 1261 787 789 1237 1239 697 699 1371 1373
1376 676 1350 680 810 1354 1260 814 1264 788 1238 792 698 1242 1372 702
675 1349 679 809 1353 1259 813 1263 787 1237 791 697 1241 1371 701 1375
704 1378 678 1352 682 812 1356 1262 816 1266 790 1240 794 700 1244 1374
1377 677 1351 681 811 1355 1261 815 1265 789 1239 793 699 1243 1373 703
1376 706 1380 680 1354 684 814 1358 1264 818 1268 792 1242 796 702 1246
705 1379 679 1353 683 813 1357 1263 817 1267 791 1241 795 701 1245 1375
704 1378 707 1381 682 1356 685 1359 816 1266 819 1269 794 1244 797 1247
1247 1377 707 1381 681 1355 685 815 1359 1265 819 1269 793 1243 797 703
705 706 1379 1380 683 684 1357 1358 817 818 1267 1268 795 796 1245 1246
801 1249 1251 709 711 1383 1385 687 689 1361 1363 821 823 1271 1273 799
800 1248 1250 708 710 1382 1384 686 688 1360 1362 820 822 1270 1272 798
1249 803 709 1253 1383 713 1387 687 1361 691 821 1365 1271 825 1275 799
1248 802 708 1252 1382 712 1386 686 1360 690 820 1364 1270 824 1274 798
801 1251 805 711 1255 1385 715 1389 689 1363 693 823 1367 1273 827 1277
800 1250 804 710 1254 1384 714 1388 688 1362 692 822 1366 1272 826 1276
803 1253 807 713 1257 1387 717 1391 691 1365 695 825 1369 1275 829 1279
802 1252 806 712 1256 1386 716 1390 690 1364 694 824 1368 1274 828 1278
1280 805 1255 808 1258 715 1389 718 1392 693 1367 696 1370 827 1277 830
1280 804 1254 808 714 1258 1388 718 1392 692 1366 696 826 1370 1276 830
806 807 1256 1257 716 717 1390 1391 694 695 1368 1369 828 829 1278 1279
832 834 1282 1284 810 812 1260 1262 720 722 1394 1396 698 700 1372 1374
833 1281 1283 809 811 1259 1261 719 721 1393 1395 697 699 1371 1373 831
832 1376 1282 836 1286 810 1260 814 720 1264 1394 724 1398 698 1372 702
1375 1281 835 1285 809 1259 813 719 1263 1393 723 1397 697 1371 701 831
704 834 1378 1284 838 1288 812 1262 816 722 1266 1396 726 1400 700 1374
833 1377 1283 837 1287 811 1261 815 721 1265 1395 725 1399 699 1373 703
1376 706 836 1380 1286 840 1290 814 1264 818 724 1268 1398 728 1402 702
705 835 1379 1285 839 1289 813 1263 817 723 1267 1397 727 1401 701 1375
704 1378 707 1381 838 1288 841 1291 816 1266 819 1269 726 1400 729 1403
1377 707 837 1381 1287 841 1291 815 1265 819 725 1269 1399 729 1403 703
705 706 1379 1380 839 840 1289 1290 817 818 1267 1268 727 728 1401 1402
709 711 1383 1385 842 1292 821 823 1271 1273 730 1404
708 710 1382 1384 842 1292 820 822 1270 1272 730 1404
709 1383 713 842 1387 1292 821 1271 825 730 1275 1404
708 1382 712 842 1386 1292 820 1270 824 730 1274 1404
711 1385 842 715 1292 1389 823 1273 730 827 1404 1277
710 1384 714 842 1292 1388 822 1272 730 826 1276 1404
713 842 1387 1292 717 1391 825 730 1275 1404 829 1279
712 842 1386 716 1292 1390 824 730 1274 828 1404 1278
1280 842 715 1292 1389 718 1392 730 827 1404 1277 830
1280 714 842 1292 1388 718 1392 730 826 1276 1404 830
1404 842 716 717 1292 1390 1391 730 828 829 1278 1279
1281 1282 1283 1284 1285 1286 1287 1288 1289 1290 1291 831 832 833 834 835 836 837 838 839 840 841 719 720 721 722 723 724 725 726 727 728 729 1393 1394 1395 1396 1397 1398 1399 1400 1401 1402 1403
743 745 843 1294 1296 1305 1307 732 1405 734
742 744 843 1293 1295 1304 1306 731 733 1405
736 743 747 843 1294 1298 1305 732 1309 1405
742 746 843 1293 1297 1304 731 1308 1405 735
738 745 843 749 1296 1300 1307 1405 734 1311
737 744 843 748 1295 1299 1306 733 1310 1405
736 1313 740 747 843 751 1298 1302 1309 1405
1312 739 746 843 750 1297 1301 1308 1405 735
738 1314 741 843 749 752 1300 1303 1405 1311
737 1314 741 843 748 752 1299 1303 1405 1310
1312 1313 739 740 843 750 751 1301 1302 1405
1316 1318 843 1294 1296 754 756 732 1405 734
1315 1317 843 1293 1295 753 755 731 733 1405
736 1316 1320 843 1294 754 1298 758 732 1405
1315 1319 843 1293 753 1297 757 731 1405 735
738 1318 1322 843 1296 756 1300 760 1405 734
737 1317 1321 843 1295 755 1299 759 733 1405
736 740 1320 843 1324 1298 758 1302 762 1405
739 1319 843 1323 1297 757 1301 761 1405 735
738 741 1322 843 1325 1300 1303 760 763 1405
737 741 1321 843 1325 1299 759 1303 763 1405
739 740 843 1323 1324 1301 1302 761 762 1405
743 745 843 1327 1329 1305 1307 765 1405 767
742 744 843 1326 1328 1304 1306 764 1405 766
769 743 747 843 1327 1331 1305 765 1309 1405
768 742 746 843 1326 1330 1304 764 1308 1405
1311 771 745 843 749 1329 1333 1307 1405 767
770 744 843 748 1328 1332 1306 1405 766 1310
769 1313 773 747 843 751 1331 1335 1309 1405
768 1312 772 746 843 750 1330 1334 1308 1405
1314 771 774 843 749 752 1333 1336 1405 1311
770 1314 774 843 748 752 1332 1336 1405 1310
1312 1313 772 773 843 750 751 1334 1335 1405
1316 1318 776 778 843 754 756 1338 1340 1405
1315 1317 775 777 843 753 755 1337 1339 1405
1316 776 1320 843 780 754 758 1338 1405 1342
1315 775 1319 779 843 753 757 1337 1341 1405
1344 1318 778 843 1322 782 756 760 1340 1405
1317 777 1321 843 781 755 759 1339 1405 1343
1346 1320 843 780 1324 784 758 762 1405 1342
1345 1319 779 843 1323 783 757 761 1341 1405
1344 1347 1322 843 1325 782 785 760 763 1405
1347 1321 843 781 1325 785 759 763 1405 1343
1345 1346 843 1323 1324 783 784 761 762 1405
1348 843 1327 1329 786 765 1405 767
1348 843 1326 1328 786 764 1405 766
769 1348 843 1327 786 1331 765 1405
768 1348 843 1326 786 1330 764 1405
771 1348 843 1329 786 1333 1405 767
770 1348 843 1328 786 1332 1405 766
769 1348 773 843 786 1331 1335 1405
768 772 1348 843 786 1330 1334 1405
771 1348 774 843 786 1333 1336 1405
770 1348 774 843 786 1332 1336 1405
772 773 1348 843 786 1334 1335 1405
775 776 777 778 779 780 781 782 783 784 785 1337 1338 1339 1340 1341 1342 1343 1344 1345 1346 1347 843 1405
787 788 789 790 791 792 793 794 795 796 797 798 799 800 801 802 803 804 805 806 807 808 809 810 811 812 813 814 815 816 817 818 819 820 821 822 823 824 825 826 827 828 829 830 831 832 833 834 835 836 837 838 839 840 841 842 1349 1350 1351 1352 1353 1354 1355 1356 1357 1358 1359 1360 1361 1362 1363 1364 1365 1366 1367 1368 1369 1370 1371 1372 1373 1374 1375 1376 1377 1378 1379 1380 1381 1382 1383 1384 1385 1386 1387 1388 1389 1390 1391 1392 1393 1394 1395 1396 1397 1398 1399 1400 1401 1402 1403 1404
901 903 845 847 912 914 856 858 1406
900 902 844 846 911 913 855 857 1406
901 905 845 912 849 916 856 860 1406
900 904 844 911 848 915 855 859 1406
903 907 847 914 851 918 858 862 1406
902 906 846 913 850 917 857 861 1406
864 905 909 849 916 853 920 860 1406
904 908 848 915 852 919 859 1406 863
865 907 910 851 854 918 921 862 1406
865 906 910 850 917 854 921 861 1406
864 908 909 852 853 919 920 1406 863
867 901 869 903 845 847 923 925 1406
866 868 900 902 844 846 922 924 1406
867 901 871 905 845 849 923 1406 927
866 900 870 904 844 848 922 926 1406
929 869 903 873 907 847 851 925 1406
928 868 902 872 906 846 850 924 1406
931 871 905 875 909 849 853 1406 927
930 870 904 874 908 848 852 926 1406
929 932 873 907 876 910 851 854 1406
928 932 872 906 876 910 850 854 1406
930 931 874 875 908 909 852 853 1406
934 936 878 880 912 914 856 858 1406
933 935 877 879 911 913 855 857 1406
934 938 878 912 882 916 856 860 1406
933 937 877 911 881 915 855 859 1406
936 940 880 914 884 918 858 862 1406
935 939 879 913 883 917 857 861 1406
864 938 942 882 916 886 920 860 1406
937 941 881 915 885 919 859 1406 863
865 940 943 884 918 887 921 862 1406
865 939 943 883 917 887 921 861 1406
864 941 942 885 886 919 920 1406 863
867 869 945 947 889 891 923 925 1406
866 868 944 946 888 890 922 924 1406
867 871 945 949 889 923 893 1406 927
866 870 944 948 888 922 892 926 1406
929 869 873 947 951 891 925 1406 895
928 868 872 946 950 890 924 894 1406
897 931 871 875 949 953 893 1406 927
896 930 870 874 948 952 892 926 1406
929 898 932 873 876 951 954 1406 895
928 898 932 872 876 950 954 894 1406
896 897 930 931 874 875 952 953 1406
899 934 936 878 880 955 1406
899 933 935 877 879 955 1406
899 934 938 878 882 955 1406
899 933 937 877 881 955 1406
899 936 940 880 884 955 1406
899 935 939 879 883 955 1406
899 938 942 882 886 955 1406
899 937 941 881 885 955 1406
899 940 943 884 887 955 1406
899 939 943 883 887 955 1406
899 941 942 885 886 955 1406
896 897 898 1406 944 945 946 947 948 949 950 951 952 953 954 888 889 890 891 892 893 894 895
968 970 845 847 856 858 957 1406 959
967 969 844 846 855 857 956 958 1406
961 968 972 845 849 856 860 957 1406
960 967 971 844 848 855 859 956 1406
1406 963 970 974 847 851 858 862 959
962 969 973 846 850 857 861 958 1406
864 961 965 972 976 849 853 860 1406
960 964 971 975 848 852 859 1406 863
865 963 966 974 977 851 854 862 1406
865 962 966 973 977 850 854 861 1406
864 964 965 975 976 852 853 1406 863
867 869 845 847 979 981 957 1406 959
866 868 844 846 978 980 956 958 1406
961 867 871 845 849 979 983 957 1406
960 866 870 844 848 978 982 956 1406
963 869 873 847 851 981 985 1406 959
962 868 872 846 850 980 984 958 1406
961 965 871 875 849 853 983 987 1406
960 964 870 874 848 852 982 986 1406
963 966 873 876 851 854 985 988 1406
962 966 872 876 850 854 984 988 1406
964 965 874 875 852 853 986 987 1406
992 968 970 878 880 856 858 990 1406
967 969 877 879 855 857 989 1406 991
994 968 972 878 882 856 860 990 1406
993 967 971 877 881 855 859 989 1406
992 996 970 974 880 884 858 862 1406
995 969 973 879 883 857 861 1406 991
864 994 998 972 976 882 886 860 1406
993 997 971 975 881 885 859 1406 863
865 996 999 974 977 884 887 862 1406
865 995 999 973 977 883 887 861 1406
864 997 998 975 976 885 886 1406 863
867 869 1001 1003 979 981 889 891 1406
866 868 1000 1002 978 980 888 890 1406
867 871 1001 1005 979 983 889 893 1406
866 870 1000 1004 978 982 888 892 1406
869 873 1003 1007 981 985 891 1406 895
868 872 1002 1006 980 984 890 894 1406
897 871 875 1005 1009 983 987 893 1406
896 870 874 1004 1008 982 986 892 1406
898 873 876 1007 1010 985 988 1406 895
898 872 876 1006 1010 984 988 894 1406
896 897 874 875 1008 1009 986 987 1406
992 899 878 880 1011 990 1406
899 877 879 1011 989 1406 991
994 899 878 882 1011 990 1406
993 899 877 881 1011 989 1406
992 899 996 880 1011 884 1406
899 995 879 883 1011 1406 991
994 899 998 882 1011 886 1406
993 899 997 881 1011 885 1406
899 996 999 1011 884 887 1406
899 995 999 883 1011 887 1406
899 997 998 1011 885 886 1406
896 897 898 1406 1000 1001 1002 1003 1004 1005 1006 1007 1008 1009 1010 888 889 890 891 892 893 894 895
1024 1026 901 903 912 914 1013 1015 1406
1025 900 902 911 913 1012 1014 1406 1023
1024 1028 901 905 912 916 1013 1017 1406
1027 900 904 911 915 1012 1016 1406 1023
1026 1030 903 907 914 918 1015 1019 1406
1025 1029 902 906 913 917 1014 1018 1406
1028 1032 905 909 916 920 1017 1021 1406
1027 1031 904 908 915 919 1016 1020 1406
1030 1033 907 910 918 921 1019 1022 1406
1029 1033 906 910 917 921 1018 1022 1406
1031 1032 908 909 919 920 1020 1021 1406
901 903 1035 1037 1013 1015 923 925 1406
900 902 1034 1036 1012 1014 922 924 1406
901 905 1035 1039 1013 1017 923 1406 927
900 904 1034 1038 1012 1016 922 926 1406
929 903 907 1037 1041 1015 1019 925 1406
928 902 906 1036 1040 1014 1018 924 1406
931 905 909 1039 1043 1017 1021 1406 927
930 904 908 1038 1042 1016 1020 926 1406
929 932 907 910 1041 1044 1019 1022 1406
928 932 906 910 1040 1044 1018 1022 1406
930 931 908 909 1042 1043 1020 1021 1406
1024 1026 934 936 912 914 1046 1048 1406
1025 933 935 911 913 1045 1047 1406 1023
1024 1028 934 938 912 916 1046 1050 1406
1027 933 937 911 915 1045 1049 1406 1023
1026 1030 936 940 914 918 1048 1052 1406
1025 1029 935 939 913 917 1047 1051 1406
1028 1032 938 942 916 920 1050 1054 1406
1027 1031 937 941 915 919 1049 1053 1406
1030 1033 940 943 918 921 1052 1406 1055
1029 1033 939 943 917 921 1051 1406 1055
1031 1032 941 942 919 920 1053 1054 1406
1057 1059 1035 1037 945 947 923 925 1406
1056 1058 1034 1036 944 946 922 924 1406
1057 1061 1035 1039 945 949 923 1406 927
1056 1060 1034 1038 944 948 922 926 1406
929 1059 1063 1037 1041 947 951 925 1406
928 1058 1062 1036 1040 946 950 924 1406
931 1061 1065 1039 1043 949 953 1406 927
930 1060 1064 1038 1042 948 952 926 1406
929 932 1063 1066 1041 1044 951 954 1406
928 932 1062 1066 1040 1044 950 954 1406
930 931 1064 1065 1042 1043 952 953 1406
934 936 1067 1046 1048 955 1406
933 935 1067 1045 1047 955 1406
934 938 1067 1046 1050 955 1406
933 937 1067 1045 1049 955 1406
936 1067 940 1048 955 1052 1406
935 939 1067 1047 955 1051 1406
938 1067 942 1050 955 1054 1406
937 1067 941 1049 955 1053 1406
1067 940 943 955 1052 1406 1055
939 1067 943 955 1051 1406 1055
1067 941 942 955 1053 1054 1406
1056 1057 1058 1059 1060 1061 1062 1063 1064 1065 1066 944 945 946 947 948 949 950 951 952 953 954 1406
968 970 1069 1071 1080 1082 957 1406 959
967 969 1068 1070 1079 1081 956 958 1406
961 968 972 1069 1073 1080 1084 957 1406
960 967 971 1068 1072 1079 1083 956 1406
1406 963 970 974 1071 1075 1082 1086 959
962 969 973 1070 1074 1081 1085 958 1406
1088 961 965 972 976 1073 1077 1084 1406
960 964 971 975 1072 1076 1083 1406 1087
1089 963 966 974 977 1075 1078 1086 1406
1089 962 966 973 977 1074 1078 1085 1406
1088 964 965 975 976 1076 1077 1406 1087
1091 1093 1069 1071 979 981 957 1406 959
1090 1092 1068 1070 978 980 956 958 1406
961 1091 1095 1069 1073 979 983 957 1406
960 1090 1094 1068 1072 978 982 956 1406
963 1093 1097 1071 1075 981 985 1406 959
962 1092 1096 1070 1074 980 984 958 1406
961 965 1095 1099 1073 1077 983 987 1406
960 964 1094 1098 1072 1076 982 986 1406
963 966 1097 1100 1075 1078 985 988 1406
962 966 1096 1100 1074 1078 984 988 1406
964 965 1098 1099 1076 1077 986 987 1406
992 968 970 1102 1104 1080 1082 990 1406
967 969 1101 1103 1079 1081 989 1406 991
994 968 972 1102 1106 1080 1084 990 1406
993 967 971 1101 1105 1079 1083 989 1406
992 996 970 974 1104 1108 1082 1086 1406
995 969 973 1103 1107 1081 1085 1406 991
1088 994 998 972 976 1106 1110 1084 1406
993 997 971 975 1105 1109 1083 1406 1087
1089 996 999 974 977 1108 1111 1086 1406
1089 995 999 973 977 1107 1111 1085 1406
1088 997 998 975 976 1109 1110 1406 1087
1091 1093 1001 1003 979 981 1113 1115 1406
1090 1092 1000 1002 978 980 1112 1114 1406
1091 1095 1001 1005 979 983 1113 1117 1406
1090 1094 1000 1004 978 982 1112 1116 1406
1093 1097 1003 1007 981 985 1115 1406 1119
1092 1096 1002 1006 980 984 1114 1118 1406
1121 1095 1099 1005 1009 983 987 1117 1406
1120 1094 1098 1004 1008 982 986 1116 1406
1122 1097 1100 1007 1010 985 988 1406 1119
1122 1096 1100 1006 1010 984 988 1118 1406
1120 1121 1098 1099 1008 1009 986 987 1406
992 1123 1102 1104 1011 990 1406
1123 1101 1103 1011 989 1406 991
994 1123 1102 1106 1011 990 1406
993 1123 1101 1105 1011 989 1406
992 1123 996 1104 1011 1108 1406
995 1123 1103 1011 1107 1406 991
994 1123 998 1106 1011 1110 1406
993 1123 997 1105 1011 1109 1406
1123 996 999 1011 1108 1111 1406
995 1123 999 1011 1107 1111 1406
1123 997 998 1011 1109 1110 1406
1112 1113 1114 1115 1116 1117 1118 1119 1120 1121 1122 1000 1001 1002 1003 1004 1005 1006 1007 1008 1009 1010 1406
1024 1026 1124 1013 1015 1406
1025 1124 1012 1014 1406 1023
1024 1028 1124 1013 1017 1406
1027 1124 1012 1016 1406 1023
1026 1124 1030 1015 1019 1406
1025 1124 1029 1014 1018 1406
1028 1124 1032 1017 1021 1406
1027 1124 1031 1016 1020 1406
1124 1030 1033 1019 1406 1022
1124 1029 1033 1018 1022 1406
1124 1031 1032 1020 1021 1406
1124 1035 1037 1013 1015 1406
1124 1034 1036 1012 1014 1406
1124 1035 1039 1013 1017 1406
1124 1034 1038 1012 1016 1406
1124 1037 1041 1015 1019 1406
1124 1036 1040 1014 1018 1406
1124 1039 1043 1017 1021 1406
1124 1038 1042 1016 1020 1406
1124 1041 1044 1019 1022 1406
1124 1040 1044 1018 1022 1406
1124 1042 1043 1020 1021 1406
1024 1026 1124 1046 1048 1406
1025 1124 1045 1047 1406 1023
1024 1028 1124 1046 1050 1406
1027 1124 1045 1049 1406 1023
1026 1124 1030 1048 1052 1406
1025 1124 1029 1047 1051 1406
1028 1124 1032 1050 1054 1406
1027 1124 1031 1049 1053 1406
1124 1030 1033 1052 1406 1055
1124 1029 1033 1051 1406 1055
1124 1031 1032 1053 1406 1054
1057 1059 1124 1035 1037 1406
1056 1058 1124 1034 1036 1406
1057 1124 1061 1035 1039 1406
1056 1060 1124 1034 1038 1406
1059 1124 1063 1037 1041 1406
1058 1124 1062 1036 1040 1406
1124 1061 1065 1039 1043 1406
1060 1124 1064 1038 1042 1406
1124 1063 1066 1041 1044 1406
1124 1062 1066 1040 1044 1406
1124 1064 1065 1042 1043 1406
1048 1067 1124 1046 1406
1067 1124 1045 1406 1047
1050 1067 1124 1046 1406
1049 1067 1124 1045 1406
1048 1067 1052 1124 1406
1051 1067 1124 1406 1047
1050 1067 1124 1054 1406
1049 1067 1124 1053 1406
1067 1052 1124 1406 1055
1051 1067 1124 1406 1055
1067 1124 1053 1054 1406
1056 1057 1058 1059 1060 1061 1062 1063 1064 1065 1066 1124 1406
1068 1069 1070 1071 1072 1073 1074 1075 1076 1077 1078 1079 1080 1081 1082 1083 1084 1085 1086 1087 1088 1089 1090 1091 1092 1093 1094 1095 1096 1097 1098 1099 1100 1101 1102 1103 1104 1105 1106 1107 1108 1109 1110 1111 1112 1113 1114 1115 1116 1117 1118 1119 1120 1121 1122 1123 1406
1125 1126 1127 1128 1129 1130 1131 1132 1133 1134 1135 1136 1137 1138 1139 1140 1141 1142 1143 1144 1145 1146 1147 1148 1149 1150 1151 1152 1153 1154 1155 1156 1157 1158 1159 1160 1161 1162 1163 1164 1165 1166 1167 1168 1169 1170 1171 1172 1173 1174 1175 1176 1177 1178 1179 1180 1181 1182 1183 1184 1185 1186 1187 1188 1189 1190 1191 1192 1193 1194 1195 1196 1197 1198 1199 1200 1201 1202 1203 1204 1205 1206 1207 1208 1209 1210 1211 1212 1213 1214 1215 1216 1217 1218 1219 1220 1221 1222 1223 1224 1225 1226 1227 1228 1229 1230 1231 1232 1233 1234 1235 1236 1237 1238 1239 1240 1241 1242 1243 1244 1245 1246 1247 1248 1249 1250 1251 1252 1253 1254 1255 1256 1257 1258 1259 1260 1261 1262 1263 1264 1265 1266 1267 1268 1269 1270 1271 1272 1273 1274 1275 1276 1277 1278 1279 1280 1281 1282 1283 1284 1285 1286 1287 1288 1289 1290 1291 1292 1293 1294 1295 1296 1297 1298 1299 1300 1301 1302 1303 1304 1305 1306 1307 1308 1309 1310 1311 1312 1313 1314 1315 1316 1317 1318 1319 1320 1321 1322 1323 1324 1325 1326 1327 1328 1329 1330 1331 1332 1333 1334 1335 1336 1337 1338 1339 1340 1341 1342 1343 1344 1345 1346 1347 1348 1349 1350 1351 1352 1353 1354 1355 1356 1357 1358 1359 1360 1361 1362 1363 1364 1365 1366 1367 1368 1369 1370 1371 1372 1373 1374 1375 1376 1377 1378 1379 1380 1381 1382 1383 1384 1385 1386 1387 1388 1389 1390 1391 1392 1393 1394 1395 1396 1397 1398 1399 1400 1401 1402 1403 1404 1405
