281 1046
2 4 69 71 13 15 58 60
1 3 68 70 12 14 57 59
2 69 6 73 13 17 58 62
1 68 5 72 12 16 57 61
64 4 71 8 75 15 19 60
3 70 7 74 14 18 59 63
66 6 73 10 77 17 21 62
65 5 72 9 76 16 20 61
64 67 8 11 75 78 19 22
67 7 74 11 78 18 22 63
65 66 9 10 76 77 20 21
2 4 80 82 24 26 58 60
1 3 79 81 23 25 57 59
2 6 80 84 24 58 28 62
1 5 79 83 23 57 27 61
64 4 8 82 86 26 60 30
3 7 81 85 25 59 29 63
32 66 6 10 84 88 28 62
65 5 9 83 87 27 61 31
64 33 67 8 11 86 89 30
33 67 7 11 85 89 29 63
32 65 66 9 10 87 88 31
35 69 37 71 13 15 91 93
34 36 68 70 12 14 90 92
35 69 39 73 13 17 91 95
34 68 38 72 12 16 90 94
97 37 71 41 75 15 19 93
96 36 70 40 74 14 18 92
99 39 73 43 77 17 21 95
98 38 72 42 76 16 20 94
97 100 41 75 44 78 19 22
96 100 40 74 44 78 18 22
98 99 42 43 76 77 20 21
102 104 46 48 80 82 24 26
101 103 45 47 79 81 23 25
102 106 46 80 50 84 24 28
101 105 45 79 49 83 23 27
104 108 48 82 52 86 26 30
103 107 47 81 51 85 25 29
32 106 110 50 84 54 88 28
105 109 49 83 53 87 27 31
33 108 111 52 86 55 89 30
33 107 111 51 85 55 89 29
32 109 110 53 54 87 88 31
35 37 112 56 91 93
34 36 112 56 90 92
35 39 112 56 91 95
34 38 112 56 90 94
97 37 41 112 56 93
96 36 40 112 56 92
99 39 43 112 56 95
98 38 42 112 56 94
97 100 41 44 112 56
96 100 40 44 112 56
98 99 42 43 112 56
45 46 47 48 49 50 51 52 53 54 55 101 102 103 104 105 106 107 108 109 110 111
2 4 13 15 114 116 125 127
1 3 12 14 113 115 124 126
129 2 6 13 17 114 118 125
128 1 5 12 16 113 117 124
131 4 8 15 19 116 120 127
130 3 7 14 18 115 119 126
129 133 6 10 17 21 118 122
128 132 5 9 16 20 117 121
131 134 8 11 19 22 120 123
130 134 7 11 18 22 119 123
132 133 9 10 20 21 121 122
2 4 136 138 114 116 24 26
1 3 135 137 113 115 23 25
2 6 136 140 114 118 24 28
1 5 135 139 113 117 23 27
4 8 138 142 116 120 26 30
3 7 137 141 115 119 25 29
32 6 10 140 144 118 122 28
5 9 139 143 117 121 27 31
33 8 11 142 145 120 123 30
33 7 11 141 145 119 123 29
32 9 10 143 144 121 122 31
35 37 13 15 147 149 125 127
34 36 12 14 146 148 124 126
129 35 39 13 17 147 151 125
128 34 38 12 16 146 150 124
131 37 41 15 19 149 153 127
130 36 40 14 18 148 152 126
129 133 39 43 17 21 151 155
128 132 38 42 16 20 150 154
131 134 41 44 19 22 153 156
130 134 40 44 18 22 152 156
132 133 42 43 20 21 154 155
160 136 138 46 48 24 26 158
135 137 45 47 23 25 157 159
162 136 140 46 50 24 28 158
161 135 139 45 49 23 27 157
160 164 138 142 48 52 26 30
163 137 141 47 51 25 29 159
32 162 166 140 144 50 54 28
161 165 139 143 49 53 27 31
33 164 167 142 145 52 55 30
33 163 167 141 145 51 55 29
32 165 166 143 144 53 54 31
35 37 168 147 149 56
34 36 168 146 148 56
35 39 168 147 151 56
34 38 168 146 150 56
37 168 41 149 56 153
36 40 168 148 56 152
39 168 43 151 56 155
38 168 42 150 56 154
168 41 44 56 153 156
40 168 44 56 152 156
168 42 43 56 154 155
157 158 159 160 161 162 163 164 165 166 167 45 46 47 48 49 50 51 52 53 54 55
69 71 170 172 181 183 58 60
68 70 169 171 180 182 57 59
69 73 170 174 181 185 58 62
68 72 169 173 180 184 57 61
64 71 75 172 176 183 187 60
70 74 171 175 182 186 59 63
66 73 77 174 178 185 189 62
65 72 76 173 177 184 188 61
64 67 75 78 176 179 187 190
67 74 78 175 179 186 190 63
65 66 76 77 177 178 188 189
192 194 170 172 80 82 58 60
193 169 171 79 81 57 59 191
192 196 170 174 80 84 58 62
195 169 173 79 83 57 61 191
64 194 198 172 176 82 86 60
193 197 171 175 81 85 59 63
66 196 200 174 178 84 88 62
65 195 199 173 177 83 87 61
64 67 198 201 176 179 86 89
67 197 201 175 179 85 89 63
65 66 199 200 177 178 87 88
69 71 203 205 181 183 91 93
68 70 202 204 180 182 90 92
69 73 203 207 181 185 91 95
68 72 202 206 180 184 90 94
97 71 75 205 209 183 187 93
96 70 74 204 208 182 186 92
99 73 77 207 211 185 189 95
98 72 76 206 210 184 188 94
97 100 75 78 209 212 187 190
96 100 74 78 208 212 186 190
98 99 76 77 210 211 188 189
192 194 102 104 80 82 214 216
193 101 103 79 81 213 215 191
192 196 102 106 80 84 214 218
195 101 105 79 83 213 217 191
194 198 104 108 82 86 216 220
193 197 103 107 81 85 215 219
196 200 106 110 84 88 218 222
195 199 105 109 83 87 217 221
198 201 108 111 86 89 220 223
197 201 107 111 85 89 219 223
199 200 109 110 87 88 221 222
224 203 205 112 91 93
224 202 204 112 90 92
224 203 207 112 91 95
224 202 206 112 90 94
224 97 205 112 209 93
96 224 204 112 208 92
224 99 207 112 211 95
224 98 206 112 210 94
224 97 100 112 209 212
96 224 100 112 208 212
224 98 99 112 210 211
213 214 215 216 217 218 219 220 221 222 223 101 102 103 104 105 106 107 108 109 110 111
226 228 237 239 114 116 125 127
225 227 236 238 113 115 124 126
129 226 230 237 241 114 118 125
128 225 229 236 240 113 117 124
131 228 232 239 243 116 120 127
130 227 231 238 242 115 119 126
129 133 230 234 241 245 118 122
128 132 229 233 240 244 117 121
131 134 232 235 243 246 120 123
130 134 231 235 242 246 119 123
132 133 233 234 244 245 121 122
226 228 136 138 114 116 248 250
225 227 135 137 113 115 247 249
226 230 136 140 114 118 248 252
225 229 135 139 113 117 247 251
228 232 138 142 116 120 250 254
227 231 137 141 115 119 249 253
256 230 234 140 144 118 122 252
229 233 139 143 117 121 251 255
257 232 235 142 145 120 123 254
257 231 235 141 145 119 123 253
256 233 234 143 144 121 122 255
259 261 237 239 147 149 125 127
258 260 236 238 146 148 124 126
129 259 263 237 241 147 151 125
128 258 262 236 240 146 150 124
131 261 265 239 243 149 153 127
130 260 264 238 242 148 152 126
129 133 263 267 241 245 151 155
128 132 262 266 240 244 150 154
131 134 265 268 243 246 153 156
130 134 264 268 242 246 152 156
132 133 266 267 244 245 154 155
160 136 138 270 272 248 250 158
135 137 269 271 247 249 157 159
162 136 140 270 274 248 252 158
161 135 139 269 273 247 251 157
160 164 138 142 272 276 250 254
163 137 141 271 275 249 253 159
256 162 166 140 144 274 278 252
161 165 139 143 273 277 251 255
257 164 167 142 145 276 279 254
257 163 167 141 145 275 279 253
256 165 166 143 144 277 278 255
259 261 168 147 149 280
258 260 168 146 148 280
259 263 168 147 151 280
258 262 168 146 150 280
261 168 265 149 280 153
260 168 264 148 152 280
263 168 267 151 280 155
262 168 266 150 280 154
168 265 268 280 153 156
168 264 268 152 280 156
168 266 267 280 154 155
269 270 271 272 273 274 275 276 277 278 279 157 158 159 160 161 162 163 164 165 166 167
281 170 172 181 183
169 281 171 180 182
185 170 281 181 174
184 169 281 180 173
176 281 187 172 183
281 186 171 182 175
185 178 281 189 174
184 177 281 188 173
176 281 179 187 190
281 186 179 190 175
177 178 281 188 189
192 281 170 194 172
169 193 171 281 191
192 281 170 196 174
169 281 195 173 191
176 281 194 172 198
193 281 171 197 175
200 281 178 196 174
177 281 195 173 199
176 201 281 179 198
201 281 179 197 175
200 177 178 281 199
281 203 181 205 183
281 202 180 204 182
185 281 203 181 207
184 281 202 180 206
209 281 187 205 183
208 281 186 204 182
185 281 211 189 207
184 281 210 188 206
209 281 187 212 190
208 281 186 212 190
281 210 211 188 189
192 216 194 281 214
215 193 281 213 191
192 281 218 196 214
217 281 195 213 191
216 281 194 220 198
193 281 219 197 215
200 281 218 196 222
217 281 195 221 199
201 281 220 198 223
201 281 219 197 223
200 281 221 222 199
224 281 203 205
224 281 202 204
224 281 203 207
224 281 202 206
224 209 281 205
208 224 281 204
224 281 211 207
224 281 210 206
224 209 281 212
208 224 281 212
224 281 210 211
281 213 214 215 216 217 218 219 220 221 222 223
256 257 258 259 260 261 262 263 264 265 266 267 268 269 270 271 272 273 274 275 276 277 278 279 280 225 226 227 228 229 230 231 232 233 234 235 236 237 238 239 240 241 242 243 244 245 246 247 248 249 250 251 252 253 254 255
