114 541
2 4 20 22
1 3 19 21
32 2 6 14 20 24
32 1 5 14 19 23
33 4 8 15 22 26
33 3 7 15 21 25
34 6 10 16 24 28
34 5 9 16 23 27
35 8 12 17 26 30
35 7 11 17 25 29
36 10 13 18 28 31
36 9 13 18 27 31
32 33 34 35 36 11 12 14 15 16 17 18 29 30
33 34 3 4 35 36 13 15 16 17 18 21 22 31
32 34 35 36 5 6 13 14 16 17 18 23 24 31
32 33 35 36 7 8 13 14 15 17 18 25 26 31
32 33 34 36 9 10 13 14 15 16 18 27 28 31
32 33 34 35 11 12 13 14 15 16 17 29 30 31
40 2 4 38 110
1 3 37 110 39
2 38 6 42 14 110 50
1 5 37 41 14 110 50
4 8 40 44 110 15 51
3 39 7 43 110 15 51
6 10 42 46 110 16 52
5 9 41 45 110 16 52
8 12 44 110 48 17 53
7 11 43 110 47 17 53
10 13 46 110 49 18 54
9 13 45 110 49 18 54
110 11 12 14 15 16 17 18 47 48 50 51 52 53 54
3 4 39 40 13 110 15 16 17 18 49 51 52 53 54
5 6 41 42 13 14 110 16 17 18 49 50 52 53 54
7 8 43 44 13 14 15 110 17 18 49 50 51 53 54
9 10 110 13 14 15 16 45 18 46 49 50 51 52 54
110 11 12 13 14 15 16 17 47 48 49 50 51 52 53
56 58 20 22 111
111 57 19 21 55
32 68 111 20 24 56 60
32 68 111 19 55 23 59
33 69 111 22 26 58 62
33 69 111 21 25 57 61
64 34 70 111 24 28 60
34 70 111 23 27 59 63
66 35 71 111 26 30 62
65 35 71 111 25 29 61
64 67 36 72 111 28 31
31 67 36 72 111 27 63
32 33 34 35 36 65 66 68 69 70 71 72 111 29 30
33 34 35 36 67 69 70 71 72 111 21 22 57 58 31
32 34 35 36 67 68 70 71 72 111 23 24 59 60 31
32 33 35 36 67 68 69 71 72 111 25 26 61 62 31
32 33 34 63 36 64 67 68 69 70 72 111 27 28 31
32 33 34 35 65 66 67 68 69 70 71 111 29 30 31
40 112 74 76 38
112 73 75 37 39
38 42 74 78 112 50 86
37 41 73 77 112 50 86
40 44 76 80 112 51 87
39 43 75 79 112 51 87
42 46 78 112 82 52 88
41 45 77 112 81 52 88
44 48 80 112 84 53 89
43 79 47 112 83 53 89
46 112 49 82 85 54 90
45 112 49 81 85 54 90
47 48 112 50 51 52 53 54 83 84 86 87 88 89 90
39 40 75 76 112 49 51 52 53 54 85 87 88 89 90
41 42 77 78 112 49 50 52 53 54 85 86 88 89 90
43 44 79 80 49 50 51 112 53 54 85 86 87 89 90
45 46 112 49 50 51 52 81 54 82 85 86 87 88 90
47 48 49 50 51 52 53 83 84 85 86 87 88 89 112
56 113 58 92 94
57 113 91 93 55
96 68 104 113 56 60 92
68 104 113 55 59 91 95
98 69 105 113 58 62 94
97 69 105 113 57 61 93
64 96 100 70 106 113 60
63 99 70 106 113 59 95
66 98 102 71 107 113 62
65 97 101 71 107 113 61
64 67 100 103 72 108 113
67 99 103 72 108 113 63
65 66 68 69 70 71 72 101 102 104 105 106 107 108 113
67 69 70 71 72 103 105 106 107 108 113 57 58 93 94
96 67 68 70 71 72 103 104 106 107 108 113 59 60 95
97 98 67 68 69 71 72 103 104 105 107 108 113 61 62
64 67 68 69 70 99 72 100 103 104 105 106 108 113 63
65 66 67 68 69 70 71 101 102 103 104 105 106 107 113
74 114 76 109
73 114 75 109
74 114 109 78 86
73 114 77 86 109
80 114 76 109 87
87 114 75 109 79
88 82 114 109 78
88 81 114 77 109
80 89 114 84 109
89 114 83 109 79
82 90 114 85 109
81 90 114 85 109
109 114 83 84 86 87 88 89 90
75 76 109 114 85 87 88 89 90
77 78 109 114 85 86 88 89 90
109 79 80 114 85 86 87 89 90
109 81 82 114 85 86 87 88 90
109 114 83 84 85 86 87 88 89
91 92 93 94 95 96 97 98 99 100 101 102 103 104 105 106 107 108 110 111 112 113 114
19 20 21 22 23 24 25 26 27 28 29 30 31 32 33 34 35 36 109 111 112 113 114
37 38 39 40 41 42 43 44 45 46 47 48 49 50 51 52 53 54 109 110 112 113 114
55 56 57 58 59 60 61 62 63 64 65 66 67 68 69 70 71 72 109 110 111 113 114
73 74 75 76 77 78 79 80 81 82 83 84 85 86 87 88 89 90 109 110 111 112 114
91 92 93 94 95 96 97 98 99 100 101 102 103 104 105 106 107 108 109 110 111 112 113
