79 156
17 2 4 15
16 1 3 14
2 19 6 15
1 18 5 14
8 17 4 21
16 3 20 7
10 19 6 23
9 18 5 22
8 25 12 21
24 11 20 7
10 26 13 23
9 26 13 22
24 25 11 12
2 4 28 30
1 3 27 29
32 2 28 6
1 27 5 31
8 34 4 30
33 3 29 7
32 10 36 6
9 35 5 31
8 34 12 38
33 11 37 7
10 36 13 39
9 35 13 39
11 12 37 38
17 41 43 15
16 40 42 14
41 19 45 15
40 18 44 14
17 43 21 47
16 42 20 46
49 19 45 23
48 18 44 22
25 51 21 47
24 50 20 46
49 26 52 23
48 26 52 22
24 25 50 51
56 28 30 54
27 29 53 55
32 58 28 54
57 27 53 31
56 34 60 30
33 59 29 55
32 58 36 62
57 35 61 31
64 34 60 38
33 59 37 63
65 36 62 39
65 35 61 39
64 37 38 63
41 43 67 69
40 42 66 68
41 67 45 71
40 66 44 70
73 43 69 47
72 42 68 46
49 75 45 71
48 74 44 70
73 51 77 47
72 50 76 46
49 75 52 78
48 74 52 78
50 51 76 77
56 54 79
79 53 55
58 54 79
57 53 79
56 60 79
79 59 55
58 62 79
57 61 79
64 60 79
79 59 63
65 62 79
65 61 79
64 79 63
66 67 68 69 70 71 72 73 74 75 76 77 78
