475 1795
96 2 4 15 17 81 83 94
1 3 14 16 80 82 93 95
2 98 6 15 81 19 85 94
1 97 5 14 80 18 84 93
96 4 100 8 17 83 21 87
3 99 7 16 82 20 86 95
98 6 102 10 19 85 23 89
97 5 101 9 18 84 22 88
100 8 104 12 21 87 25 91
99 7 103 11 20 86 24 90
102 105 10 13 23 89 26 92
101 9 105 13 22 88 26 92
103 104 11 12 24 25 90 91
2 4 107 109 81 83 28 30
1 3 106 108 80 82 27 29
32 2 6 107 111 81 85 28
1 5 106 110 80 84 27 31
34 4 8 109 113 83 87 30
33 3 7 108 112 82 86 29
32 36 6 10 111 115 85 89
35 5 9 110 114 84 88 31
34 38 8 12 113 117 87 91
33 37 7 11 112 116 86 90
36 39 10 13 115 118 89 92
35 39 9 13 114 118 88 92
37 38 11 12 116 117 90 91
96 41 43 15 17 120 122 94
40 42 14 16 119 121 93 95
98 41 45 15 19 120 124 94
97 40 44 14 18 119 123 93
96 100 43 47 17 21 122 126
99 42 46 16 20 121 125 95
128 98 102 45 49 19 23 124
97 101 44 48 18 22 123 127
130 100 104 47 51 21 25 126
129 99 103 46 50 20 24 125
128 131 102 105 49 52 23 26
131 101 105 48 52 22 26 127
129 130 103 104 50 51 24 25
133 135 107 109 54 56 28 30
132 134 106 108 53 55 27 29
32 133 137 107 111 54 58 28
132 136 106 110 53 57 27 31
34 135 139 109 113 56 60 30
33 134 138 108 112 55 59 29
32 36 137 141 111 115 58 62
35 136 140 110 114 57 61 31
64 34 38 139 143 113 117 60
33 37 138 142 112 116 59 63
65 36 39 141 144 115 118 62
65 35 39 140 144 114 118 61
64 37 38 142 143 116 117 63
67 69 41 43 146 148 120 122
66 68 40 42 145 147 119 121
67 71 41 45 146 150 120 124
66 70 40 44 145 149 119 123
69 73 43 47 148 152 122 126
68 72 42 46 147 151 121 125
128 71 75 45 49 150 154 124
70 74 44 48 149 153 123 127
130 73 77 47 51 152 156 126
129 72 76 46 50 151 155 125
128 131 75 78 49 52 154 157
131 74 78 48 52 153 157 127
129 130 76 77 50 51 155 156
133 135 79 54 56 158
132 134 79 53 55 158
133 137 79 54 58 158
132 136 79 53 57 158
135 139 79 56 60 158
134 138 79 55 59 158
137 141 79 58 158 62
136 140 79 57 61 158
64 139 143 79 60 158
138 142 79 59 158 63
65 141 79 144 158 62
65 140 79 144 61 158
64 142 79 143 158 63
145 146 147 148 149 150 151 152 153 154 155 156 157 66 67 68 69 70 71 72 73 74 75 76 77 78
160 2 162 4 173 15 175 17
1 161 3 172 14 174 16 159
160 2 164 6 173 15 177 19
1 163 5 172 14 176 18 159
162 4 166 8 175 17 179 21
161 3 165 7 174 16 178 20
164 6 168 10 177 19 181 23
163 5 167 9 176 18 180 22
166 8 170 12 179 21 183 25
165 7 169 11 178 20 182 24
168 10 171 13 181 23 184 26
167 9 171 13 180 22 184 26
169 170 11 12 182 183 24 25
160 2 162 4 186 28 188 30
1 161 3 185 27 187 29 159
32 160 2 164 6 186 28 190
31 1 163 5 185 27 189 159
192 34 162 4 166 8 188 30
33 161 3 165 7 187 29 191
32 194 36 164 6 168 10 190
193 35 163 5 167 9 189 31
192 34 196 38 166 8 170 12
33 195 37 165 7 169 11 191
194 36 197 39 168 10 171 13
193 35 197 167 39 9 171 13
195 196 37 38 169 170 11 12
199 41 201 43 173 175 15 17
198 40 200 42 172 14 174 16
199 41 203 45 173 15 177 19
198 40 202 44 172 14 176 18
201 43 205 175 47 17 179 21
200 42 204 46 174 16 178 20
203 45 207 49 177 19 181 23
202 44 206 48 176 18 180 22
205 47 209 51 179 21 183 25
204 46 208 50 178 20 182 24
207 49 210 52 181 23 184 26
206 48 210 52 180 22 184 26
208 209 50 51 182 183 24 25
212 54 214 56 186 28 188 30
211 53 213 55 185 27 187 29
32 212 54 216 58 186 28 190
211 53 215 57 185 27 189 31
192 34 214 56 218 60 188 30
33 213 55 217 59 187 29 191
32 194 36 216 58 220 62 190
193 35 215 57 219 61 189 31
64 192 34 196 38 218 60 222
63 33 195 37 217 59 221 191
65 194 36 197 39 220 62 223
65 193 35 197 39 219 61 223
64 195 196 37 38 221 222 63
225 67 227 69 199 41 201 43
224 66 226 68 198 40 200 42
225 67 229 199 71 41 203 45
224 66 228 70 198 40 202 44
227 69 231 73 201 43 205 47
226 68 230 72 200 42 204 46
229 71 233 75 203 45 207 49
228 70 232 74 202 44 206 48
231 73 235 77 205 47 209 51
230 72 234 76 204 46 208 50
233 75 236 78 207 49 210 52
232 74 236 78 206 48 210 52
234 235 76 77 208 209 50 51
237 79 212 214 54 56
237 79 211 53 213 55
237 79 212 54 216 58
237 79 211 53 215 57
237 79 214 56 218 60
237 79 213 55 217 59
237 79 216 58 220 62
237 79 215 57 219 61
64 237 79 218 60 222
237 79 217 59 221 63
65 237 79 220 62 223
65 237 79 219 61 223
64 237 79 221 222 63
66 67 68 69 70 71 72 73 74 75 76 77 78 224 225 226 227 228 229 230 231 232 233 234 235 236
96 239 81 241 83 252 94 254
238 80 240 82 251 93 253 95
256 98 239 81 243 85 252 94
97 238 80 242 84 251 93 255
96 258 100 241 83 245 87 254
257 99 240 82 244 86 253 95
256 98 260 102 243 85 247 89
97 259 101 242 84 246 88 255
258 100 262 104 245 87 249 91
257 99 261 103 244 86 248 90
260 102 263 105 247 89 250 92
259 101 263 105 246 88 250 92
261 262 103 104 248 249 90 91
265 107 267 109 239 81 241 83
264 106 266 108 238 80 240 82
265 107 269 239 111 81 243 85
264 106 268 110 238 80 242 84
267 109 271 113 241 83 245 87
266 108 270 112 240 82 244 86
269 111 273 115 243 85 247 89
268 110 272 114 242 84 246 88
271 113 275 117 245 87 249 91
270 112 274 116 244 86 248 90
273 115 276 118 247 89 250 92
272 114 276 118 246 88 250 92
274 275 116 117 248 249 90 91
96 278 120 280 122 252 94 254
277 119 279 121 251 93 253 95
256 98 278 120 282 124 252 94
97 277 119 281 123 251 93 255
96 258 100 280 122 284 126 254
257 99 279 121 283 125 253 95
128 256 98 260 102 282 124 286
127 97 259 101 281 123 285 255
288 130 258 100 262 104 284 126
129 257 99 261 103 283 125 287
128 289 131 260 102 263 105 286
289 131 259 101 263 105 285 127
288 129 130 261 262 103 104 287
291 133 293 135 265 107 267 109
290 132 292 134 264 106 266 108
291 133 295 137 265 107 269 111
290 132 294 136 264 106 268 110
293 135 297 139 267 109 271 113
292 134 296 138 266 108 270 112
295 137 299 141 269 111 273 115
294 136 298 140 268 110 272 114
297 139 301 271 143 113 275 117
296 138 300 142 270 112 274 116
299 141 302 144 273 115 276 118
298 140 302 144 272 114 276 118
300 301 142 143 274 275 116 117
304 146 306 148 278 120 280 122
303 145 305 147 277 279 119 121
304 146 308 150 278 120 282 124
303 145 307 149 277 119 281 123
306 148 310 152 280 122 284 126
305 147 309 279 151 121 283 125
128 308 150 312 154 282 124 286
307 149 311 153 281 123 285 127
288 130 310 152 314 156 284 126
129 309 151 313 155 283 125 287
128 289 131 312 154 315 157 286
289 131 311 153 315 157 285 127
288 129 130 313 314 155 156 287
291 293 133 135 316 158
290 132 292 134 316 158
291 133 295 137 316 158
290 132 294 136 316 158
293 135 297 139 316 158
292 134 296 138 316 158
295 137 299 141 316 158
294 136 298 140 316 158
297 139 301 143 316 158
296 138 300 142 316 158
299 141 302 144 316 158
298 140 302 144 316 158
300 301 142 143 316 158
145 146 147 148 149 150 151 152 153 154 155 156 157 303 304 305 306 307 308 309 310 311 312 313 314 315
160 320 162 331 173 333 175 318
159 161 330 172 332 174 317 319
160 322 164 331 173 335 177 318
321 163 330 172 334 176 317 159
320 162 324 166 333 175 337 179
161 323 165 332 174 336 178 319
322 164 326 168 335 177 339 181
321 163 325 167 334 176 338 180
324 166 328 170 337 179 341 183
323 165 327 169 336 178 340 182
326 168 329 171 339 181 342 184
325 167 329 171 338 180 342 184
327 328 169 170 340 341 182 183
160 320 162 344 186 346 188 318
159 161 343 185 345 187 317 319
160 322 164 344 186 348 190 318
321 163 343 185 347 189 317 159
192 320 162 324 166 346 188 350
191 161 323 165 345 187 349 319
352 194 322 164 326 168 348 190
193 321 163 325 167 347 189 351
192 354 196 324 166 328 170 350
353 195 323 165 327 169 349 191
352 194 355 197 326 168 329 171
193 355 197 325 167 329 171 351
353 354 195 196 327 328 169 170
357 199 359 201 331 173 333 175
356 198 358 200 330 172 332 174
357 199 361 203 331 173 335 177
356 198 360 202 330 172 334 176
359 201 363 205 333 175 337 179
358 200 362 204 332 174 336 178
361 203 365 335 207 177 339 181
360 202 364 206 334 176 338 180
363 205 367 209 337 179 341 183
362 204 366 208 336 178 340 182
365 207 368 210 339 181 342 184
364 206 368 210 338 180 342 184
366 367 208 209 340 341 182 183
370 212 372 214 344 186 346 188
369 211 371 213 343 185 345 187
370 212 374 216 344 186 348 190
369 211 373 343 215 185 347 189
192 372 214 376 218 346 188 350
371 213 375 217 345 187 349 191
352 194 374 216 378 220 348 190
193 373 215 377 219 347 189 351
192 354 196 376 218 380 222 350
353 195 375 217 379 221 349 191
352 194 355 197 378 220 381 223
223 193 355 197 377 219 381 351
353 354 195 196 379 380 221 222
225 385 227 357 359 199 201 383
224 384 226 356 198 358 200 382
225 387 229 357 199 361 203 383
224 386 228 356 198 360 202 382
385 227 389 359 231 201 363 205
384 226 388 230 358 200 362 204
387 229 391 233 361 203 365 207
386 228 390 232 360 202 364 206
389 231 393 235 363 205 367 209
388 230 392 234 362 204 366 208
391 233 394 236 365 207 368 210
390 232 394 236 364 206 368 210
392 393 234 235 366 367 208 209
395 237 370 212 372 214
395 237 369 211 371 213
395 237 370 212 374 216
395 237 369 211 373 215
395 237 372 214 376 218
395 237 371 213 375 217
395 237 374 216 378 220
395 237 373 215 377 219
395 237 376 218 380 222
395 237 375 217 379 221
395 237 378 220 381 223
395 237 377 219 381 223
395 237 379 380 221 222
384 385 386 387 388 389 390 391 392 393 394 224 225 226 227 228 229 230 231 232 233 234 235 236 382 383
397 399 239 241 410 252 412 254
396 238 398 240 409 251 411 253
256 397 239 401 243 410 252 414
396 238 400 242 409 251 413 255
416 258 399 241 403 245 412 254
257 398 240 402 244 411 253 415
256 418 260 401 243 405 247 414
417 259 400 242 404 246 413 255
416 258 420 262 403 245 407 249
257 419 261 402 244 406 248 415
418 260 421 263 405 247 408 250
417 259 421 263 404 246 408 250
419 420 261 262 406 407 248 249
423 265 425 267 397 399 239 241
422 264 424 266 396 238 398 240
423 265 427 269 397 239 401 243
422 264 426 268 396 238 400 242
425 267 429 399 271 241 403 245
424 266 428 270 398 240 402 244
427 269 431 273 401 243 405 247
426 268 430 272 400 242 404 246
429 271 433 275 403 245 407 249
428 270 432 274 402 244 406 248
431 273 434 276 405 247 408 250
430 272 434 276 404 246 408 250
432 433 274 275 406 407 248 249
436 278 438 280 410 252 412 254
435 277 437 279 409 251 411 253
256 436 278 440 282 410 252 414
435 277 439 281 409 251 413 255
416 258 438 280 442 284 412 254
257 437 279 441 283 411 253 415
256 418 260 440 282 444 286 414
417 259 439 281 443 285 413 255
288 416 258 420 262 442 284 446
287 257 419 261 441 283 445 415
289 418 260 421 263 444 286 447
289 417 259 421 263 443 285 447
288 419 420 261 262 445 446 287
449 291 451 293 423 265 425 267
448 290 450 292 422 264 424 266
449 291 453 423 295 265 427 269
448 290 452 294 422 264 426 268
451 293 455 297 425 267 429 271
450 292 454 296 424 266 428 270
453 295 457 299 427 269 431 273
452 294 456 298 426 268 430 272
455 297 459 301 429 271 433 275
454 296 458 300 428 270 432 274
457 299 460 302 431 273 434 276
456 298 460 302 430 272 434 276
458 459 300 301 432 433 274 275
462 304 464 306 436 278 438 280
461 303 463 305 435 277 437 279
462 304 466 308 436 278 440 282
461 303 465 307 435 277 439 281
464 306 468 310 438 280 442 284
463 305 467 309 437 279 441 283
466 308 470 312 440 282 444 286
465 307 469 439 311 281 443 285
288 468 310 472 314 442 284 446
467 309 471 313 441 283 445 287
289 470 312 473 315 444 286 447
289 469 311 473 315 443 285 447
288 471 472 313 314 445 446 287
449 291 451 293 474 316
448 290 450 292 474 316
449 291 453 295 474 316
448 290 452 294 474 316
451 293 455 297 474 316
450 292 454 296 474 316
453 295 457 299 474 316
452 294 456 298 474 316
455 297 459 301 474 316
454 296 458 300 474 316
457 299 460 302 474 316
456 298 460 302 474 316
458 459 300 301 474 316
303 304 305 306 307 308 309 310 311 312 313 314 315 461 462 463 464 465 466 467 468 469 470 471 472 473
320 331 475 333 318
330 475 332 317 319
322 331 475 318 335
321 330 475 317 334
320 337 475 324 333
336 323 332 475 319
322 339 475 326 335
321 338 475 325 334
328 337 475 324 341
336 323 340 475 327
329 339 475 326 342
329 338 475 325 342
328 475 340 341 327
320 344 346 475 318
343 345 475 317 319
344 322 475 348 318
321 347 475 317 343
320 346 475 324 350
345 323 475 349 319
352 322 475 348 326
321 347 475 325 351
328 354 475 324 350
353 323 475 349 327
352 329 355 475 326
329 355 475 325 351
328 353 354 475 327
331 475 333 357 359
330 475 332 356 358
361 331 475 357 335
360 330 475 356 334
337 363 475 333 359
336 362 475 332 358
361 339 475 365 335
360 338 475 364 334
337 363 475 341 367
336 362 475 340 366
368 339 475 365 342
368 338 475 364 342
475 340 341 366 367
344 346 370 372 475
345 369 371 475 343
344 370 475 348 374
369 347 475 373 343
376 346 475 372 350
345 371 475 349 375
352 378 475 348 374
377 347 475 373 351
376 354 475 380 350
353 379 475 349 375
352 378 355 475 381
377 355 475 381 351
353 354 379 380 475
383 385 475 357 359
384 475 356 358 382
361 387 475 357 383
360 386 475 356 382
385 363 475 389 359
384 362 475 388 358
361 387 475 365 391
360 386 475 364 390
393 363 475 389 367
392 362 475 388 366
368 394 475 365 391
368 394 475 364 390
392 393 475 366 367
370 395 372 475
369 371 395 475
370 395 475 374
369 395 475 373
376 395 372 475
371 395 475 375
378 395 475 374
377 395 475 373
376 395 380 475
379 395 475 375
378 395 475 381
377 395 475 381
379 380 395 475
384 385 386 387 388 389 390 391 392 393 394 475 382 383
396 397 398 399 400 401 402 403 404 405 406 407 408 409 410 411 412 413 414 415 416 417 418 419 420 421 422 423 424 425 426 427 428 429 430 431 432 433 434 435 436 437 438 439 440 441 442 443 444 445 446 447 448 449 450 451 452 453 454 455 456 457 458 459 460 461 462 463 464 465 466 467 468 469 470 471 472 473 474
