154 792
25 2 4 23
24 1 3 22
2 37 6 16 23 27
1 5 37 16 22 26
4 38 8 17 25 29
3 38 7 17 24 28
6 39 10 18 27 31
5 39 9 18 26 30
33 8 40 12 19 29
32 7 40 11 19 28
35 41 10 14 20 31
34 9 41 13 20 30
33 36 42 12 15 21
32 36 42 11 15 21
34 35 37 38 39 40 41 42 13 14 16 17 18 19 20 21
3 4 36 38 39 40 41 42 15 17 18 19 20 21 24 25
36 5 6 37 39 40 41 42 15 16 18 19 20 21 26 27
36 37 38 7 8 40 41 42 15 16 17 19 20 21 28 29
36 37 38 39 9 10 41 42 15 16 17 18 20 21 30 31
32 33 36 37 38 39 40 42 11 12 15 16 17 18 19 21
34 35 36 37 38 39 40 41 13 14 15 16 17 18 19 20
2 4 44 46 149
1 3 43 45 149
2 6 44 16 48 149 58
1 5 43 47 16 149 58
4 8 46 17 50 149 59
3 7 45 17 49 149 59
6 10 48 18 52 149 60
5 9 47 18 51 149 60
8 12 50 19 149 54 61
7 11 49 19 53 149 61
10 14 20 52 149 56 62
9 13 51 20 149 55 62
12 15 21 54 149 57 63
11 15 21 53 149 57 63
13 14 16 17 18 19 20 21 149 55 56 58 59 60 61 62 63
3 4 45 46 15 17 18 19 20 21 149 57 59 60 61 62 63
5 6 15 16 47 18 19 20 21 48 149 57 58 60 61 62 63
7 8 15 16 17 49 19 20 21 50 149 57 58 59 61 62 63
9 10 15 16 17 18 51 20 21 52 149 57 58 59 60 62 63
11 12 15 16 17 18 19 21 53 54 149 57 58 59 60 61 63
13 14 15 16 17 18 19 20 149 55 56 57 58 59 60 61 62
25 65 67 150 23
24 64 66 22 150
65 37 69 79 150 23 27
64 68 37 79 22 150 26
67 38 71 80 150 25 29
66 38 70 80 150 24 28
69 39 73 81 150 27 31
68 39 72 81 150 26 30
33 71 40 75 82 150 29
32 70 40 74 82 150 28
35 41 73 77 83 150 31
34 72 41 76 83 150 30
33 36 42 75 78 84 150
32 36 42 74 78 84 150
34 35 37 38 39 40 41 42 76 77 79 80 81 82 83 84 150
66 67 36 38 39 40 41 42 78 80 81 82 83 84 150 24 25
36 37 68 39 40 41 42 69 78 79 81 82 83 84 150 26 27
36 37 38 70 40 41 42 71 78 79 80 82 83 84 150 28 29
36 37 38 39 72 41 42 73 78 79 80 81 83 84 150 30 31
32 33 36 37 38 39 40 42 74 75 78 79 80 81 82 84 150
34 35 36 37 38 39 40 41 76 77 78 79 80 81 82 83 150
88 151 44 46 86
151 43 45 85 87
100 44 48 86 151 58 90
100 43 47 85 151 89 58
101 46 50 151 88 59 92
101 45 49 87 151 59 91
102 48 52 151 90 60 94
102 47 51 151 89 60 93
96 103 50 54 151 92 61
103 49 53 151 91 61 95
98 104 52 151 56 62 94
97 104 51 55 151 93 62
96 99 105 54 151 57 63
63 99 105 53 151 57 95
97 98 100 101 102 103 104 105 55 56 151 58 59 60 61 62 63
99 101 102 103 104 105 45 46 87 88 57 151 59 60 61 62 63
90 99 100 102 103 104 105 47 48 151 57 58 89 60 61 62 63
92 99 100 101 103 104 105 49 50 151 57 58 59 91 61 62 63
94 99 100 101 102 104 105 51 52 151 57 58 59 60 93 62 63
95 96 99 100 101 102 103 105 53 54 151 57 58 59 60 61 63
97 98 99 100 101 102 103 104 55 56 57 58 59 60 61 62 151
152 65 67 107 109
64 152 66 106 108
65 69 107 111 79 152 121
64 68 106 110 79 152 121
67 71 109 80 113 152 122
66 70 108 80 112 152 122
69 73 111 81 115 152 123
68 72 110 81 114 152 123
71 75 113 82 117 152 124
70 74 112 82 116 152 124
73 77 83 115 119 152 125
72 76 114 83 118 152 125
75 78 84 117 120 152 126
74 78 84 116 120 152 126
76 77 79 80 81 82 83 84 118 119 152 121 122 123 124 125 126
66 67 108 109 78 80 81 82 83 84 120 152 122 123 124 125 126
68 69 78 79 110 81 82 83 84 111 120 121 152 123 124 125 126
70 71 78 79 80 112 82 83 84 113 120 121 122 152 124 125 126
72 73 78 79 80 81 114 83 84 115 120 121 122 123 152 125 126
74 75 78 79 80 81 82 84 116 117 120 121 122 123 124 152 126
76 77 78 79 80 81 82 83 118 119 120 121 122 123 124 125 152
88 128 130 153 86
127 129 153 85 87
128 100 132 142 86 153 90
131 100 142 85 89 153 127
130 101 134 143 88 153 92
129 101 133 143 87 153 91
132 102 136 144 153 90 94
131 102 135 144 89 153 93
96 134 103 138 145 153 92
133 103 137 145 153 91 95
98 104 136 140 146 153 94
97 135 104 139 146 153 93
96 99 105 138 141 147 153
99 105 137 141 147 153 95
97 98 100 101 102 103 104 105 139 140 142 143 144 145 146 147 153
129 130 99 101 102 103 104 105 141 143 144 145 146 147 87 88 153
99 100 131 102 103 104 105 132 141 142 144 145 146 147 89 90 153
99 100 101 133 103 104 105 134 141 142 143 145 146 147 153 91 92
99 100 101 102 135 104 105 136 141 142 143 144 146 147 153 93 94
96 99 100 101 102 103 105 137 138 141 142 143 144 145 147 153 95
97 98 99 100 101 102 103 104 139 140 141 142 143 144 145 146 153
154 107 148 109
106 154 108 148
121 154 107 148 111
121 106 154 148 110
113 122 154 148 109
112 122 154 108 148
154 115 123 148 111
114 123 148 154 110
113 154 124 117 148
112 154 116 124 148
154 115 148 125 119
114 154 148 125 118
120 154 148 117 126
120 154 116 148 126
148 118 119 121 122 123 124 125 126 154
108 109 148 120 122 123 124 125 126 154
110 111 148 120 121 154 123 124 125 126
112 113 148 120 121 122 154 124 125 126
114 115 148 120 121 122 123 154 125 126
116 117 148 120 121 122 123 124 154 126
148 118 119 120 121 122 123 124 125 154
128 129 130 131 132 133 134 135 136 137 138 139 140 141 142 143 144 145 146 147 149 150 151 152 153 154 127
153 154 148 22 23 24 25 26 27 28 29 30 31 32 33 34 35 36 37 38 39 40 41 42 150 151 152
148 149 151 152 153 154 43 44 45 46 47 48 49 50 51 52 53 54 55 56 57 58 59 60 61 62 63
148 149 150 152 153 154 64 65 66 67 68 69 70 71 72 73 74 75 76 77 78 79 80 81 82 83 84
148 149 150 151 153 154 85 86 87 88 89 90 91 92 93 94 95 96 97 98 99 100 101 102 103 104 105
148 149 150 151 152 154 106 107 108 109 110 111 112 113 114 115 116 117 118 119 120 121 122 123 124 125 126
128 129 130 131 132 133 134 135 136 137 138 139 140 141 142 143 144 145 146 147 148 149 150 151 152 153 127
