1085 11395
2 4 177 179 23 25 156 158
1 3 176 178 22 24 155 157
160 2 37 6 170 16 177 181 23 27 156 191
191 1 5 37 170 16 176 180 22 26 155 159
192 162 4 38 8 171 17 179 183 25 29 158
192 161 3 38 7 171 17 178 182 24 28 157
160 193 164 6 39 10 172 18 181 185 27 31
193 163 5 39 9 172 18 180 184 26 30 159
33 162 194 166 8 40 12 173 19 183 187 29
32 161 194 165 7 40 11 173 19 182 186 28
35 164 195 168 41 10 14 174 20 185 189 31
34 163 195 167 9 41 13 174 20 184 188 30
33 36 196 166 169 42 12 15 175 21 187 190
32 36 165 196 169 42 11 15 175 21 186 190
13 14 16 17 18 19 20 21 34 35 37 38 39 40 41 42 167 172 168 170 173 171 174 175 188 189 191 192 193 194 195 196
3 4 15 17 18 19 20 21 24 25 157 158 36 38 39 40 41 42 169 171 172 173 174 175 178 179 190 192 193 194 195 196
5 6 15 16 18 19 20 21 26 27 159 160 36 37 39 40 41 42 169 170 172 173 174 175 180 181 190 191 193 194 195 196
7 8 15 16 17 19 20 21 28 29 161 162 36 37 38 40 41 42 169 170 171 173 174 175 182 183 190 191 192 194 195 196
9 10 15 16 17 18 20 21 30 31 163 36 37 38 39 164 41 42 169 172 170 171 174 175 184 185 190 191 192 193 195 196
11 12 15 16 17 18 19 21 32 33 36 37 38 39 40 165 42 166 172 169 171 170 173 175 186 187 190 191 192 193 194 196
13 14 15 16 17 18 19 20 34 35 36 37 38 39 40 41 167 168 169 172 170 171 173 174 188 189 190 191 192 193 194 195
2 4 198 200 44 46 303 149 156 158
1 3 197 199 43 45 303 149 155 157
160 2 6 198 170 202 44 303 16 48 212 149 58 156
1 5 197 201 170 43 47 16 303 212 149 58 155 159
162 4 8 200 171 204 46 303 17 50 149 213 59 158
161 3 7 199 171 203 45 303 17 49 149 213 59 157
160 164 6 10 202 172 206 303 48 18 52 149 214 60
163 5 9 201 172 205 47 303 18 51 149 214 60 159
162 166 8 12 173 204 303 208 50 19 149 54 215 61
161 165 7 11 203 173 207 303 49 19 53 149 215 61
164 168 10 14 174 206 303 210 20 52 149 56 216 62
163 167 9 13 174 205 303 209 51 20 149 55 216 62
166 169 12 15 175 208 303 211 21 54 149 57 217 63
165 169 11 15 175 207 303 211 21 53 149 57 217 63
13 14 16 17 18 19 20 21 149 167 168 170 171 172 173 174 175 303 55 56 58 59 60 61 62 63 209 210 212 213 214 215 216 217
3 4 15 17 18 19 20 21 149 157 158 169 171 172 45 46 173 174 175 303 57 59 60 61 62 63 199 200 211 213 214 215 216 217
5 6 15 16 18 19 20 21 149 159 160 169 170 172 173 174 47 48 175 303 57 58 60 61 62 63 201 202 211 212 214 215 216 217
7 8 15 16 17 19 20 21 149 161 162 169 170 171 173 174 175 303 49 50 57 58 59 61 62 63 203 204 211 212 213 215 216 217
9 10 15 16 17 18 20 21 149 163 164 169 170 171 172 174 175 303 51 52 57 58 59 60 62 63 205 206 211 212 213 214 216 217
11 12 15 16 17 18 19 21 149 165 166 169 170 171 172 173 175 303 53 54 57 58 59 60 61 63 207 208 211 212 213 214 215 217
13 14 15 16 17 18 19 20 149 167 168 169 170 171 172 173 174 303 55 56 57 58 59 60 61 62 209 210 211 212 213 214 215 216
65 67 304 177 179 150 23 25 219 221
64 66 176 304 178 22 150 24 218 220
223 65 37 69 233 79 304 177 181 150 23 27 219 191
64 68 37 233 79 176 304 180 22 150 26 218 222 191
192 225 67 38 71 234 80 304 179 150 183 25 29 221
192 224 66 38 70 234 80 304 178 150 182 24 28 220
223 193 227 69 39 73 235 304 81 181 150 185 27 31
193 226 68 39 72 235 304 81 180 150 184 26 30 222
33 194 225 229 71 40 75 236 304 82 150 183 187 29
32 224 194 228 70 40 74 236 304 82 150 182 186 28
35 195 227 231 41 73 77 237 304 83 150 185 189 31
34 195 226 230 72 41 76 237 304 83 150 184 188 30
33 36 196 229 232 42 75 78 238 304 84 150 187 190
32 36 196 228 232 42 74 78 238 304 84 150 186 190
150 34 35 37 38 39 40 41 42 304 188 189 191 192 193 194 195 196 76 77 79 80 81 82 83 84 230 231 233 234 235 236 237 238
150 24 25 36 38 39 40 41 42 304 178 179 190 192 193 66 67 194 195 196 78 80 81 82 83 84 220 221 232 234 235 236 237 238
150 26 27 36 37 39 40 41 42 304 180 181 190 191 193 194 195 68 69 196 78 79 81 82 83 84 222 223 232 233 235 236 237 238
150 28 29 36 37 38 40 41 42 304 182 183 190 191 192 194 195 196 70 71 78 79 80 82 83 84 224 225 232 233 234 236 237 238
150 30 31 36 37 38 39 41 42 304 184 185 190 191 192 193 195 196 72 73 78 79 80 81 83 84 226 227 232 233 234 235 237 238
150 32 33 36 37 38 39 40 42 304 186 187 190 191 192 193 194 196 74 75 78 79 80 81 82 84 228 229 232 233 234 235 236 238
150 34 35 36 37 38 39 40 41 304 188 189 190 191 192 193 194 195 76 77 78 79 80 81 82 83 230 231 232 233 234 235 236 237
198 200 44 46 240 305 242 86 151 88
197 199 43 45 239 241 305 85 151 87
100 198 202 44 48 240 305 212 244 86 151 58 90 254
100 197 201 43 47 239 305 243 212 85 151 89 58 254
101 200 204 46 305 50 242 213 246 151 88 59 92 255
101 199 203 45 49 241 305 213 245 87 151 59 91 255
256 102 202 206 48 305 52 244 214 151 248 90 60 94
256 102 201 205 47 305 51 243 214 151 247 89 60 93
96 257 103 204 208 305 50 54 151 215 246 250 92 61
257 103 203 207 49 305 53 245 151 215 249 91 61 95
98 258 104 206 305 210 52 151 56 216 248 252 62 94
97 258 104 205 209 305 51 55 151 216 247 251 93 62
96 99 259 105 208 305 211 54 151 57 217 250 253 63
63 99 259 105 207 305 211 53 151 57 217 249 253 95
256 257 258 259 151 305 55 56 58 59 60 61 62 63 209 210 212 213 214 215 216 217 97 98 100 101 102 103 104 105 251 252 254 255
256 257 258 259 151 45 46 305 57 59 60 61 62 63 199 200 211 213 214 87 88 215 216 217 99 101 102 103 104 105 241 242 253 255
256 257 258 259 151 47 48 305 57 58 60 61 62 63 201 202 211 212 214 215 216 89 90 217 99 100 102 103 104 105 243 244 253 254
257 258 259 151 49 50 305 57 58 59 61 62 63 203 204 211 212 213 215 216 217 91 92 99 100 101 103 104 105 245 246 253 254 255
256 258 259 151 305 51 52 57 58 59 60 62 63 205 206 211 212 213 214 216 217 93 94 99 100 101 102 104 105 247 248 253 254 255
256 257 259 151 305 53 54 57 58 59 60 61 63 207 208 211 212 213 214 215 217 95 96 99 100 101 102 103 105 249 250 253 254 255
256 257 258 151 305 55 56 57 58 59 60 61 62 209 210 211 212 213 214 215 216 97 98 99 100 101 102 103 104 251 252 253 254 255
65 67 261 263 107 109 306 152 219 221
64 66 260 262 106 108 306 152 218 220
65 69 261 233 265 107 111 79 306 275 152 121 219 223
64 68 260 264 233 106 110 79 306 275 152 121 218 222
225 67 71 263 234 267 109 80 113 306 276 152 122 221
224 66 70 262 234 266 108 80 112 306 276 152 122 220
227 69 73 265 235 269 111 81 306 115 277 152 123 223
226 68 72 264 235 268 110 81 114 306 277 152 123 222
225 229 71 75 236 267 271 113 82 306 117 278 152 124
224 228 70 74 266 236 270 112 82 306 116 278 152 124
227 231 73 77 237 269 273 306 83 115 119 152 279 125
226 230 72 76 237 268 272 114 83 306 118 279 152 125
229 232 75 78 238 271 274 306 84 117 120 152 280 126
228 232 74 78 238 270 274 306 84 116 120 152 280 126
272 273 275 276 277 278 279 152 280 306 76 77 79 80 81 82 83 84 230 231 233 234 235 236 237 238 118 119 121 122 123 124 125 126
262 263 274 276 277 278 279 152 280 306 66 67 78 80 81 82 83 84 220 221 232 234 235 108 109 236 237 238 120 122 123 124 125 126
264 265 274 275 277 278 279 152 280 306 68 69 78 79 81 82 83 84 222 223 232 233 235 236 237 110 111 238 120 121 123 124 125 126
266 267 274 275 276 278 279 152 280 306 70 71 78 79 80 82 83 84 224 225 232 233 234 236 237 238 112 113 120 121 122 124 125 126
268 269 274 275 276 277 279 152 280 306 72 73 78 79 80 81 83 84 226 227 232 233 234 235 237 238 114 115 120 121 122 123 125 126
270 271 274 275 276 277 278 152 280 306 74 75 78 79 80 81 82 84 228 229 232 233 234 235 236 238 116 117 120 121 122 123 124 126
272 273 274 275 276 277 278 279 152 306 76 77 78 79 80 81 82 83 230 231 232 233 234 235 236 237 118 119 120 121 122 123 124 125
128 130 240 242 307 86 88 153 282 284
129 239 241 307 85 87 153 281 283 127
128 100 132 296 142 240 307 244 86 153 90 282 254 286
131 100 296 142 239 243 307 85 89 153 281 285 254 127
288 130 101 134 297 143 242 307 246 88 153 92 284 255
287 129 101 133 297 143 241 307 245 87 153 91 283 255
256 290 132 102 136 298 144 307 244 248 153 90 94 286
256 289 131 102 135 298 144 243 307 247 89 153 93 285
96 257 288 292 134 103 138 299 145 307 246 153 250 92
287 257 291 133 103 137 299 145 307 245 153 249 91 95
98 258 290 294 104 136 140 300 146 307 248 153 252 94
97 258 289 293 135 104 139 300 146 307 247 153 251 93
96 99 259 292 295 105 138 141 301 147 307 153 250 253
99 259 291 295 105 137 141 301 147 307 153 249 253 95
256 257 258 259 139 140 142 143 144 145 146 147 153 293 294 296 297 298 299 300 301 307 97 98 100 101 102 103 104 105 251 252 254 255
256 129 130 257 258 259 141 143 144 145 146 147 153 283 284 295 297 298 299 300 301 307 87 88 99 101 102 103 104 105 241 242 253 255
256 257 258 131 132 259 141 142 144 145 146 147 153 285 286 295 296 298 299 300 301 307 89 90 99 100 102 103 104 105 243 244 253 254
257 258 259 133 134 141 142 143 145 146 147 153 287 288 295 296 297 299 300 301 307 91 92 99 100 101 103 104 105 245 246 253 254 255
256 258 259 135 136 141 142 143 144 146 147 153 289 290 295 296 297 298 300 301 307 93 94 99 100 101 102 104 105 247 248 253 254 255
256 257 259 137 138 141 142 143 144 145 147 153 291 292 295 296 297 298 299 301 307 95 96 99 100 101 102 103 105 249 250 253 254 255
256 257 258 139 140 141 142 143 144 145 146 153 293 294 295 296 297 298 299 300 307 97 98 99 100 101 102 103 104 251 252 253 254 255
261 263 107 109 302 148 308 154
260 262 106 108 302 148 308 154
261 265 107 302 111 275 148 308 121 154
260 264 106 110 302 275 148 308 121 154
263 267 109 302 113 148 276 308 122 154
262 266 108 302 112 148 276 308 122 154
265 269 302 111 115 148 277 308 154 123
264 268 110 302 114 148 277 308 154 123
267 302 271 113 148 117 278 308 154 124
266 270 302 112 116 148 278 308 154 124
269 302 273 115 148 308 119 279 154 125
268 302 272 114 148 308 118 279 154 125
302 271 274 148 117 308 120 280 154 126
270 302 274 116 148 308 120 280 154 126
278 279 280 302 308 272 273 275 148 276 118 119 277 121 122 123 124 125 126 154
280 262 263 108 109 302 308 274 148 276 277 278 120 279 122 123 124 125 126 154
264 265 110 111 302 308 274 275 148 277 278 279 120 121 154 123 124 125 126 280
266 267 302 308 112 113 274 275 148 276 278 279 120 121 122 154 124 125 126 280
279 280 268 269 302 308 114 115 148 274 275 276 120 121 122 123 154 125 126 277
278 280 270 271 302 308 274 275 116 117 148 276 120 121 122 123 124 154 126 277
278 279 302 308 272 273 274 275 148 276 118 119 120 121 122 123 124 125 154 277
128 129 130 131 132 133 134 135 136 137 138 139 140 141 142 143 144 145 146 147 149 150 151 152 153 154 281 282 283 284 285 286 287 288 289 290 291 292 293 294 295 296 297 298 299 300 301 303 304 305 306 307 308 127
153 306 154 307 308 148 22 23 24 25 26 27 28 29 30 31 32 33 34 35 36 37 38 39 40 41 42 302 176 177 178 179 180 181 182 183 184 185 186 187 188 189 190 191 192 193 194 195 196 150 151 304 152 305
306 307 308 148 149 151 152 153 154 43 44 45 46 47 48 49 50 51 52 53 54 55 56 57 58 59 60 61 62 63 197 198 199 200 201 202 203 204 205 206 207 208 209 210 211 212 213 214 215 216 217 302 303 305
148 149 150 152 153 154 302 303 304 306 307 308 64 65 66 67 68 69 70 71 72 73 74 75 76 77 78 79 80 81 82 83 84 218 219 220 221 222 223 224 225 226 227 228 229 230 231 232 233 234 235 236 237 238
256 257 258 259 148 149 150 151 153 154 302 303 304 305 307 308 85 86 87 88 89 90 91 92 93 94 95 96 97 98 99 100 101 102 103 104 105 239 240 241 242 243 244 245 246 247 248 249 250 251 252 253 254 255
260 261 262 263 264 265 266 267 268 269 270 271 272 273 274 275 148 149 150 151 152 276 154 277 278 279 280 302 303 304 305 306 308 106 107 108 109 110 111 112 113 114 115 116 117 118 119 120 121 122 123 124 125 126
128 129 130 131 132 133 134 135 136 137 138 139 140 141 142 143 144 145 146 147 148 149 150 151 152 153 281 282 283 284 285 286 287 288 289 290 291 292 293 294 295 296 297 298 299 300 301 302 303 304 305 306 307 127
2 4 331 333 310 23 312 25 1080
1 3 330 332 309 22 311 24 1080
2 324 37 6 331 335 16 310 23 1080 345 314 27
1 324 5 37 330 334 16 309 22 1080 313 26 345
4 325 38 8 333 17 337 312 25 346 1080 316 29
3 325 38 7 332 336 17 311 24 1080 346 315 28
6 39 326 10 335 18 339 1080 314 27 347 318 31
5 326 39 9 334 18 338 1080 313 26 347 317 30
320 33 327 8 40 12 337 19 341 1080 316 29 348
32 7 40 327 11 336 19 340 1080 315 28 348 319
322 35 328 41 10 14 339 20 343 1080 349 318 31
321 34 328 9 41 13 338 20 342 1080 317 30 349
320 33 323 36 329 42 12 15 21 341 344 1080 350
32 323 36 329 42 11 15 340 21 344 1080 350 319
13 14 16 17 18 19 20 21 34 35 37 38 39 40 41 42 1080 321 322 324 325 326 327 328 329 342 343 345 346 347 348 349 350
3 4 15 17 18 19 20 21 24 25 36 38 39 40 41 42 311 312 1080 323 325 326 327 328 329 332 333 344 346 347 348 349 350
5 6 15 16 18 19 20 21 26 27 36 37 39 40 41 42 1080 313 314 323 324 326 327 328 329 334 335 344 345 347 348 349 350
7 8 15 16 17 19 20 21 28 29 36 37 38 40 41 42 1080 315 316 323 324 325 327 328 329 336 337 344 345 346 348 349 350
9 10 15 16 17 18 20 21 30 31 36 37 38 39 41 42 1080 317 318 323 324 325 326 328 329 338 339 344 345 346 347 349 350
11 12 15 16 17 18 19 21 32 33 36 37 38 39 40 42 1080 319 320 323 324 325 326 327 329 340 341 344 345 346 347 348 350
13 14 15 16 17 18 19 20 34 35 36 37 38 39 40 41 1080 321 322 323 324 325 326 327 328 342 343 344 345 346 347 348 349
352 2 354 4 457 44 46 149 310 312 1080
1 353 3 457 43 45 149 309 311 1080 351
352 2 324 356 6 457 44 366 16 48 149 310 1080 58 314
1 355 324 5 457 43 366 47 16 149 309 1080 313 58 351
354 4 325 358 8 457 46 367 17 50 149 312 1080 59 316
353 3 325 357 7 457 45 367 17 49 149 311 1080 59 315
356 6 326 360 457 10 48 368 18 52 149 1080 314 60 318
355 5 326 359 9 457 47 368 18 51 149 1080 313 60 317
320 358 327 8 457 362 12 369 50 19 149 54 1080 316 61
357 7 327 361 457 11 49 369 19 53 149 1080 315 61 319
322 328 360 10 457 364 14 370 20 52 149 56 1080 62 318
321 359 328 9 457 363 13 370 51 20 149 55 1080 317 62
320 323 329 362 457 12 365 15 371 21 54 149 1080 57 63
319 323 329 361 11 457 365 15 371 21 53 149 1080 57 63
13 14 16 17 18 19 20 21 149 55 56 1080 58 59 60 61 62 63 321 322 324 325 326 327 328 329 457 363 364 366 367 368 369 370 371
3 4 15 17 18 19 20 21 149 45 46 311 312 57 1080 59 60 61 62 63 323 325 326 327 328 329 457 353 354 365 367 368 369 370 371
5 6 15 16 18 19 20 21 149 47 48 1080 57 314 58 313 60 61 62 63 323 324 326 327 328 329 457 355 356 365 366 368 369 370 371
7 8 15 16 17 19 20 21 149 49 50 1080 57 58 59 316 315 61 62 63 323 324 325 327 328 329 457 357 358 365 366 367 369 370 371
9 10 15 16 17 18 20 21 149 51 52 1080 57 58 59 60 317 318 62 63 323 324 325 326 328 329 457 359 360 365 366 367 368 370 371
11 12 15 16 17 18 19 21 149 53 54 1080 57 58 59 60 61 319 320 63 323 324 325 326 327 329 457 361 362 365 366 367 368 369 371
13 14 15 16 17 18 19 20 149 55 56 57 58 59 60 61 62 1080 321 322 323 324 325 326 327 328 457 363 364 365 366 367 368 369 370
65 67 458 331 333 373 150 23 375 25 1080
64 66 330 458 332 372 22 150 24 374 1080
65 387 37 69 458 331 79 335 373 150 23 1080 345 377 27
64 387 68 37 330 458 334 79 372 22 150 376 345 26 1080
67 388 38 71 458 333 80 337 150 375 1080 25 346 379 29
66 388 38 70 458 332 80 336 150 374 24 1080 346 378 28
69 389 39 73 458 335 81 339 150 1080 377 27 347 381 31
68 389 39 72 458 334 81 338 150 376 1080 26 347 380 30
33 390 71 40 458 75 337 82 341 150 1080 379 348 29 383
32 70 390 40 74 458 336 82 340 150 1080 378 28 348 382
385 35 391 41 73 458 77 83 339 150 343 1080 349 381 31
384 34 391 72 41 458 76 338 83 150 342 1080 380 349 30
33 386 36 392 42 75 458 78 84 341 150 344 1080 350 383
32 386 36 392 42 74 458 78 84 340 150 344 1080 350 382
384 385 387 388 389 390 391 392 150 34 35 37 38 39 40 41 42 1080 458 76 77 79 80 81 82 83 84 342 343 345 346 347 348 349 350
386 388 389 390 391 392 150 24 25 36 38 39 40 41 42 1080 66 67 458 332 333 78 80 81 82 83 84 344 346 347 348 349 350 374 375
386 387 389 390 391 392 150 26 27 36 37 39 40 41 42 1080 68 69 458 78 79 334 81 82 83 84 335 344 345 347 348 349 350 376 377
386 387 388 390 391 392 150 28 29 36 37 38 40 41 42 1080 70 71 458 78 79 80 336 82 83 84 337 344 345 346 348 349 350 378 379
386 387 388 389 391 392 150 30 31 36 37 38 39 41 42 1080 72 73 458 78 79 80 81 338 83 84 339 344 345 346 347 349 350 380 381
386 387 388 389 390 392 150 32 33 36 37 38 39 40 42 1080 74 75 458 78 79 80 81 82 84 340 341 344 345 346 347 348 350 382 383
384 385 386 387 388 389 390 391 150 34 35 36 37 38 39 40 41 1080 458 76 77 78 79 80 81 82 83 342 343 344 345 346 347 348 349
352 354 394 459 44 396 46 86 151 88 1080
353 393 43 395 45 459 85 151 87 1080 351
352 100 356 394 459 44 366 398 48 86 151 408 1080 58 90
355 100 393 43 459 397 366 47 85 151 408 89 58 1080 351
354 101 358 459 396 46 367 400 50 151 88 409 1080 59 92
353 101 357 395 459 45 367 399 49 87 151 409 1080 59 91
356 102 360 459 398 48 368 402 52 151 1080 90 410 60 94
355 102 359 459 397 47 368 401 51 151 1080 89 410 60 93
96 358 103 362 459 400 369 50 404 54 151 1080 411 92 61
357 103 361 459 399 49 369 403 53 151 1080 91 411 61 95
98 104 360 459 364 370 402 52 406 151 56 1080 412 62 94
97 359 104 363 459 401 370 51 405 55 151 1080 412 93 62
96 99 105 362 459 365 371 404 54 151 407 57 1080 413 63
63 99 105 361 459 365 371 403 53 151 407 57 1080 413 95
405 406 151 408 409 410 411 412 413 55 56 1080 58 59 60 61 62 63 459 97 98 100 101 102 103 104 105 363 364 366 367 368 369 370 371
395 396 151 407 409 410 411 412 413 45 46 1080 57 59 60 61 62 63 459 87 88 353 354 99 101 102 103 104 105 365 367 368 369 370 371
397 398 151 407 408 410 411 412 413 47 48 1080 57 58 60 61 62 63 459 89 90 99 100 355 102 103 104 105 356 365 366 368 369 370 371
399 400 151 407 408 409 411 412 413 49 50 1080 57 58 59 61 62 63 459 91 92 99 100 101 357 103 104 105 358 365 366 367 369 370 371
401 402 151 407 408 409 410 412 413 51 52 1080 57 58 59 60 62 63 459 93 94 99 100 101 102 359 104 105 360 365 366 367 368 370 371
403 404 151 407 408 409 410 411 413 53 54 1080 57 58 59 60 61 63 459 95 96 99 100 101 102 103 105 361 362 365 366 367 368 369 371
405 406 151 407 408 409 410 411 412 55 56 57 58 59 60 61 62 1080 459 97 98 99 100 101 102 103 104 363 364 365 366 367 368 369 370
65 417 67 107 460 109 373 375 152 1080 415
64 416 66 106 108 460 372 374 152 1080 414
65 387 419 69 107 460 429 111 79 373 152 121 377 1080 415
64 418 387 68 106 460 429 110 79 372 152 121 376 1080 414
417 67 388 421 71 460 109 430 80 113 375 152 1080 122 379
416 66 388 420 70 108 460 430 80 112 374 152 1080 122 378
419 69 389 423 73 460 111 431 81 115 152 377 1080 123 381
418 68 389 422 72 460 110 431 81 114 152 376 1080 123 380
421 390 71 425 75 460 432 113 82 117 152 1080 379 124 383
420 70 390 424 74 460 112 432 82 116 152 1080 378 124 382
385 391 423 73 427 460 77 433 83 115 119 152 1080 125 381
384 422 391 72 426 76 460 433 114 83 118 152 1080 380 125
386 392 425 75 428 460 78 434 84 117 120 152 1080 126 383
386 392 424 74 428 460 78 434 84 116 120 152 1080 126 382
384 385 387 388 389 390 391 392 152 426 427 429 430 431 432 433 434 1080 76 77 460 79 80 81 82 83 84 118 119 121 122 123 124 125 126
386 388 389 390 391 392 152 416 417 428 430 431 432 433 434 1080 66 67 460 78 80 81 82 83 84 108 109 374 375 120 122 123 124 125 126
386 387 389 390 391 392 152 418 419 428 429 431 432 433 434 1080 68 69 460 78 79 81 82 83 84 110 111 120 377 121 123 124 125 126 376
386 387 388 390 391 392 152 420 421 428 429 430 432 433 434 1080 70 71 460 78 79 80 82 83 84 112 113 120 121 122 379 124 125 126 378
386 387 388 389 391 392 152 422 423 428 429 430 431 433 434 1080 72 73 460 78 79 80 81 83 84 114 115 120 121 122 123 380 381 125 126
382 386 387 388 389 390 392 152 424 425 428 429 430 431 432 434 1080 74 75 460 78 79 80 81 82 84 116 117 120 121 122 123 124 126 383
384 385 386 387 388 389 390 391 152 426 427 428 429 430 431 432 433 1080 76 77 78 79 80 81 82 83 460 118 119 120 121 122 123 124 125
128 130 394 396 461 436 86 438 88 153 1080
129 393 395 461 435 85 437 87 1080 153 127
128 450 100 132 394 461 142 398 436 86 408 153 90 440 1080
450 131 100 393 397 142 461 435 85 439 408 89 153 1080 127
130 451 101 134 396 461 143 400 438 88 153 409 442 92 1080
129 451 101 133 395 461 143 399 437 87 1080 153 409 91 441
132 452 102 136 461 398 144 402 440 153 90 410 444 1080 94
131 452 102 135 397 461 144 401 439 1080 89 153 410 443 93
96 453 134 103 138 461 400 145 404 1080 153 442 411 92 446
133 453 103 137 461 399 145 403 1080 153 441 91 411 445 95
448 98 454 104 136 140 461 146 402 406 1080 153 412 444 94
97 454 135 104 139 461 401 146 405 1080 153 443 412 93 447
96 449 99 455 105 138 141 461 147 404 407 1080 153 413 446
449 99 455 105 137 141 461 147 403 407 1080 153 413 445 95
139 140 142 143 144 145 146 147 405 406 408 153 409 410 411 412 413 1080 447 448 450 451 452 453 454 455 461 97 98 100 101 102 103 104 105
129 130 395 396 141 143 144 145 146 147 407 153 409 410 411 412 413 437 438 1080 449 451 452 453 454 455 461 87 88 99 101 102 103 104 105
131 132 141 142 397 144 145 146 147 398 407 408 153 410 411 412 413 439 440 1080 449 450 452 453 454 455 461 89 90 99 100 102 103 104 105
133 134 141 142 143 399 145 146 147 400 407 408 153 409 411 412 413 1080 441 442 449 450 451 453 454 455 461 91 92 99 100 101 103 104 105
135 136 141 142 143 144 401 146 147 402 407 408 153 409 410 412 413 1080 443 444 449 450 451 452 454 455 461 93 94 99 100 101 102 104 105
137 138 141 142 143 144 145 147 403 404 407 408 153 409 410 411 413 1080 445 446 449 450 451 452 453 455 461 95 96 99 100 101 102 103 105
139 140 141 142 143 144 145 146 405 406 407 408 153 409 410 411 412 1080 447 448 449 450 451 452 453 454 461 97 98 99 100 101 102 103 104
417 456 107 109 462 148 1080 154 415
416 456 106 108 462 148 1080 154 414
419 456 107 429 462 111 148 1080 121 154 415
418 456 106 429 110 462 148 1080 121 154 414
417 421 456 109 430 462 113 148 1080 122 154
416 420 456 108 430 462 112 148 1080 122 154
419 423 456 462 111 431 115 148 1080 154 123
418 422 456 110 431 462 114 148 1080 154 123
421 456 425 462 432 113 148 117 1080 154 124
420 424 456 462 112 432 116 148 1080 154 124
423 456 427 462 433 115 148 119 1080 154 125
422 456 426 462 433 114 148 118 1080 154 125
456 425 428 462 434 148 117 120 1080 154 126
424 456 428 462 434 116 148 120 1080 154 126
456 426 427 429 430 431 432 433 434 462 148 118 119 1080 121 122 123 124 125 126 154
416 417 456 108 109 428 430 431 432 433 434 148 462 120 1080 122 123 124 125 126 154
418 419 456 428 429 110 111 431 432 433 434 148 462 120 121 154 123 124 125 126 1080
420 421 456 428 429 430 462 112 113 432 433 148 434 120 121 122 154 124 125 126 1080
422 423 456 428 429 430 431 462 433 114 115 148 434 120 121 122 123 154 125 126 1080
424 425 456 428 429 430 431 432 462 434 116 117 148 120 121 122 123 124 154 126 1080
456 426 427 428 429 430 431 432 433 462 148 118 119 120 121 122 123 124 125 154 1080
128 129 130 131 132 133 134 135 136 137 138 139 140 141 142 143 144 145 146 147 149 150 151 152 153 154 1080 435 436 437 438 439 440 441 442 443 444 445 446 447 448 449 450 451 452 453 454 455 457 458 459 460 461 462 127
458 153 459 154 460 461 148 462 22 23 24 25 26 27 28 29 30 31 32 33 34 35 36 37 38 39 40 41 42 1080 456 330 331 332 333 334 335 336 337 338 339 340 341 342 343 344 345 346 347 348 349 350 150 151 152
148 149 151 152 153 154 43 44 45 46 47 48 49 50 51 52 53 54 55 56 57 58 59 60 61 62 63 1080 456 457 459 460 461 462 351 352 353 354 355 356 357 358 359 360 361 362 363 364 365 366 367 368 369 370 371
384 385 386 387 388 389 390 391 392 458 460 148 149 150 152 153 154 1080 64 65 66 67 68 69 70 71 72 73 74 75 76 77 78 79 80 81 82 83 84 456 461 462 457 372 373 374 375 376 377 378 379 380 381 382 383
393 394 395 396 397 398 399 400 401 402 403 148 149 150 151 404 153 154 405 406 407 408 409 410 411 412 413 1080 456 457 458 459 461 462 85 86 87 88 89 90 91 92 93 94 95 96 97 98 99 100 101 102 103 104 105
148 149 150 151 152 154 414 415 416 417 418 419 420 421 422 423 424 425 426 427 428 429 430 431 432 433 434 1080 456 457 458 459 460 462 106 107 108 109 110 111 112 113 114 115 116 117 118 119 120 121 122 123 124 125 126
128 129 130 131 132 133 134 135 136 137 138 139 140 141 142 143 144 145 146 147 148 149 150 151 152 153 1080 435 436 437 438 439 440 441 442 443 444 445 446 447 448 449 450 451 452 453 454 455 456 457 458 459 460 461 127
485 487 464 177 466 179 1081 156 158
484 486 463 176 465 178 1081 155 157
160 485 489 170 464 177 499 468 181 1081 156 478 191
159 484 488 170 463 176 467 180 499 1081 155 478 191
192 162 487 171 491 466 179 500 470 183 1081 158 479
192 161 486 490 171 465 178 500 469 182 1081 157 479
160 193 480 164 489 172 493 468 181 501 472 185 1081
480 193 163 488 172 492 467 180 501 471 184 1081 159
481 162 194 166 491 173 495 470 183 502 1081 474 187
161 194 481 165 490 173 494 469 182 502 473 186 1081
482 195 164 168 493 174 497 503 472 185 1081 476 189
482 163 195 167 492 174 496 471 184 503 1081 475 188
483 196 166 169 175 495 498 504 1081 474 187 477 190
483 196 165 169 494 175 498 504 473 186 1081 477 190
167 168 170 171 172 173 174 175 1081 188 189 191 192 193 194 195 196 475 476 478 479 480 481 482 483 496 497 499 500 501 502 503 504
157 158 169 171 172 173 174 175 178 179 1081 190 192 193 194 195 196 465 466 477 479 480 481 482 483 486 487 498 500 501 502 503 504
159 160 169 170 172 173 174 175 180 181 1081 190 191 193 194 195 196 467 468 477 478 480 481 482 483 488 489 498 499 501 502 503 504
161 162 169 170 171 173 174 175 182 183 1081 190 191 192 194 195 196 469 470 477 478 479 481 482 483 490 491 498 499 500 502 503 504
163 164 169 170 171 172 174 175 184 185 1081 190 191 192 193 195 196 471 472 477 478 479 480 482 483 492 493 498 499 500 501 503 504
165 166 169 170 171 172 173 175 1081 186 187 190 191 192 193 194 196 473 474 477 478 479 480 481 483 494 495 498 499 500 501 502 504
167 168 169 170 171 172 173 174 1081 188 189 190 191 192 193 194 195 475 476 477 478 479 480 481 482 496 497 498 499 500 501 502 503
611 198 200 303 464 466 1081 506 156 508 158
611 197 199 303 463 465 505 1081 155 507 157
160 611 198 520 170 202 303 464 212 468 1081 506 156 478 510
611 197 520 201 170 303 463 467 212 505 1081 155 509 478 159
512 162 611 200 521 171 204 303 466 213 470 1081 508 158 479
511 161 611 199 521 171 203 303 465 213 469 1081 507 157 479
160 480 514 611 164 202 522 172 206 303 468 214 472 1081 510
480 513 163 611 201 522 172 205 303 467 214 471 1081 509 159
512 481 162 611 516 166 523 204 173 303 208 470 215 1081 474
161 481 515 611 165 203 523 173 207 303 469 215 473 1081 511
482 514 164 611 518 168 524 174 206 303 210 216 472 1081 476
513 482 163 611 517 167 524 205 174 303 209 471 216 1081 475
483 516 611 166 519 169 525 175 208 303 211 217 474 1081 477
483 515 165 611 519 169 525 207 175 303 211 217 473 1081 477
517 518 520 521 522 523 524 525 167 168 170 171 172 173 174 175 303 1081 209 210 212 213 214 215 216 217 475 476 478 479 480 481 482 483 611
519 521 522 523 524 525 157 158 169 171 172 173 174 175 303 1081 199 200 465 466 211 213 214 215 216 217 477 479 480 481 482 483 611 507 508
519 520 522 523 524 525 159 160 169 170 172 173 174 175 303 1081 201 202 211 212 467 214 215 216 217 468 477 478 480 481 482 483 611 509 510
512 519 520 521 523 524 525 161 162 169 170 171 173 174 175 303 1081 203 204 211 212 213 469 215 216 217 470 477 478 479 481 482 483 611 511
513 514 519 520 521 522 524 525 163 164 169 170 171 172 174 175 303 1081 205 206 211 212 213 214 471 216 217 472 477 478 479 480 482 483 611
515 516 519 520 521 522 523 525 165 166 169 170 171 172 173 175 303 1081 207 208 211 212 213 214 215 217 473 474 477 478 479 480 481 483 611
517 518 519 520 521 522 523 524 167 168 169 170 171 172 173 174 303 1081 209 210 211 212 213 214 215 216 475 476 477 478 479 480 481 482 611
612 485 487 527 304 177 529 179 1081 219 221
484 612 486 526 176 304 178 528 1081 218 220
191 612 485 233 489 527 304 177 499 531 181 1081 219 541 223
484 612 488 233 526 176 304 530 499 180 1081 218 541 222 191
192 225 612 487 234 491 304 529 179 500 533 183 1081 221 542
192 224 612 486 234 490 304 528 178 500 532 182 1081 220 542
543 193 227 612 489 235 493 304 531 181 501 535 185 1081 223
193 226 612 488 235 492 304 530 180 501 534 184 1081 222 543
544 225 194 612 229 491 236 495 304 533 502 183 537 1081 187
224 544 194 228 612 490 236 494 304 532 182 502 536 1081 186
545 195 227 612 231 237 493 304 497 503 535 185 1081 539 189
545 226 195 612 230 492 237 304 496 534 503 184 1081 538 188
546 196 229 612 232 238 495 304 498 504 537 1081 187 540 190
546 196 228 612 232 238 494 304 498 504 536 186 1081 540 190
538 539 541 542 543 544 545 546 304 1081 188 189 191 192 193 194 195 196 612 230 231 233 234 235 236 237 238 496 497 499 500 501 502 503 504
528 529 540 542 543 544 545 546 304 178 179 1081 190 192 193 194 195 196 220 221 612 486 487 232 234 235 236 237 238 498 500 501 502 503 504
530 531 540 541 543 544 545 546 304 180 181 1081 190 191 193 194 195 196 222 223 612 232 233 488 235 236 237 238 489 498 499 501 502 503 504
532 533 540 541 542 544 545 546 304 182 183 1081 190 191 192 194 195 196 224 225 612 232 233 234 490 236 237 238 491 498 499 500 502 503 504
534 535 540 541 542 543 545 546 304 184 185 1081 190 191 192 193 195 196 226 227 612 232 233 234 235 492 237 238 493 498 499 500 501 503 504
536 537 540 541 542 543 544 546 304 1081 186 187 190 191 192 193 194 196 228 229 612 232 233 234 235 236 238 494 495 498 499 500 501 502 504
538 539 540 541 542 543 544 545 304 1081 188 189 190 191 192 193 194 195 612 230 231 232 233 234 235 236 237 496 497 498 499 500 501 502 503
548 613 198 550 200 240 305 242 1081 506 508
547 197 549 199 613 239 241 305 505 1081 507
548 613 198 520 552 202 240 305 562 212 244 1081 506 254 510
547 197 613 551 520 201 239 305 562 243 212 505 1081 509 254
512 613 550 200 521 554 204 305 242 563 213 246 1081 508 255
511 549 613 199 521 553 203 241 305 563 213 245 1081 507 255
256 514 613 552 202 522 556 206 305 244 564 214 248 1081 510
256 513 613 551 201 522 555 205 305 243 564 214 247 1081 509
512 257 516 613 554 523 204 558 208 305 565 246 215 1081 250
257 515 613 553 203 523 557 207 305 245 565 215 249 1081 511
258 514 613 518 524 556 206 560 305 210 566 216 248 1081 252
513 258 517 613 555 524 205 559 209 305 566 247 216 1081 251
259 516 613 519 525 558 208 305 561 211 567 217 250 1081 253
259 515 613 519 525 557 207 305 561 211 567 217 249 1081 253
256 257 258 259 517 518 520 521 522 523 524 525 559 560 305 562 563 564 565 566 567 1081 209 210 212 213 214 215 216 217 613 251 252 254 255
256 257 258 259 519 521 522 523 524 525 549 550 305 561 563 564 565 566 567 1081 199 200 211 213 214 215 216 217 613 241 242 507 508 253 255
256 257 258 259 509 519 520 522 523 524 525 551 552 305 561 562 564 565 566 567 1081 201 202 211 212 214 215 216 217 613 243 244 253 510 254
512 257 258 259 255 519 520 521 523 524 525 553 554 305 561 562 563 565 566 567 1081 203 204 211 212 213 215 216 217 613 245 246 253 254 511
256 513 258 259 514 519 520 521 522 524 525 555 556 305 561 562 563 564 566 567 1081 205 206 211 212 213 214 216 217 613 247 248 253 254 255
256 257 259 515 516 519 520 521 522 523 525 557 558 305 561 562 563 564 565 567 1081 207 208 211 212 213 214 215 217 613 249 250 253 254 255
256 257 258 517 518 519 520 521 522 523 524 559 560 305 561 562 563 564 565 566 1081 209 210 211 212 213 214 215 216 613 251 252 253 254 255
261 614 263 527 529 306 569 1081 219 571 221
260 262 614 526 528 306 568 1081 218 570 220
261 614 583 233 265 527 306 275 531 569 1081 219 541 573 223
260 614 583 264 233 526 306 275 530 568 1081 218 572 541 222
225 614 263 584 234 267 529 306 276 533 1081 571 221 542 575
224 262 614 584 234 266 528 306 276 532 1081 570 220 542 574
543 577 227 614 265 585 235 269 306 531 277 535 1081 573 223
576 226 614 264 585 235 268 306 530 277 534 1081 572 222 543
544 225 579 229 614 586 267 236 271 306 533 278 537 1081 575
224 544 578 228 614 266 586 236 270 306 532 278 536 1081 574
545 577 227 581 614 231 587 237 269 273 306 279 535 1081 539
576 545 226 580 230 614 587 268 237 272 306 534 279 1081 538
546 579 229 582 614 232 588 238 271 274 306 280 537 1081 540
546 578 228 582 614 232 588 238 270 274 306 280 536 1081 540
272 273 275 276 277 278 279 280 538 539 541 542 543 544 545 546 306 1081 580 581 583 584 585 586 587 588 230 231 614 233 234 235 236 237 238
262 263 528 529 274 276 277 278 279 280 540 542 543 544 545 546 306 1081 570 571 582 584 585 586 587 588 220 221 614 232 234 235 236 237 238
264 265 274 275 530 277 278 279 280 531 540 541 543 544 545 546 306 1081 572 573 582 583 585 586 587 588 222 223 614 232 233 235 236 237 238
266 267 274 275 276 532 278 279 280 533 540 541 542 544 545 546 306 1081 574 575 582 583 584 586 587 588 224 225 614 232 233 234 236 237 238
268 269 274 275 276 277 534 279 280 535 540 541 542 543 545 546 306 1081 576 577 582 583 584 585 587 588 226 227 614 232 233 234 235 237 238
270 271 274 275 276 277 278 280 536 537 540 541 542 543 544 546 306 1081 578 579 582 583 584 585 586 588 228 229 614 232 233 234 235 236 238
272 273 274 275 276 277 278 279 538 539 540 541 542 543 544 545 306 1081 580 581 582 583 584 585 586 587 230 231 232 233 234 235 236 237 614
548 550 615 590 240 592 242 307 1081 282 284
547 549 615 589 239 591 241 307 281 1081 283
548 615 296 552 590 240 562 307 244 594 1081 282 604 254 286
547 551 296 615 589 239 593 562 243 307 281 1081 604 285 254
288 550 615 297 554 592 242 307 563 596 246 1081 284 605 255
255 549 615 297 553 591 241 307 563 245 595 1081 283 605 287
256 290 615 552 298 556 594 307 244 564 598 248 1081 286 606
256 289 551 615 298 555 593 243 307 564 597 247 1081 285 606
288 257 292 615 554 299 558 307 596 565 246 600 1081 250 607
607 257 291 615 553 299 557 307 595 245 565 599 249 1081 287
608 258 290 294 615 300 556 560 307 566 598 248 1081 602 252
608 289 258 293 615 555 300 559 307 597 566 247 601 1081 251
609 259 292 295 615 301 558 561 307 567 600 1081 250 603 253
609 259 291 295 615 301 557 561 307 567 599 249 1081 603 253
256 257 258 259 293 294 296 297 298 299 300 301 559 560 562 307 563 564 565 566 567 1081 601 602 604 605 606 607 608 609 615 251 252 254 255
256 257 258 259 283 284 549 550 295 297 298 299 300 301 561 307 563 564 565 566 567 1081 591 592 603 605 606 607 608 609 615 241 242 253 255
256 257 258 259 285 286 295 296 551 298 299 300 301 552 561 562 307 564 565 566 567 1081 593 594 603 604 606 607 608 609 615 243 244 253 254
257 258 259 287 288 295 296 297 553 299 300 301 554 561 562 307 563 565 566 567 1081 595 596 603 604 605 607 608 609 615 245 246 253 254 255
256 258 259 289 290 295 296 297 298 555 300 301 556 561 562 307 563 564 566 567 1081 597 598 603 604 605 606 608 609 615 247 248 253 254 255
256 257 259 291 292 295 296 297 298 299 301 557 558 561 562 307 563 564 565 567 1081 599 600 603 604 605 606 607 609 615 249 250 253 254 255
256 257 258 293 294 295 296 297 298 299 300 559 560 561 562 307 563 564 565 566 1081 601 602 603 604 605 606 607 608 615 251 252 253 254 255
610 261 263 616 302 308 569 1081 571
610 260 262 616 302 308 568 1081 570
610 261 583 616 265 302 275 308 569 1081 573
610 260 583 264 616 302 275 308 568 1081 572
610 263 584 616 267 302 276 308 1081 571 575
610 262 584 616 266 302 276 308 1081 570 574
577 610 616 265 585 269 302 308 277 1081 573
576 610 264 585 616 268 302 308 277 1081 572
610 579 616 586 267 302 271 308 278 1081 575
578 610 616 266 586 302 270 308 278 1081 574
577 610 581 616 587 269 302 273 308 279 1081
576 610 580 616 587 268 302 272 308 279 1081
610 579 582 616 588 302 271 274 308 280 1081
578 610 582 616 588 270 302 274 308 280 1081
610 580 581 583 584 585 586 587 588 616 302 272 273 275 276 277 278 279 280 308 1081
610 262 263 582 584 585 586 587 588 302 616 274 276 277 278 279 280 308 570 571 1081
610 582 583 264 265 585 586 587 588 302 616 274 275 308 277 278 279 280 1081 572 573
610 582 583 584 616 266 267 586 587 302 588 274 275 276 308 278 279 280 1081 574 575
576 577 610 582 583 584 585 616 587 268 269 302 588 274 275 276 277 308 279 280 1081
578 579 610 582 583 584 585 586 616 588 270 271 302 274 275 276 277 278 308 280 1081
610 580 581 582 583 584 585 586 587 616 302 272 273 274 275 276 277 278 279 308 1081
281 282 283 284 285 286 287 288 289 290 291 292 293 294 295 296 297 298 299 300 301 303 304 305 306 307 308 1081 589 590 591 592 593 594 595 596 597 598 599 600 601 602 603 604 605 606 607 608 609 611 612 613 614 615 616
306 612 307 613 308 614 615 616 302 176 177 178 179 180 181 182 183 184 185 186 187 188 189 190 191 192 193 194 195 196 1081 610 484 485 486 487 488 489 490 491 492 493 494 495 496 497 498 499 500 501 502 503 504 304 305
512 513 514 515 516 517 518 519 520 521 522 523 524 525 302 303 305 306 307 308 1081 197 198 199 200 201 202 203 204 205 206 207 208 209 210 211 212 213 214 215 216 217 610 611 613 614 615 616 505 506 507 508 509 510 511
611 612 526 527 528 529 530 531 532 533 534 535 536 537 538 539 540 541 542 543 544 545 546 302 303 304 306 307 308 1081 218 219 220 221 222 223 224 225 226 227 228 229 230 231 232 233 234 235 236 237 238 614 615 616 610
256 257 258 259 547 548 549 550 551 552 553 554 555 556 557 302 303 304 305 558 307 308 559 560 561 562 563 564 565 566 567 1081 610 611 612 613 615 616 239 240 241 242 243 244 245 246 247 248 249 250 251 252 253 254 255
260 261 262 263 264 265 266 267 268 269 270 271 272 273 274 275 276 277 278 279 280 302 303 304 305 306 1081 308 568 569 570 571 572 573 574 575 576 577 578 579 580 581 582 583 584 585 586 587 588 610 611 612 613 614 616
281 282 283 284 285 286 287 288 289 290 291 292 293 294 295 296 297 298 299 300 301 302 303 304 305 306 307 1081 589 590 591 592 593 594 595 596 597 598 599 600 601 602 603 604 605 606 607 608 609 610 611 612 613 614 615
641 618 331 620 333 310 312 1082 639
640 617 330 619 332 309 311 1082 638
643 324 618 331 653 622 335 310 632 345 314 1082 639
642 324 617 330 621 334 653 309 632 313 345 1082 638
641 325 645 620 333 654 624 337 312 633 346 1082 316
640 644 325 619 332 654 623 336 311 633 346 315 1082
643 326 647 622 335 655 626 339 314 347 634 1082 318
642 326 646 621 334 655 625 338 313 634 347 1082 317
320 645 327 649 624 337 656 628 341 1082 635 316 348
644 327 648 623 336 656 627 340 1082 315 348 635 319
322 647 328 651 657 626 339 630 343 1082 636 349 318
321 646 328 650 625 338 657 629 342 1082 636 317 349
320 323 329 649 652 658 628 341 631 344 1082 637 350
323 648 329 652 658 627 340 631 344 1082 637 350 319
650 651 653 654 655 656 657 658 1082 321 322 324 325 326 327 328 329 342 343 345 346 347 348 349 350 629 630 632 633 634 635 636 637
640 641 652 654 655 656 657 658 311 312 1082 323 325 326 327 328 329 332 333 344 346 347 348 349 350 619 620 631 633 634 635 636 637
642 643 652 653 655 656 657 658 313 314 1082 323 324 326 327 328 329 334 335 344 345 347 348 349 350 621 622 631 632 634 635 636 637
644 645 652 653 654 656 657 658 1082 315 316 323 324 325 327 328 329 336 337 344 345 346 348 349 350 623 624 631 632 633 635 636 637
646 647 652 653 654 655 657 658 1082 317 318 323 324 325 326 328 329 338 339 344 345 346 347 349 350 625 626 631 632 633 634 636 637
648 649 652 653 654 655 656 658 1082 319 320 323 324 325 326 327 329 340 341 344 345 346 347 348 350 627 628 631 632 633 634 635 637
650 651 652 653 654 655 656 657 1082 321 322 323 324 325 326 327 328 342 343 344 345 346 347 348 349 629 630 631 632 633 634 635 636
352 354 457 618 620 660 310 662 312 1082 765
353 457 617 619 659 309 661 311 1082 765 351
352 674 324 356 457 618 366 622 660 310 632 664 314 1082 765
674 355 324 457 617 621 366 659 309 663 632 313 1082 765 351
354 675 325 358 457 620 367 624 662 312 633 666 1082 316 765
353 675 325 357 457 619 367 623 661 311 633 665 315 1082 765
356 676 326 360 457 622 368 626 664 314 634 668 765 318 1082
355 676 326 359 457 621 368 625 663 313 634 667 1082 317 765
320 677 358 327 457 362 624 369 628 666 635 316 765 670 1082
357 677 327 361 457 623 369 627 665 1082 315 635 669 765 319
672 322 678 328 360 457 364 370 626 630 1082 636 668 318 765
321 678 359 328 457 363 625 370 629 1082 667 636 317 765 671
320 673 323 679 329 362 457 365 371 628 631 1082 637 670 765
765 673 323 679 329 361 457 365 371 627 631 1082 637 669 319
671 672 674 675 676 677 678 679 1082 321 322 324 325 326 327 328 329 457 363 364 366 367 368 369 370 371 629 630 632 633 634 635 636 637 765
661 662 673 675 676 677 678 679 311 312 1082 323 325 326 327 328 329 457 353 354 619 620 365 367 368 369 370 371 631 633 634 635 636 637 765
663 664 673 674 676 677 678 679 313 314 1082 323 324 326 327 328 329 457 355 356 365 366 621 368 369 370 371 622 631 632 634 635 636 637 765
665 666 673 674 675 677 678 679 1082 315 316 323 324 325 327 328 329 457 357 358 365 366 367 623 369 370 371 624 631 632 633 635 636 637 765
667 668 673 674 675 676 678 679 1082 317 318 323 324 325 326 328 329 457 359 360 365 366 367 368 625 370 371 626 631 632 633 634 636 637 765
669 670 673 674 675 676 677 679 1082 319 320 323 324 325 326 327 329 457 361 362 365 366 367 368 369 371 627 628 631 632 633 634 635 637 765
671 672 673 674 675 676 677 678 1082 321 322 323 324 325 326 327 328 457 363 364 365 366 367 368 369 370 629 630 631 632 633 634 635 636 765
641 681 458 331 683 333 373 375 1082 766 639
640 680 330 458 332 682 372 374 1082 638 766
387 643 681 458 331 653 685 335 373 695 345 377 1082 766 639
642 387 680 330 458 684 653 334 372 695 376 345 1082 638 766
641 388 645 458 683 333 654 687 337 375 696 346 379 1082 766
640 388 644 458 682 332 654 686 336 374 696 346 378 1082 766
643 389 647 458 685 335 655 689 339 377 697 347 1082 381 766
642 389 646 458 684 334 655 688 338 376 697 1082 347 380 766
645 390 649 458 687 656 337 691 341 698 379 348 1082 766 383
644 390 648 458 686 336 656 690 340 378 698 348 1082 382 766
385 391 647 458 651 657 689 339 693 343 1082 699 349 381 766
384 646 391 458 650 688 657 338 692 342 1082 699 380 349 766
766 386 392 649 458 652 658 691 341 694 344 1082 700 350 383
766 386 392 648 458 652 658 690 340 694 344 1082 700 350 382
384 385 387 388 389 390 391 392 650 651 653 654 655 656 657 658 692 693 695 696 697 698 699 700 1082 458 342 343 345 346 347 348 349 350 766
640 641 386 388 389 390 391 392 652 654 655 656 657 658 682 683 694 696 697 698 699 700 1082 458 332 333 344 346 347 348 349 350 374 375 766
386 387 642 389 390 391 392 643 652 653 655 656 657 658 684 685 694 695 697 698 699 700 1082 458 334 335 344 345 347 348 349 350 376 377 766
386 387 388 644 390 391 392 645 652 653 654 656 657 658 686 687 694 695 696 698 699 700 1082 458 336 337 344 345 346 348 349 350 378 379 766
386 387 388 389 646 391 392 647 652 653 654 655 657 658 688 689 694 695 696 697 1082 699 700 458 338 339 344 345 346 347 349 350 380 381 766
766 386 387 388 389 390 392 648 649 652 653 654 655 656 658 690 691 694 695 696 697 698 1082 700 458 340 341 344 345 346 347 348 350 382 383
384 385 386 387 388 389 390 391 650 651 652 653 654 655 656 657 692 693 694 695 696 697 698 699 1082 458 342 343 344 345 346 347 348 349 766
352 704 354 394 459 396 660 662 1082 702 767
703 353 767 393 395 459 659 661 1082 701 351
352 674 706 356 394 459 716 366 398 660 408 664 1082 702 767
767 705 674 355 393 459 716 397 366 659 663 408 1082 701 351
704 354 675 708 358 459 396 717 367 400 662 409 666 1082 767
767 353 675 707 357 395 459 717 399 367 661 409 665 1082 703
706 356 676 710 360 459 398 718 368 402 664 410 1082 668 767
705 355 676 709 359 459 397 718 368 401 663 410 667 1082 767
708 677 358 712 362 459 719 400 369 404 666 411 1082 670 767
707 357 677 711 361 459 399 719 369 403 665 1082 411 669 767
672 678 710 360 714 459 364 720 370 402 406 1082 412 668 767
767 709 678 359 713 363 459 720 401 370 405 1082 667 412 671
673 679 712 362 459 715 365 721 371 404 407 1082 413 670 767
673 679 711 361 459 715 365 721 371 403 407 1082 413 669 767
405 406 408 409 410 411 412 413 671 672 674 675 676 677 678 679 1082 713 714 459 716 717 718 719 720 721 363 364 366 367 368 369 370 371 767
395 396 661 662 407 409 410 411 412 413 673 675 676 677 678 679 1082 703 704 459 715 717 718 719 720 721 353 354 365 367 368 369 370 371 767
397 398 407 408 663 410 411 412 413 664 673 674 676 677 678 679 1082 705 706 459 715 716 718 719 720 721 355 356 365 366 368 369 370 371 767
399 400 407 408 409 665 411 412 413 666 673 674 675 677 678 679 1082 707 708 459 715 716 717 719 720 721 357 358 365 366 367 369 370 371 767
401 402 407 408 409 410 667 412 413 668 673 674 675 676 678 679 1082 709 710 459 715 716 717 718 720 721 359 360 365 366 367 368 370 371 767
403 404 407 408 409 410 411 413 669 670 673 674 675 676 677 679 1082 711 712 459 715 716 717 718 719 721 361 362 365 366 367 368 369 371 767
405 406 407 408 409 410 411 412 671 672 673 674 675 676 677 678 1082 713 714 459 715 716 717 718 719 720 363 364 365 366 367 368 369 370 767
768 417 681 683 460 723 373 725 375 1082 415
416 768 680 682 460 722 372 724 374 1082 414
768 737 387 419 681 460 429 685 723 373 695 727 377 1082 415
768 737 418 387 680 460 429 684 722 372 726 695 376 1082 414
768 417 738 388 421 683 460 430 687 725 375 696 729 1082 379
416 768 738 388 420 682 460 430 686 724 374 696 728 378 1082
768 419 739 389 423 460 685 431 689 727 377 697 731 1082 381
768 418 739 389 422 460 684 431 688 726 376 697 730 1082 380
768 740 421 390 425 460 687 432 691 729 698 379 1082 733 383
768 420 740 390 424 460 686 432 690 728 378 698 732 1082 382
768 385 741 423 391 427 460 433 689 693 1082 699 731 381 735
384 768 741 422 391 426 460 688 433 692 730 699 380 1082 734
736 768 386 742 392 425 428 460 434 691 694 1082 700 733 383
736 768 386 742 392 424 428 460 434 690 694 1082 700 732 382
384 385 768 387 388 389 390 391 392 426 427 429 430 431 432 433 434 692 693 695 696 697 698 699 700 1082 460 734 735 737 738 739 740 741 742
768 386 388 389 390 391 392 416 417 682 683 428 430 431 432 433 434 694 696 697 698 699 700 1082 460 724 725 736 738 739 740 741 742 374 375
768 386 387 389 390 391 392 418 419 428 429 684 431 432 433 434 685 694 695 697 698 699 700 1082 460 726 727 736 737 739 740 741 742 376 377
768 386 387 388 390 391 392 420 421 428 429 430 686 432 433 434 687 694 695 696 698 699 700 1082 460 728 729 736 737 738 740 741 742 378 379
768 386 387 388 389 391 392 422 423 428 429 430 431 688 433 434 689 694 695 696 697 1082 699 700 460 730 731 736 737 738 739 741 742 380 381
768 386 387 388 389 390 392 424 425 428 429 430 431 432 434 690 691 694 695 696 697 698 1082 700 460 732 733 736 737 738 739 740 742 382 383
384 385 386 387 388 389 390 391 768 426 427 428 429 430 431 432 433 692 693 694 695 696 697 698 699 1082 460 734 735 736 737 738 739 740 741
704 769 744 394 746 396 461 436 438 1082 702
769 743 393 745 395 461 435 437 1082 701 703
769 450 706 744 394 716 461 398 748 436 758 408 440 1082 702
705 450 769 743 393 747 716 397 461 435 758 439 408 1082 701
704 769 451 708 746 396 461 717 750 400 438 759 409 442 1082
769 451 707 745 395 461 717 399 749 437 759 409 441 1082 703
769 706 452 710 748 461 398 718 752 402 440 760 410 1082 444
705 769 452 709 747 397 461 718 751 401 439 760 410 443 1082
769 708 453 712 461 750 719 400 754 404 761 442 411 1082 446
769 707 453 711 461 749 399 719 753 403 441 761 411 1082 445
448 769 454 710 714 461 720 752 402 756 406 762 1082 412 444
769 709 454 713 461 751 720 401 755 405 762 443 412 1082 447
449 769 455 712 715 461 721 754 404 757 407 1082 763 413 446
449 769 455 711 715 461 721 753 403 757 407 1082 763 413 445
769 405 406 408 409 410 411 412 413 1082 447 448 450 451 452 453 454 455 713 714 716 461 717 718 719 720 721 755 756 758 759 760 761 762 763
769 395 396 407 409 410 411 412 413 437 438 1082 703 704 449 451 452 453 454 455 715 461 717 718 719 720 721 745 746 757 759 760 761 762 763
769 397 398 407 408 410 411 412 413 439 440 1082 449 450 705 452 453 454 455 706 715 716 461 718 719 720 721 747 748 757 758 760 761 762 763
769 399 400 407 408 409 411 412 413 441 442 1082 449 450 451 707 453 454 455 708 715 716 461 717 719 720 721 749 750 757 758 759 761 762 763
769 401 402 407 408 409 410 412 413 1082 443 444 449 450 451 452 709 454 455 710 715 716 461 717 718 720 721 751 752 757 758 759 760 762 763
769 403 404 407 408 409 410 411 413 1082 445 446 449 450 451 452 453 455 711 712 715 716 461 717 718 719 721 753 754 757 758 759 760 761 763
769 405 406 407 408 409 410 411 412 1082 447 448 449 450 451 452 453 454 713 714 715 716 461 717 718 719 720 755 756 757 758 759 760 761 762
417 770 456 462 723 725 1082 764 415
416 770 456 462 722 724 1082 764 414
737 770 419 456 429 462 723 727 1082 764 415
737 418 770 456 429 462 722 726 1082 764 414
417 738 770 421 456 430 462 725 729 1082 764
416 738 770 420 456 430 462 724 728 1082 764
770 419 739 423 456 462 431 727 1082 731 764
418 739 770 422 456 462 431 726 730 1082 764
770 740 421 456 425 462 432 729 1082 764 733
770 420 740 424 456 462 432 728 1082 732 764
770 741 423 456 427 462 433 1082 731 764 735
770 741 422 456 426 462 433 730 1082 764 734
736 770 742 456 425 428 462 434 1082 764 733
736 770 742 424 456 428 462 434 1082 732 764
737 738 739 740 741 742 770 456 426 427 429 430 431 432 433 434 462 1082 764 734 735
416 417 736 738 739 740 741 742 456 770 428 430 431 432 433 434 462 724 725 1082 764
736 737 418 419 739 740 741 742 456 770 428 429 462 431 432 433 434 726 727 1082 764
736 737 738 770 420 421 740 741 456 742 428 429 430 462 432 433 434 728 729 1082 764
736 737 738 739 770 741 422 423 456 742 428 429 430 431 462 433 434 730 731 764 1082
736 737 738 739 740 770 742 424 425 456 428 429 430 431 432 462 434 1082 732 733 764
736 737 738 739 740 741 770 456 426 427 428 429 430 431 432 433 462 1082 764 734 735
768 769 770 435 436 437 438 439 440 441 442 443 444 445 446 447 448 449 450 451 452 453 454 455 1082 457 458 459 460 461 462 743 744 745 746 747 748 749 750 751 752 753 754 755 756 757 758 759 760 761 762 763 765 766 767
640 458 641 642 643 644 459 645 646 647 648 460 649 650 651 652 461 653 654 655 656 462 657 658 767 768 769 770 1082 766 456 330 331 332 333 334 335 336 337 338 339 340 341 342 343 344 345 346 347 348 349 350 764 638 639
768 769 770 659 660 661 662 663 664 665 666 667 668 669 670 671 672 673 674 675 676 677 678 679 1082 456 457 459 460 461 462 351 352 353 354 355 356 357 358 359 360 361 362 363 364 365 366 367 368 369 370 371 764 765 767
384 385 386 387 388 389 390 391 392 764 765 770 766 768 769 680 681 682 683 684 685 686 687 688 689 690 691 692 693 694 695 696 697 698 699 700 1082 456 457 458 460 461 462 372 373 374 375 376 377 378 379 380 381 382 383
769 770 393 394 395 396 397 398 399 400 401 402 403 404 405 406 407 408 409 410 411 412 413 1082 701 702 703 704 705 706 707 708 709 710 711 456 457 458 459 712 461 462 713 714 715 716 717 718 719 720 721 764 765 766 767
768 770 414 415 416 417 418 419 420 421 422 423 424 425 426 427 428 429 430 431 432 433 434 1082 456 457 458 459 460 462 722 723 724 725 726 727 728 729 730 731 732 733 734 735 736 737 738 739 740 741 742 764 765 766 767
768 769 435 436 437 438 439 440 441 442 443 444 445 446 447 448 449 450 451 452 453 454 455 456 457 458 459 460 461 1082 743 744 745 746 747 748 749 750 751 752 753 754 755 756 757 758 759 760 761 762 763 764 765 766 767
772 485 774 487 464 466 793 795 1083
771 484 773 486 463 465 792 794 1083
772 485 807 776 489 464 786 499 468 793 1083 797 478
771 484 775 488 807 463 786 467 499 792 1083 796 478
799 774 487 808 778 491 466 787 500 470 795 1083 479
773 486 808 777 490 465 787 500 469 794 1083 798 479
480 801 776 489 809 780 493 468 501 788 472 1083 797
480 800 775 488 809 779 492 467 788 501 471 1083 796
481 803 778 491 810 782 495 789 502 470 474 1083 799
481 802 777 490 810 781 494 469 502 789 473 1083 798
801 482 805 811 780 493 784 497 790 503 472 1083 476
800 482 804 779 492 811 783 496 790 503 471 475 1083
483 803 806 812 782 495 785 498 791 504 474 1083 477
802 483 806 812 781 494 785 498 791 504 473 1083 477
783 784 786 787 788 789 790 791 804 805 807 808 809 810 811 812 1083 475 476 478 479 480 481 482 483 496 497 499 500 501 502 503 504
773 774 785 787 788 789 790 791 794 795 806 808 809 810 811 812 1083 465 466 477 479 480 481 482 483 486 487 498 500 501 502 503 504
775 776 785 786 788 789 790 791 796 797 806 807 809 810 811 812 1083 467 468 477 478 480 481 482 483 488 489 498 499 501 502 503 504
777 778 785 786 787 789 790 791 798 799 806 807 808 810 811 812 1083 469 470 477 478 479 481 482 483 490 491 498 499 500 502 503 504
779 780 785 786 787 788 790 791 800 801 806 807 808 809 811 812 1083 471 472 477 478 479 480 482 483 492 493 498 499 500 501 503 504
781 782 785 786 787 788 789 791 802 803 806 807 808 809 810 812 1083 473 474 477 478 479 480 481 483 494 495 498 499 500 501 502 504
783 784 785 786 787 788 789 790 804 805 806 807 808 809 810 811 1083 475 476 477 478 479 480 481 482 496 497 498 499 500 501 502 503
611 772 774 814 464 816 466 919 506 1083 508
611 771 773 813 463 815 465 919 505 507 1083
611 772 520 776 814 464 786 818 468 919 506 1083 828 478 510
611 771 775 520 813 463 817 786 467 919 505 1083 828 509 478
512 611 774 521 778 816 466 787 820 470 919 1083 508 829 479
479 611 773 521 777 815 465 787 819 469 919 507 1083 829 511
480 514 611 776 522 780 818 468 788 822 919 472 1083 510 830
480 513 611 775 522 779 817 467 788 821 471 919 1083 509 830
512 481 611 516 778 523 782 820 789 470 919 824 474 1083 831
831 481 515 611 777 523 781 819 469 789 823 919 473 1083 511
832 482 514 611 518 524 780 784 790 822 472 919 826 1083 476
832 513 482 611 517 779 524 783 821 790 471 919 825 475 1083
833 483 516 611 519 525 782 785 791 824 919 474 827 1083 477
833 483 515 611 519 525 781 785 791 823 473 919 827 1083 477
517 518 520 521 522 523 524 525 783 784 786 787 788 789 790 791 919 825 826 1083 828 829 830 831 832 833 475 476 478 479 480 481 482 483 611
773 774 519 521 522 523 524 525 785 787 788 789 790 791 919 815 816 827 1083 829 830 831 832 833 465 466 477 479 480 481 482 483 611 507 508
519 520 775 522 523 524 525 776 785 786 788 789 790 791 919 817 818 827 828 1083 830 831 832 833 467 468 477 478 480 481 482 483 611 509 510
512 519 520 521 777 523 524 525 778 785 786 787 789 790 791 919 819 820 827 828 829 1083 831 832 833 469 470 477 478 479 481 482 483 611 511
513 514 519 520 521 522 779 524 525 780 785 786 787 788 790 791 919 821 822 827 828 829 830 1083 832 833 471 472 477 478 479 480 482 483 611
515 516 519 520 521 522 523 525 781 782 785 786 787 788 789 791 919 823 824 827 828 829 830 831 1083 833 473 474 477 478 479 480 481 483 611
517 518 519 520 521 522 523 524 783 784 785 786 787 788 789 790 919 825 826 827 828 829 830 831 832 1083 475 476 477 478 479 480 481 482 611
835 612 485 837 487 527 529 920 793 795 1083
834 484 612 486 836 526 528 792 920 794 1083
835 612 485 807 839 489 527 849 499 531 920 793 1083 541 797
834 484 612 838 807 488 526 849 530 499 792 920 1083 796 541
612 837 487 808 841 491 529 850 500 533 920 795 1083 542 799
612 836 486 808 840 490 528 850 500 532 920 794 1083 542 798
801 612 839 489 809 843 493 531 851 501 535 920 1083 797 543
800 612 838 488 809 842 492 530 851 501 534 920 1083 796 543
544 803 612 841 810 491 845 495 852 533 502 920 537 1083 799
544 802 612 840 490 810 844 494 532 852 502 536 920 1083 798
545 801 612 805 811 843 493 847 497 853 535 503 920 539 1083
800 545 612 804 842 811 492 846 496 853 534 503 920 538 1083
546 803 612 806 812 845 495 848 498 854 504 537 920 1083 540
546 802 612 806 812 844 494 848 498 854 504 536 920 1083 540
920 538 539 541 542 543 544 545 546 804 805 807 808 809 810 811 812 1083 846 847 849 850 851 852 853 854 612 496 497 499 500 501 502 503 504
528 529 920 794 795 540 542 543 544 545 546 806 808 809 810 811 812 1083 836 837 848 850 851 852 853 854 612 486 487 498 500 501 502 503 504
530 531 920 540 797 541 796 544 545 546 543 806 807 809 810 811 812 1083 838 839 848 849 851 852 853 854 612 488 489 498 499 501 502 503 504
532 533 920 540 541 542 799 544 545 546 798 806 807 808 810 811 812 1083 840 841 848 849 850 852 853 854 612 490 491 498 499 500 502 503 504
534 535 920 540 541 542 543 800 545 546 801 806 807 808 809 811 812 1083 842 843 848 849 850 851 853 854 612 492 493 498 499 500 501 503 504
536 537 920 540 541 542 543 544 546 802 803 806 807 808 809 810 812 1083 844 845 848 849 850 851 852 854 612 494 495 498 499 500 501 502 504
920 538 539 540 541 542 543 544 545 804 805 806 807 808 809 810 811 1083 846 847 848 849 850 851 852 853 612 496 497 498 499 500 501 502 503
548 613 550 814 816 856 921 506 858 508 1083
547 549 613 813 815 855 505 857 507 921 1083
548 613 870 520 552 814 562 818 856 921 506 1083 828 860 510
547 613 870 551 520 813 817 562 855 505 921 859 828 509 1083
512 613 550 871 521 554 816 563 820 921 858 1083 508 829 862
549 613 871 521 553 815 563 819 857 921 507 1083 829 861 511
864 514 613 552 872 522 556 818 564 822 921 1083 860 510 830
513 613 551 872 522 555 817 564 821 921 859 1083 509 830 863
512 866 516 613 873 554 523 558 820 565 824 921 1083 862 831
831 865 515 613 553 873 523 557 819 565 823 921 1083 861 511
832 864 514 868 613 518 874 524 556 560 566 822 921 826 1083
832 513 867 517 613 874 555 524 559 821 566 825 921 1083 863
833 866 516 613 869 519 875 525 558 561 567 824 921 827 1083
833 865 515 613 869 519 875 525 557 561 567 823 921 827 1083
517 518 520 521 522 523 524 525 921 559 560 562 563 564 565 566 567 825 826 1083 828 829 830 831 832 833 867 868 613 870 871 872 873 874 875
519 521 522 523 524 525 921 549 550 815 816 561 563 564 565 566 567 827 1083 829 830 831 832 833 857 858 613 869 871 872 873 874 875 507 508
519 520 522 523 524 525 921 551 552 561 562 817 564 565 566 567 818 827 828 1083 830 831 832 833 859 860 613 869 870 872 873 874 875 509 510
512 519 520 521 523 524 525 921 553 554 561 562 563 819 565 566 567 820 827 828 829 1083 831 832 833 861 862 613 869 870 871 873 874 875 511
513 514 519 520 521 522 524 525 921 555 556 561 562 563 564 821 566 567 822 827 828 829 830 1083 832 833 863 864 613 869 870 871 872 874 875
515 516 519 520 521 522 523 525 921 557 558 561 562 563 564 565 567 823 824 827 828 829 830 831 1083 833 865 866 613 869 870 871 872 873 875
517 518 519 520 521 522 523 524 921 559 560 561 562 563 564 565 566 825 826 827 828 829 830 831 832 1083 867 868 613 869 870 871 872 873 874
835 837 614 877 527 879 529 569 922 571 1083
834 836 614 876 526 878 528 568 570 922 1083
835 614 583 839 877 527 849 881 531 569 922 891 1083 541 573
834 614 583 838 876 526 880 849 530 568 922 891 572 541 1083
837 614 584 841 879 529 850 883 533 922 571 892 1083 542 575
836 614 584 840 878 528 850 882 532 570 922 892 1083 542 574
577 614 839 585 843 881 531 851 885 535 922 1083 573 893 543
576 614 838 585 842 880 530 851 884 534 922 1083 572 893 543
544 579 614 841 586 845 883 852 533 887 537 922 1083 894 575
544 578 614 840 586 844 882 532 852 886 536 922 1083 574 894
545 577 581 614 587 843 847 853 885 535 889 922 539 1083 895
576 545 580 614 842 587 846 884 853 534 888 538 922 1083 895
896 546 579 582 614 588 845 848 854 887 537 890 922 540 1083
896 546 578 582 614 588 844 848 854 886 536 890 922 540 1083
896 538 539 922 541 542 543 544 545 546 1083 580 581 583 584 585 586 587 588 846 847 849 850 851 852 853 854 614 888 889 891 892 893 894 895
896 528 529 922 540 542 543 544 545 546 570 571 1083 836 837 582 584 585 586 587 588 848 850 851 852 853 854 614 878 879 890 892 893 894 895
896 530 531 922 540 541 543 544 545 546 1083 572 573 582 583 838 585 586 587 588 839 848 849 851 852 853 854 614 880 881 890 891 893 894 895
896 532 533 922 540 541 542 544 545 546 1083 574 575 582 583 584 840 586 587 588 841 848 849 850 852 853 854 614 882 883 890 891 892 894 895
896 534 535 922 540 541 542 543 545 546 1083 576 577 582 583 584 585 842 587 588 843 848 849 850 851 853 854 614 884 885 890 891 892 893 895
896 536 537 922 540 541 542 543 544 546 1083 578 579 582 583 584 585 586 588 844 845 848 849 850 851 852 854 614 886 887 890 891 892 893 894
538 539 540 541 542 543 544 545 922 1083 580 581 582 583 584 585 586 587 846 847 848 849 850 851 852 853 614 888 889 890 891 892 893 894 895
898 548 900 550 615 590 592 856 858 923 1083
897 547 899 549 615 589 591 855 857 923 1083
898 548 870 615 552 902 590 912 562 594 856 923 604 860 1083
897 547 901 870 551 615 589 912 593 562 855 859 604 923 1083
900 550 615 871 904 554 592 913 563 596 858 923 1083 605 862
899 549 615 871 553 903 591 913 563 595 857 923 1083 605 861
864 902 615 552 872 906 556 594 914 564 598 923 860 1083 606
901 551 615 872 905 555 593 914 564 597 859 923 1083 606 863
866 615 904 873 554 908 558 915 596 565 600 923 1083 862 607
865 615 903 553 873 907 557 595 915 565 599 923 1083 861 607
608 864 868 615 874 906 556 910 560 916 566 598 602 923 1083
608 867 615 905 874 555 909 559 916 597 566 601 923 1083 863
609 866 869 615 875 908 558 911 561 917 567 600 603 923 1083
609 865 869 615 875 907 557 911 561 917 599 567 603 923 1083
909 910 912 913 914 915 916 917 923 559 560 562 563 564 565 566 567 1083 601 602 604 605 606 607 608 609 867 868 870 615 871 872 873 874 875
899 900 911 913 914 915 916 917 923 549 550 561 563 564 565 566 567 1083 591 592 857 858 603 605 606 607 608 609 869 615 871 872 873 874 875
901 902 911 912 914 915 916 917 923 551 552 561 562 564 565 566 567 1083 593 594 603 860 604 859 606 608 609 607 869 870 615 872 873 874 875
903 904 911 912 913 915 916 917 923 553 554 561 562 563 565 566 567 1083 595 596 603 604 605 862 861 608 609 607 869 870 615 871 873 874 875
905 906 911 912 913 914 916 917 923 555 556 561 562 563 564 566 567 1083 597 598 603 604 605 606 863 608 609 864 869 870 615 871 872 874 875
907 908 911 912 913 914 915 917 923 557 558 561 562 563 564 565 567 1083 599 600 603 604 605 606 607 609 865 866 869 870 615 871 872 873 875
909 910 911 912 913 914 915 916 923 559 560 561 562 563 564 565 566 1083 601 602 603 604 605 606 607 608 867 868 869 870 615 871 872 873 874
610 616 877 879 918 569 571 924 1083
610 616 876 878 918 568 570 1083 924
610 583 616 877 881 918 569 891 924 573 1083
610 583 616 876 880 918 568 891 572 924 1083
610 584 616 879 883 918 571 892 924 1083 575
610 584 616 878 882 918 570 1083 892 924 574
577 610 616 585 881 885 918 1083 924 573 893
576 610 616 585 880 884 918 1083 572 893 924
610 579 616 586 883 918 887 1083 924 894 575
578 610 616 586 882 886 918 1083 924 574 894
577 610 581 616 587 885 918 889 1083 924 895
576 610 580 616 587 884 918 888 1083 924 895
896 610 579 582 616 588 918 887 890 1083 924
896 578 610 582 616 588 886 918 890 1083 924
896 924 610 1083 580 581 583 584 585 586 587 588 616 918 888 889 891 892 893 894 895
895 896 610 924 1083 582 584 585 586 587 588 616 878 879 918 570 571 890 892 893 894
895 896 610 924 1083 582 583 616 585 586 587 588 880 881 918 890 891 572 573 893 894
894 895 610 896 1083 582 583 584 616 586 587 588 882 883 918 890 891 892 924 574 575
576 577 610 896 1083 582 583 584 585 616 587 588 884 885 918 890 891 892 893 924 895
896 1083 578 579 610 582 583 584 585 586 616 588 886 887 918 890 891 892 893 894 924
924 1083 610 580 581 582 583 584 585 586 587 616 918 888 889 890 891 892 893 894 895
897 898 899 900 901 902 903 904 905 906 907 908 909 910 911 912 913 914 915 916 917 919 920 921 922 923 924 1083 589 590 591 592 593 594 595 596 597 598 599 600 601 602 603 604 605 606 607 608 609 611 612 613 614 615 616
921 612 613 922 614 920 918 615 792 793 794 795 616 796 797 798 799 800 801 802 803 804 805 806 807 808 809 810 811 812 924 923 1083 610 484 485 486 487 488 489 490 491 492 493 494 495 496 497 498 499 500 501 502 503 504
512 513 514 515 516 517 518 519 520 521 522 523 524 525 918 919 921 922 923 924 813 814 815 816 817 818 819 820 821 822 823 824 825 826 827 828 829 830 831 832 833 1083 610 611 613 614 615 616 505 506 507 508 509 510 511
918 526 527 528 529 530 531 532 533 534 535 536 537 538 539 540 541 542 543 544 545 546 922 923 924 1083 834 835 836 837 838 839 840 841 842 843 844 845 846 847 848 849 850 851 852 853 854 919 610 611 612 614 615 616 920
918 919 920 921 923 924 547 548 549 550 551 552 553 554 555 556 557 558 559 560 561 562 563 564 565 566 567 1083 855 856 857 858 859 860 861 862 863 864 865 610 611 612 613 866 615 616 867 868 869 870 871 872 873 874 875
896 918 919 920 921 922 924 568 569 570 571 572 573 574 575 576 577 578 579 580 581 582 583 584 585 586 587 588 1083 610 611 612 613 614 616 876 877 878 879 880 881 882 883 884 885 886 887 888 889 890 891 892 893 894 895
897 898 899 900 901 902 903 904 905 906 907 908 909 910 911 912 913 914 915 916 917 918 919 920 921 922 923 1083 589 590 591 592 593 594 595 596 597 598 599 600 601 602 603 604 605 606 607 608 609 610 611 612 613 614 615
928 641 618 620 947 949 1084 926 639
640 617 619 946 948 1084 925 638 927
961 930 643 618 940 653 622 947 951 632 1084 926 639
929 642 961 617 940 621 653 946 950 632 1084 925 638
928 641 962 932 645 620 941 654 624 949 633 953 1084
640 962 931 644 619 941 654 623 948 952 633 1084 927
930 643 963 934 647 622 655 942 626 951 634 955 1084
929 642 963 933 646 621 942 655 625 950 634 954 1084
932 645 964 936 649 943 624 656 628 953 635 1084 957
931 644 964 935 648 623 656 943 627 952 635 956 1084
965 934 647 938 651 944 657 626 630 955 636 1084 959
933 646 965 937 650 944 625 657 629 954 636 1084 958
960 966 936 649 939 652 945 658 628 631 1084 637 957
960 966 935 648 939 652 945 658 627 631 956 637 1084
650 651 653 654 655 656 657 658 937 938 940 941 942 943 944 945 1084 958 959 961 962 963 964 965 966 629 630 632 633 634 635 636 637
640 641 652 654 655 656 657 658 927 928 939 941 942 943 944 945 948 949 1084 960 962 963 964 965 966 619 620 631 633 634 635 636 637
642 643 652 653 655 656 657 658 929 930 939 940 942 943 944 945 950 951 1084 960 961 963 964 965 966 621 622 631 632 634 635 636 637
644 645 652 653 654 656 657 658 931 932 939 940 941 943 944 945 952 953 1084 960 961 962 964 965 966 623 624 631 632 633 635 636 637
646 647 652 653 654 655 657 658 933 934 939 940 941 942 944 945 954 955 1084 960 961 962 963 965 966 625 626 631 632 633 634 636 637
648 649 652 653 654 655 656 658 935 936 939 940 941 942 943 945 956 957 1084 960 961 962 963 964 966 627 628 631 632 633 634 635 637
650 651 652 653 654 655 656 657 937 938 939 940 941 942 943 944 1084 958 959 960 961 962 963 964 965 629 630 631 632 633 634 635 636
928 968 618 970 620 1073 660 662 1084 765 926
967 617 969 619 1073 659 661 1084 765 925 927
674 930 968 618 940 972 622 1073 660 982 632 664 1084 765 926
929 674 967 617 971 940 621 1073 659 982 663 632 1084 765 925
928 675 932 970 620 941 974 624 1073 662 983 633 666 1084 765
675 931 969 619 941 973 623 1073 661 983 633 665 1084 765 927
930 676 934 972 622 942 976 1073 626 664 984 634 668 765 1084
929 676 933 971 621 942 975 625 1073 663 984 634 667 1084 765
932 677 936 974 943 624 1073 978 628 985 666 635 1084 765 670
931 677 935 973 623 943 977 1073 627 665 985 635 1084 669 765
672 678 934 938 944 976 626 1073 980 630 986 636 668 765 1084
933 678 937 975 944 625 1073 979 629 986 667 636 765 1084 671
673 679 936 939 945 978 1073 628 981 631 987 1084 637 670 765
673 679 935 939 945 977 627 1073 981 631 987 1084 637 669 765
671 672 674 675 676 677 678 679 937 938 940 941 942 943 944 945 1073 1084 979 980 982 983 984 985 986 987 629 630 632 633 634 635 636 637 765
661 662 927 928 673 675 676 677 678 679 939 941 942 943 944 945 1073 1084 969 970 981 983 984 985 986 987 619 620 631 633 634 635 636 637 765
663 664 673 674 929 676 677 678 679 930 939 940 942 943 944 945 1073 1084 971 972 981 982 984 985 986 987 621 622 631 632 634 635 636 637 765
665 666 673 674 675 931 677 678 679 932 939 940 941 943 944 945 1073 1084 973 974 981 982 983 985 986 987 623 624 631 632 633 635 636 637 765
667 668 673 674 675 676 933 678 679 934 939 940 941 942 944 945 1073 1084 975 976 981 982 983 984 986 987 625 626 631 632 633 634 636 637 765
669 670 673 674 675 676 677 679 935 936 939 940 941 942 943 945 1073 1084 977 978 981 982 983 984 985 987 627 628 631 632 633 634 635 765 637
671 672 673 674 675 676 677 678 937 938 939 940 941 942 943 944 1073 1084 979 980 981 982 983 984 985 986 629 630 631 632 633 634 635 636 765
991 641 681 683 1074 947 949 1084 989 766 639
640 990 680 682 946 1074 948 988 1084 638 766
961 993 643 681 1003 653 685 1074 947 695 951 1084 989 766 639
992 961 642 680 1003 684 653 946 1074 950 695 988 1084 638 766
641 962 995 645 683 1004 654 687 1074 949 696 953 1084 766 991
640 962 994 644 682 1004 654 686 1074 948 696 952 1084 766 990
993 643 963 997 647 685 1005 655 689 1074 951 697 955 1084 766
992 642 963 996 646 684 1005 655 688 1074 950 697 954 1084 766
995 964 645 999 649 1006 687 656 1074 691 953 698 1084 957 766
994 644 964 998 648 686 1006 656 690 1074 952 698 956 1084 766
965 997 647 1001 651 1007 657 689 1074 693 699 955 1084 766 959
996 965 646 1000 650 1007 688 657 1074 692 954 699 1084 766 958
960 966 999 649 1002 652 1008 658 691 1074 694 700 957 766 1084
960 966 998 648 1002 652 1008 658 690 1074 694 700 956 766 1084
650 651 653 654 655 656 657 658 1074 692 693 695 696 697 698 699 700 1084 958 959 961 962 963 964 965 966 1000 1001 1003 1004 1005 1006 1007 1008 766
640 641 652 654 655 656 657 658 682 683 1074 948 949 694 696 697 698 699 700 1084 960 962 963 964 965 966 990 991 1002 1004 1005 1006 1007 1008 766
642 643 652 653 655 656 657 658 684 685 1074 694 695 950 697 698 699 700 951 1084 960 961 963 964 965 966 992 993 1002 1003 1005 1006 1007 1008 766
644 645 652 653 654 656 657 658 686 687 1074 694 695 696 952 698 699 700 953 1084 960 961 962 964 965 966 994 995 1002 1003 1004 1006 1007 1008 766
646 647 652 653 654 655 657 658 688 689 1074 694 695 696 697 954 699 700 955 1084 960 961 962 963 965 966 996 997 1002 1003 1004 1005 1007 1008 766
648 649 652 653 654 655 656 658 690 691 1074 694 695 696 697 698 700 956 957 1084 960 961 962 963 964 966 998 999 1002 1003 1004 1005 1006 1008 766
650 651 652 653 654 655 656 657 1074 692 693 694 695 696 697 698 699 1084 958 959 960 961 962 963 964 965 1000 1001 1002 1003 1004 1005 1006 1007 766
704 968 970 1010 1075 660 1012 662 1084 702 767
703 967 969 1009 659 1011 661 1075 1084 701 767
1024 674 706 968 716 972 1010 1075 660 982 1014 664 1084 702 767
1024 705 674 967 971 716 1009 659 1075 1013 982 663 1084 701 767
704 1025 675 708 970 717 974 1075 1012 662 983 1016 666 1084 767
767 1025 675 707 969 717 973 1011 1075 661 983 1015 665 1084 703
706 1026 676 710 972 718 976 1075 1014 664 984 1018 668 1084 767
705 1026 676 709 971 718 975 1075 1013 663 984 1017 667 1084 767
1027 708 677 712 974 719 978 1075 1016 985 666 1020 1084 670 767
707 1027 677 711 973 719 977 1075 1015 665 985 1019 1084 669 767
672 1028 678 710 714 720 976 1075 980 986 1018 668 1084 1022 767
767 1028 709 678 713 975 720 979 1075 1017 986 667 1084 1021 671
1023 673 1029 679 712 715 721 978 1075 981 987 1020 1084 670 767
1023 673 1029 711 679 715 721 977 1075 981 987 1019 669 1084 767
1024 1025 1026 1027 1028 1029 671 672 674 675 676 677 678 679 1075 1084 713 714 716 717 718 719 720 721 979 980 982 983 984 985 986 987 1021 1022 767
1023 1025 1026 1027 1028 1029 661 662 673 675 676 677 678 679 1075 1084 703 704 969 970 715 717 718 719 720 721 981 983 984 985 986 987 1011 1012 767
1023 1024 1026 1027 1028 1029 663 664 673 674 676 677 678 679 1075 1084 705 706 715 716 971 718 719 720 721 972 981 982 984 985 986 987 1013 1014 767
1023 1024 1025 1027 1028 1029 665 666 673 674 675 677 678 679 1075 1084 707 708 715 716 717 973 719 720 721 974 981 982 983 985 986 987 1015 1016 767
1023 1024 1025 1026 1028 1029 667 668 673 674 675 676 678 679 1075 1084 709 710 715 716 717 718 975 720 721 976 981 982 983 984 986 987 1017 1018 767
1023 1024 1025 1026 1027 1029 669 670 673 674 675 676 677 679 1075 1084 711 712 715 716 717 718 719 721 977 978 981 982 983 984 985 987 1019 1020 767
1023 1024 1025 1026 1027 1028 671 672 673 674 675 676 677 678 1075 1084 713 714 715 716 717 718 719 720 979 980 981 982 983 984 985 986 1021 1022 767
768 1031 681 1033 683 723 1076 725 1084 989 991
768 1030 680 1032 682 722 724 1076 988 1084 990
768 737 993 1031 681 1003 1035 685 723 1076 1045 727 695 1084 989
768 737 992 1030 680 1034 1003 684 722 1076 1045 726 695 988 1084
768 738 995 1033 683 1004 1037 687 1076 725 1046 696 729 1084 991
768 738 994 1032 682 1004 1036 686 724 1076 1046 696 728 1084 990
768 993 739 997 1035 685 1005 1039 689 1076 727 1047 697 731 1084
768 992 739 996 1034 684 1005 1038 688 1076 726 1047 697 730 1084
768 995 740 999 1037 1006 687 1041 691 1076 1048 729 698 1084 733
768 994 740 998 1036 686 1006 1040 690 1076 728 1048 698 732 1084
768 741 997 1001 1007 1039 689 1043 1076 693 1049 699 731 1084 735
768 996 741 1000 1038 1007 688 1042 692 1076 1049 730 699 1084 734
736 768 742 999 1002 1008 1041 691 1044 1076 694 1050 700 733 1084
736 768 742 998 1002 1008 1040 690 1044 1076 694 1050 700 732 1084
768 1042 1043 1045 1046 1047 1048 1049 1050 692 693 1076 695 696 697 698 699 700 1084 734 735 737 738 739 740 741 742 1000 1001 1003 1004 1005 1006 1007 1008
768 1032 1033 1044 1046 1047 1048 1049 1050 682 683 1076 694 696 697 698 699 700 1084 724 725 990 991 736 738 739 740 741 742 1002 1004 1005 1006 1007 1008
768 1034 1035 1044 1045 1047 1048 1049 1050 684 685 1076 694 695 697 698 699 700 1084 726 727 736 737 992 739 740 741 742 993 1002 1003 1005 1006 1007 1008
768 1036 1037 1044 1045 1046 1048 1049 1050 686 687 1076 694 695 696 698 699 700 1084 728 729 736 737 738 994 740 741 742 995 1002 1003 1004 1006 1007 1008
768 1038 1039 1044 1045 1046 1047 1049 1050 688 689 1076 694 695 696 697 699 700 1084 730 731 736 737 738 739 996 741 742 997 1002 1003 1004 1005 1007 1008
768 1040 1041 1044 1045 1046 1047 1048 1050 690 691 1076 694 695 696 697 698 700 1084 732 733 736 737 738 739 740 742 998 999 1002 1003 1004 1005 1006 1008
768 1042 1043 1044 1045 1046 1047 1048 1049 692 693 694 695 696 697 698 699 1076 1084 734 735 736 737 738 739 740 741 1000 1001 1002 1003 1004 1005 1006 1007
704 769 744 746 1010 1012 1077 1052 1084 702 1054
769 743 745 1009 1011 1077 1051 1084 701 1053 703
1024 769 706 1056 744 1066 716 748 1010 1077 758 1014 1052 1084 702
1024 705 769 743 1066 747 716 1009 1013 758 1077 1051 1084 701 1055
704 769 1025 1058 708 746 1067 717 750 1012 1077 759 1016 1084 1054
769 1025 707 1057 745 1067 717 749 1011 1077 759 1015 1084 1053 703
1056 769 706 1026 1060 710 748 1068 718 752 1077 1014 760 1018 1084
705 769 1026 1059 709 747 1068 718 751 1013 1077 760 1017 1084 1055
769 1058 1027 708 1062 712 1069 750 719 754 1077 1016 761 1020 1084
769 1057 707 1027 1061 711 749 1069 719 753 1077 1015 761 1019 1084
769 1028 1060 710 1064 714 1070 720 752 756 1077 762 1018 1084 1022
769 1059 1028 709 1063 713 1070 751 720 755 1077 1017 762 1084 1021
769 1029 1062 712 1065 715 1071 721 754 757 1077 763 1020 1084 1023
769 1029 1061 711 1065 715 1071 721 753 757 1077 763 1019 1084 1023
1024 769 1025 1026 1027 1028 1029 1063 1064 1066 1067 1068 1069 1070 1071 1077 1084 713 714 716 717 718 719 720 721 755 756 758 759 760 761 762 763 1021 1022
769 1025 1026 1027 1028 1029 1053 1054 1065 1067 1068 1069 1070 1071 1077 1084 703 704 715 717 718 719 720 721 745 746 1011 1012 757 759 760 761 762 763 1023
1024 769 1026 1027 1028 1029 1055 1056 1065 1066 1068 1069 1070 1071 1077 1084 705 706 715 716 718 719 720 721 747 748 757 758 1013 760 761 762 763 1014 1023
1024 769 1025 1027 1028 1029 1057 1058 1065 1066 1067 1069 1070 1071 1077 1084 707 708 715 716 717 719 720 721 749 750 757 758 759 1015 761 762 763 1016 1023
1024 769 1025 1026 1028 1029 1059 1060 1065 1066 1067 1068 1070 1071 1077 1084 709 710 715 716 717 718 720 721 751 752 757 758 759 760 1017 762 763 1018 1023
1024 769 1025 1026 1027 1029 1061 1062 1065 1066 1067 1068 1069 1071 1077 1084 711 712 715 716 717 718 719 721 753 754 757 758 759 760 761 763 1019 1020 1023
1024 769 1025 1026 1027 1028 1063 1064 1065 1066 1067 1068 1069 1070 1077 1084 713 714 715 716 717 718 719 720 755 756 757 758 759 760 761 762 1021 1022 1023
770 1031 1033 1072 723 725 1078 764 1084
770 1030 1032 1072 722 724 1078 764 1084
737 770 1031 1035 1072 723 1045 1078 727 764 1084
737 770 1030 1034 1072 722 1045 726 1078 764 1084
738 770 1033 1037 1072 725 1046 1078 729 764 1084
738 770 1032 1036 1072 724 1046 1078 728 764 1084
770 739 1035 1039 1072 1078 727 1047 731 764 1084
770 739 1034 1038 1072 726 1047 1078 730 764 1084
770 740 1037 1072 1041 1078 1048 729 764 733 1084
770 740 1036 1040 1072 1078 728 1048 732 764 1084
770 741 1039 1072 1043 1078 1049 731 764 1084 735
770 741 1038 1072 1042 1078 1049 730 764 1084 734
736 770 742 1072 1041 1044 1078 1050 764 733 1084
736 770 742 1040 1072 1044 1078 1050 732 764 1084
737 738 739 740 741 742 770 1072 1042 1043 1045 1046 1047 1048 1049 1050 1078 764 1084 734 735
736 738 739 740 741 742 770 1032 1033 1072 724 725 1044 1046 1047 1048 1049 1050 764 1078 1084
736 737 770 739 740 741 742 1034 1035 1072 1044 1045 726 727 1047 1048 1049 1050 764 1078 1084
736 737 738 770 740 741 742 1036 1037 1072 1044 1045 1046 1078 728 729 1048 1049 764 1050 1084
736 737 738 739 770 741 742 1038 1039 1072 1044 1045 1046 1047 1078 1049 730 731 764 1050 1084
736 737 738 739 740 770 742 1040 1041 1072 1044 1045 1046 1047 1048 1078 1050 732 733 764 1084
736 737 738 739 740 741 770 1072 1042 1043 1044 1045 1046 1047 1048 1049 1078 764 1084 734 735
768 769 770 1051 1052 1053 1054 1055 1056 1057 1058 1059 1060 1061 1062 1063 1064 1065 1066 1067 1068 1069 1070 1071 1073 1074 1075 1076 1077 1078 1084 743 744 745 746 747 748 749 750 751 752 753 754 755 756 757 758 759 760 761 762 763 765 766 767
640 641 642 643 644 645 646 647 648 649 650 651 652 653 654 655 656 657 658 766 767 768 1074 769 1075 770 1076 1077 1072 1078 946 947 948 949 950 951 952 953 954 955 956 957 958 959 960 961 962 963 964 965 966 1084 764 638 639
768 769 770 659 660 661 662 663 664 665 666 667 668 669 670 671 672 673 674 675 676 677 678 679 1072 1073 1075 1076 1077 1078 1084 967 968 969 970 971 972 973 974 975 976 977 978 979 980 981 982 983 984 985 986 987 764 765 767
768 769 770 1072 1073 1074 680 681 682 683 684 685 686 687 688 689 690 691 692 693 694 695 696 697 698 699 700 1076 1077 1078 1084 988 989 990 991 992 993 994 995 996 997 998 999 1000 1001 1002 1003 1004 1005 1006 1007 1008 764 765 766
1020 769 770 1021 1022 1023 1024 1025 1026 1027 1028 1029 1072 1073 1074 1075 1077 1078 1084 701 702 703 704 705 706 707 708 709 710 711 712 713 714 715 716 717 718 719 720 721 1009 1010 1011 1012 1013 1014 1015 1016 1017 1018 1019 764 765 766 767
768 770 1030 1031 1032 1033 1034 1035 1036 1037 1038 1039 1040 1041 1042 1043 1044 1045 1046 1047 1048 1049 1050 1072 1073 1074 1075 1076 1078 1084 722 723 724 725 726 727 728 729 730 731 732 733 734 735 736 737 738 739 740 741 742 764 765 766 767
768 769 1051 1052 1053 1054 1055 1056 1057 1058 1059 1060 1061 1062 1063 1064 1065 1066 1067 1068 1069 1070 1071 1072 1073 1074 1075 1076 1077 1084 743 744 745 746 747 748 749 750 751 752 753 754 755 756 757 758 759 760 761 762 763 764 765 766 767
772 774 1079 793 795 1085
771 773 1079 792 794 1085
772 807 776 786 1079 793 797 1085
771 807 775 786 1079 792 796 1085
774 808 778 787 1079 795 1085 799
773 808 777 787 1079 794 1085 798
801 776 809 780 788 1079 797 1085
800 775 809 779 788 1079 796 1085
803 778 810 782 789 1079 1085 799
802 777 810 781 789 1079 1085 798
801 805 811 780 784 790 1079 1085
800 804 779 811 783 790 1079 1085
803 806 812 782 785 791 1079 1085
802 806 812 781 785 791 1079 1085
804 805 807 808 809 810 811 812 783 784 786 787 788 789 790 791 1079 1085
773 774 806 808 809 810 811 812 785 787 788 789 790 791 1079 794 795 1085
806 775 776 807 809 810 811 812 785 786 788 789 790 791 1079 796 797 1085
806 807 808 777 778 810 811 812 785 786 787 789 790 791 1079 1085 798 799
800 801 806 807 808 809 779 780 811 812 785 786 787 788 790 791 1079 1085
802 803 806 807 808 809 810 812 781 782 785 786 787 788 789 791 1079 1085
804 805 806 807 808 809 810 811 783 784 785 786 787 788 789 790 1079 1085
772 774 814 816 919 1079 1085
771 773 813 815 919 1079 1085
772 776 814 786 818 919 1079 828 1085
771 775 813 817 786 919 1079 828 1085
774 778 816 787 820 919 1079 829 1085
773 777 815 787 819 919 1079 829 1085
776 780 818 788 822 919 1079 1085 830
775 779 817 788 821 919 1079 1085 830
778 782 820 789 919 824 1079 1085 831
777 781 819 789 823 919 1079 1085 831
832 780 784 790 822 919 1079 826 1085
832 779 783 821 790 919 1079 825 1085
833 782 785 791 824 919 1079 827 1085
833 781 785 823 791 919 1079 827 1085
832 833 1085 783 784 786 787 788 789 790 791 919 825 826 1079 828 829 830 831
832 833 1085 773 774 815 816 785 787 788 789 790 791 919 1079 827 829 830 831
832 833 775 776 785 786 817 788 789 790 791 818 919 1079 827 828 1085 830 831
832 833 777 778 785 786 787 819 789 790 791 820 919 1079 827 828 829 1085 831
832 833 779 780 785 786 787 788 821 790 791 822 919 1079 827 828 829 830 1085
1079 833 1085 781 782 785 786 787 788 789 791 823 824 919 827 828 829 830 831
832 1085 783 784 785 786 787 788 789 790 919 1079 825 826 827 828 829 830 831
835 837 1079 920 793 795 1085
834 836 1079 792 920 794 1085
835 839 807 849 1079 920 793 797 1085
834 838 807 849 1079 792 920 796 1085
837 808 841 850 1079 920 795 1085 799
836 808 840 850 1079 920 794 1085 798
801 839 809 843 851 1079 920 797 1085
800 838 809 842 851 1079 920 796 1085
803 841 810 845 852 1079 920 1085 799
802 840 810 844 852 1079 920 1085 798
801 805 811 843 847 853 1079 920 1085
800 804 842 811 846 853 1079 920 1085
803 806 812 845 848 854 1079 920 1085
802 806 812 844 848 854 1079 920 1085
804 805 807 808 809 810 811 812 846 847 849 850 851 852 853 854 1079 920 1085
836 837 806 808 809 810 811 812 848 850 851 852 853 854 1079 920 794 795 1085
806 807 838 809 810 811 812 839 848 849 851 852 853 854 1079 920 796 797 1085
806 807 808 840 810 811 812 841 848 849 850 852 853 854 1079 920 1085 798 799
800 801 806 807 808 809 842 811 812 843 848 849 850 851 853 854 1079 920 1085
802 803 806 807 808 809 810 812 844 845 848 849 850 851 852 854 1079 920 1085
804 805 806 807 808 809 810 811 846 847 848 849 850 851 852 853 1079 920 1085
814 816 1079 856 921 858 1085
813 815 855 1079 857 921 1085
870 814 818 1079 856 921 828 860 1085
870 813 817 855 1079 921 859 828 1085
871 816 820 1079 921 858 829 862 1085
871 815 819 1079 857 921 829 861 1085
864 872 818 822 1079 921 860 1085 830
872 817 821 1079 921 859 1085 830 863
866 873 820 1079 824 921 1085 862 831
865 873 819 823 1079 921 861 1085 831
832 864 868 874 822 1079 921 826 1085
832 867 874 821 1079 825 921 1085 863
833 866 869 875 1079 824 921 827 1085
833 865 869 875 823 1079 921 827 1085
832 833 1085 867 868 870 871 872 873 874 875 1079 825 826 921 828 829 830 831
832 833 1085 869 871 872 873 874 875 815 816 1079 857 858 827 921 829 830 831
832 833 860 1085 869 870 872 873 874 875 817 818 1079 921 827 828 859 830 831
832 833 862 1085 869 870 871 873 874 875 819 820 1079 921 827 828 829 861 831
832 833 864 1085 869 870 871 872 874 875 821 822 1079 921 827 828 829 830 863
1085 833 865 866 869 870 871 872 873 875 823 824 921 1079 827 828 829 830 831
832 921 1085 867 868 869 870 871 872 873 874 1079 825 826 827 828 829 830 831
835 837 877 879 1079 922 1085
834 836 876 878 1079 922 1085
835 839 877 849 881 1079 922 891 1085
834 838 876 880 849 1079 922 891 1085
837 841 879 850 883 1079 922 892 1085
836 840 878 850 882 1079 922 892 1085
839 843 881 851 885 1079 922 893 1085
838 842 880 851 884 1079 922 893 1085
841 845 883 852 887 1079 922 1085 894
840 844 882 852 886 1079 922 1085 894
843 847 853 885 1079 889 922 1085 895
842 846 884 853 1079 888 922 1085 895
896 845 848 854 887 1079 890 922 1085
896 844 848 854 886 1079 890 922 1085
896 1085 846 847 849 850 851 852 853 854 1079 888 889 922 891 892 893 894 895
896 1085 836 837 878 879 848 850 851 852 853 854 1079 890 922 892 893 894 895
896 1085 838 839 848 849 880 851 852 853 854 881 1079 890 891 922 893 894 895
896 1085 840 841 848 849 850 882 852 853 854 883 1079 890 891 892 922 894 895
896 1085 842 843 848 849 850 851 884 853 854 885 1079 890 891 892 893 922 895
896 1085 844 845 848 849 850 851 852 854 886 887 1079 890 891 892 893 894 922
922 1085 846 847 848 849 850 851 852 853 1079 888 889 890 891 892 893 894 895
898 900 1079 856 858 923 1085
897 899 1079 855 857 923 1085
898 870 902 912 1079 856 923 860 1085
897 901 870 912 855 1079 859 923 1085
900 871 904 913 1079 858 923 1085 862
899 903 871 913 1079 857 923 861 1085
864 902 872 906 914 1079 923 860 1085
901 872 905 914 1079 859 923 1085 863
866 904 873 908 915 1079 923 1085 862
865 903 873 907 915 1079 923 861 1085
864 868 874 906 910 916 1079 923 1085
867 905 874 909 916 1079 923 1085 863
866 869 875 908 911 917 1079 923 1085
865 869 875 907 911 917 1079 923 1085
867 868 870 871 872 873 874 875 909 910 912 913 914 915 916 917 1079 923 1085
899 900 869 871 872 873 874 875 911 913 914 915 916 917 1079 857 858 923 1085
869 870 901 872 873 874 875 902 911 912 914 915 916 917 1079 859 860 923 1085
869 870 871 903 873 874 875 904 911 912 913 915 916 917 1079 923 861 862 1085
864 869 870 871 872 905 874 875 906 911 912 913 914 916 917 1079 923 1085 863
865 866 869 870 871 872 873 875 907 908 911 912 913 914 915 917 1079 923 1085
867 868 869 870 871 872 873 874 909 910 911 912 913 914 915 916 1079 923 1085
877 879 918 1079 924 1085
876 878 918 1079 924 1085
877 881 918 1079 891 924 1085
876 880 918 1079 891 924 1085
879 883 918 1079 892 924 1085
878 882 918 1079 892 924 1085
881 885 918 1079 924 893 1085
880 884 918 1079 924 893 1085
883 918 1079 887 924 1085 894
882 918 1079 886 924 1085 894
885 918 1079 889 924 1085 895
884 918 1079 888 924 1085 895
896 918 1079 887 890 924 1085
896 886 1079 918 890 924 1085
896 924 1085 918 1079 888 889 891 892 893 894 895
896 924 1085 878 879 918 1079 890 892 893 894 895
896 1085 880 881 918 1079 890 891 924 893 894 895
896 1085 882 883 918 1079 890 891 892 924 894 895
896 1085 884 885 918 1079 890 891 892 893 924 895
896 1085 886 887 918 1079 890 891 892 893 894 924
924 1085 918 1079 888 889 890 891 892 893 894 895
897 898 899 900 901 902 903 904 905 906 907 908 909 910 911 912 913 914 915 916 917 919 920 921 922 923 924 1079 1085
921 922 920 918 792 793 794 795 796 797 798 799 800 801 802 803 804 805 806 807 808 809 810 811 812 923 924 1079 1085
1079 918 919 921 922 923 924 813 814 815 816 817 818 819 820 821 822 823 824 825 826 827 828 829 830 831 832 833 1085
918 919 920 922 923 924 1079 1085 834 835 836 837 838 839 840 841 842 843 844 845 846 847 848 849 850 851 852 853 854
918 919 920 921 923 924 1079 1085 855 856 857 858 859 860 861 862 863 864 865 866 867 868 869 870 871 872 873 874 875
896 918 919 920 921 922 924 1079 1085 876 877 878 879 880 881 882 883 884 885 886 887 888 889 890 891 892 893 894 895
897 898 899 900 901 902 903 904 905 906 907 908 909 910 911 912 913 914 915 916 917 918 919 920 921 922 923 1079 1085
1024 1025 1026 1027 1028 1029 1030 1031 1032 1033 1034 1035 1036 1037 1038 1039 1040 1041 1042 1043 1044 1045 1046 1047 1048 1049 1050 1051 1052 1053 1054 1055 1056 1057 1058 1059 1060 1061 1062 1063 1064 1065 1066 1067 1068 1069 1070 1071 1072 1073 1074 1075 1076 1077 1078 1080 1081 1082 1083 1084 1085 925 926 927 928 929 930 931 932 933 934 935 936 937 938 939 940 941 942 943 944 945 946 947 948 949 950 951 952 953 954 955 956 957 958 959 960 961 962 963 964 965 966 967 968 969 970 971 972 973 974 975 976 977 978 979 980 981 982 983 984 985 986 987 988 989 990 991 992 993 994 995 996 997 998 999 1000 1001 1002 1003 1004 1005 1006 1007 1008 1009 1010 1011 1012 1013 1014 1015 1016 1017 1018 1019 1020 1021 1022 1023
1079 1081 1082 1083 1084 1085 155 156 157 158 159 160 161 162 163 164 165 166 167 168 169 170 171 172 173 174 175 176 177 178 179 180 181 182 183 184 185 186 187 188 189 190 191 192 193 194 195 196 197 198 199 200 201 202 203 204 205 206 207 208 209 210 211 212 213 214 215 216 217 218 219 220 221 222 223 224 225 226 227 228 229 230 231 232 233 234 235 236 237 238 239 240 241 242 243 244 245 246 247 248 249 250 251 252 253 254 255 256 257 258 259 260 261 262 263 264 265 266 267 268 269 270 271 272 273 274 275 276 277 278 279 280 281 282 283 284 285 286 287 288 289 290 291 292 293 294 295 296 297 298 299 300 301 302 303 304 305 306 307 308
1079 1080 1082 1083 1084 1085 309 310 311 312 313 314 315 316 317 318 319 320 321 322 323 324 325 326 327 328 329 330 331 332 333 334 335 336 337 338 339 340 341 342 343 344 345 346 347 348 349 350 351 352 353 354 355 356 357 358 359 360 361 362 363 364 365 366 367 368 369 370 371 372 373 374 375 376 377 378 379 380 381 382 383 384 385 386 387 388 389 390 391 392 393 394 395 396 397 398 399 400 401 402 403 404 405 406 407 408 409 410 411 412 413 414 415 416 417 418 419 420 421 422 423 424 425 426 427 428 429 430 431 432 433 434 435 436 437 438 439 440 441 442 443 444 445 446 447 448 449 450 451 452 453 454 455 456 457 458 459 460 461 462
512 513 514 515 516 517 518 519 520 521 522 523 524 525 526 527 528 529 530 531 532 533 534 535 536 537 538 539 540 541 542 543 544 545 546 547 548 549 550 551 552 553 554 555 556 557 558 559 560 561 562 563 564 565 566 567 568 569 570 571 572 573 574 575 576 577 578 579 580 581 582 583 584 585 586 587 588 589 590 591 592 593 594 595 596 597 598 599 600 601 602 603 604 605 606 607 608 609 610 611 612 613 614 615 616 1079 1080 1081 1083 1084 1085 463 464 465 466 467 468 469 470 471 472 473 474 475 476 477 478 479 480 481 482 483 484 485 486 487 488 489 490 491 492 493 494 495 496 497 498 499 500 501 502 503 504 505 506 507 508 509 510 511
1079 1080 1081 1082 1084 1085 617 618 619 620 621 622 623 624 625 626 627 628 629 630 631 632 633 634 635 636 637 638 639 640 641 642 643 644 645 646 647 648 649 650 651 652 653 654 655 656 657 658 659 660 661 662 663 664 665 666 667 668 669 670 671 672 673 674 675 676 677 678 679 680 681 682 683 684 685 686 687 688 689 690 691 692 693 694 695 696 697 698 699 700 701 702 703 704 705 706 707 708 709 710 711 712 713 714 715 716 717 718 719 720 721 722 723 724 725 726 727 728 729 730 731 732 733 734 735 736 737 738 739 740 741 742 743 744 745 746 747 748 749 750 751 752 753 754 755 756 757 758 759 760 761 762 763 764 765 766 767 768 769 770
1079 1080 1081 1082 1083 1085 771 772 773 774 775 776 777 778 779 780 781 782 783 784 785 786 787 788 789 790 791 792 793 794 795 796 797 798 799 800 801 802 803 804 805 806 807 808 809 810 811 812 813 814 815 816 817 818 819 820 821 822 823 824 825 826 827 828 829 830 831 832 833 834 835 836 837 838 839 840 841 842 843 844 845 846 847 848 849 850 851 852 853 854 855 856 857 858 859 860 861 862 863 864 865 866 867 868 869 870 871 872 873 874 875 876 877 878 879 880 881 882 883 884 885 886 887 888 889 890 891 892 893 894 895 896 897 898 899 900 901 902 903 904 905 906 907 908 909 910 911 912 913 914 915 916 917 918 919 920 921 922 923 924
1024 1025 1026 1027 1028 1029 1030 1031 1032 1033 1034 1035 1036 1037 1038 1039 1040 1041 1042 1043 1044 1045 1046 1047 1048 1049 1050 1051 1052 1053 1054 1055 1056 1057 1058 1059 1060 1061 1062 1063 1064 1065 1066 1067 1068 1069 1070 1071 1072 1073 1074 1075 1076 1077 1078 1079 1080 1081 1082 1083 1084 925 926 927 928 929 930 931 932 933 934 935 936 937 938 939 940 941 942 943 944 945 946 947 948 949 950 951 952 953 954 955 956 957 958 959 960 961 962 963 964 965 966 967 968 969 970 971 972 973 974 975 976 977 978 979 980 981 982 983 984 985 986 987 988 989 990 991 992 993 994 995 996 997 998 999 1000 1001 1002 1003 1004 1005 1006 1007 1008 1009 1010 1011 1012 1013 1014 1015 1016 1017 1018 1019 1020 1021 1022 1023
