202 2454
0 33 2 98 4 69 100 71 9 11 76 78 24 26 91 93 31 
1 32 1 97 3 68 99 70 8 10 75 77 23 25 90 92 30 
0 95 2 35 98 69 6 102 9 73 76 13 80 24 91 28 31 
1 1 34 97 68 5 101 8 72 75 12 79 23 90 27 30 94 
0 96 33 4 36 100 7 71 103 74 11 14 78 81 26 29 93 
1 32 96 3 36 99 70 7 103 10 74 77 14 81 25 92 29 
2 34 35 5 6 101 72 73 102 12 13 79 80 27 28 94 95 
0 2 4 69 38 71 40 105 107 16 18 83 85 24 26 91 93 
1 1 3 68 37 70 39 104 106 15 17 82 84 23 25 90 92 
0 2 69 6 38 73 42 105 109 16 83 20 87 24 91 28 95 
1 1 68 5 37 72 41 104 108 15 82 19 86 23 90 27 94 
0 96 4 7 40 71 74 43 107 110 18 21 85 88 26 29 93 
1 96 3 70 7 39 74 43 106 110 17 84 21 88 25 92 29 
2 5 6 72 41 42 73 108 109 19 20 86 87 27 28 94 95 
0 33 98 100 9 11 44 76 78 111 22 89 31 
1 32 97 99 8 10 75 44 77 111 22 89 30 
0 98 35 102 9 44 13 76 111 80 22 89 31 
1 97 34 101 8 75 12 44 79 111 22 89 30 
0 33 36 100 103 11 44 14 78 111 81 22 89 
1 32 99 36 103 10 44 77 14 111 81 22 89 
2 34 35 101 102 12 13 44 79 80 111 22 89 
3 15 16 17 18 19 20 21 37 38 39 40 41 42 43 82 83 84 85 86 87 88 104 105 106 107 108 109 110 
0 2 4 69 71 9 11 76 46 78 48 113 115 53 55 120 122 
1 1 3 68 70 8 10 75 45 77 47 112 114 52 54 119 121 
0 2 69 6 9 73 76 13 46 80 113 50 53 117 120 57 124 
1 1 68 5 8 72 75 12 45 79 112 49 52 116 119 56 123 
0 4 7 71 74 11 14 78 48 81 51 115 118 55 58 122 125 
1 3 70 7 10 74 77 14 47 81 114 51 54 118 121 58 125 
2 5 6 72 73 12 13 79 80 49 50 116 117 56 57 123 124 
0 129 2 4 69 71 46 16 48 18 83 113 85 115 60 62 127 
1 128 1 3 68 70 45 47 15 17 82 112 84 114 59 61 126 
0 64 2 131 69 6 73 46 16 113 50 83 20 117 87 60 127 
1 1 130 68 5 72 45 15 112 49 82 19 116 86 59 126 63 
0 65 129 4 132 7 71 74 48 18 51 115 21 85 118 88 62 
1 128 65 3 132 70 7 74 47 17 114 51 84 21 118 88 61 
2 64 130 131 5 6 72 73 49 50 19 20 116 86 87 117 63 
0 66 133 9 11 76 78 53 22 55 120 89 122 
1 66 133 8 10 75 77 52 22 54 119 89 121 
0 66 133 9 76 13 80 53 22 120 57 89 124 
1 66 133 8 75 12 79 52 22 119 56 89 123 
0 66 133 11 14 78 81 22 55 89 58 122 125 
1 66 133 10 77 14 81 54 22 89 58 121 125 
2 66 133 12 13 79 80 22 56 57 89 123 124 
3 128 129 130 131 132 15 16 17 18 19 20 21 59 60 61 62 63 64 65 82 83 84 85 86 87 88 126 127 
0 33 98 67 100 134 24 26 91 93 31 
1 32 97 67 99 134 23 25 90 92 30 
0 95 98 35 67 102 134 24 91 28 31 
1 97 34 67 101 134 23 90 27 30 94 
0 96 33 67 36 100 134 103 26 29 93 
1 32 96 67 36 99 134 103 25 92 29 
2 34 35 67 101 102 134 27 28 94 95 
0 67 38 134 40 105 107 24 26 91 93 
1 67 37 134 39 104 106 23 25 90 92 
0 67 38 134 105 42 109 24 91 28 95 
1 67 37 134 104 41 108 23 90 27 94 
0 96 67 134 40 43 107 110 26 29 93 
1 96 67 134 39 106 43 110 25 92 29 
2 67 134 41 42 108 109 27 28 94 95 
0 33 98 67 100 134 44 111 31 
1 32 97 67 99 134 44 111 30 
0 98 35 67 102 134 44 111 31 
1 97 34 67 101 134 44 111 30 
0 33 67 36 100 134 103 44 111 
1 32 67 36 99 134 103 44 111 
2 34 35 67 101 102 134 44 111 
3 67 134 37 38 39 40 41 42 43 104 105 106 107 108 109 110 
4 128 129 130 131 132 133 45 46 47 48 49 50 51 52 53 54 55 56 57 58 59 60 61 62 63 64 65 66 112 113 114 115 116 117 118 119 120 121 122 123 124 125 126 127 
0 160 33 2 4 165 167 136 9 138 11 143 145 24 26 158 31 
1 32 1 3 164 166 135 8 137 10 142 144 23 25 157 30 159 
0 2 35 162 165 6 136 9 169 140 13 143 147 24 28 158 31 
1 1 34 161 164 5 135 8 168 139 12 142 146 23 27 157 30 
0 160 33 163 4 36 7 167 138 11 170 141 14 145 148 26 29 
1 32 3 36 163 166 7 137 10 170 141 14 144 148 25 29 159 
2 161 34 35 162 5 6 168 169 139 12 13 140 146 147 27 28 
0 160 2 4 38 40 136 138 172 174 16 18 150 24 152 26 158 
1 1 3 37 39 135 137 171 173 15 17 149 23 151 25 157 159 
0 2 162 6 38 136 42 140 172 16 176 20 150 24 154 28 158 
1 1 161 5 37 135 41 139 171 15 175 19 149 23 153 27 157 
0 160 163 4 7 40 138 43 141 174 177 18 21 152 26 155 29 
1 3 163 7 39 137 43 141 173 17 177 21 151 25 155 29 159 
2 161 162 5 6 41 42 139 140 175 176 19 20 153 154 27 28 
0 33 165 167 9 11 44 143 145 178 22 156 31 
1 32 164 166 8 10 44 142 144 178 22 156 30 
0 35 165 9 169 44 13 143 178 147 22 156 31 
1 34 164 8 168 12 44 142 146 178 22 156 30 
0 33 36 167 170 11 44 14 145 178 148 22 156 
1 32 36 166 10 170 44 14 144 178 148 22 156 
2 34 35 168 169 12 13 44 146 147 178 22 156 
3 15 16 17 18 19 20 21 149 150 151 152 153 154 155 37 38 39 40 41 42 43 171 172 173 174 175 176 177 
0 2 4 136 9 138 11 46 143 48 145 180 53 182 55 187 189 
1 1 3 135 8 137 10 45 142 47 144 179 52 181 54 186 188 
0 2 6 136 9 140 13 46 143 50 147 180 53 184 57 187 191 
1 1 5 135 8 139 12 45 142 49 146 179 52 183 56 186 190 
0 192 4 7 138 11 141 14 48 145 51 148 182 55 185 58 189 
1 192 3 7 137 10 141 14 47 144 51 148 181 54 185 58 188 
2 5 6 139 12 13 140 49 50 146 147 183 56 57 184 190 191 
0 2 194 4 196 136 138 46 16 48 18 180 150 182 152 60 62 
1 1 193 3 195 135 137 45 47 15 17 179 149 181 151 59 61 
0 64 2 194 6 198 136 140 46 16 50 20 180 150 184 154 60 
1 1 193 5 197 135 139 45 15 49 19 179 149 183 153 59 63 
0 65 4 196 7 199 138 141 48 18 51 21 182 152 185 155 62 
1 65 3 195 7 199 137 141 47 17 51 21 181 151 185 155 61 
2 64 5 6 197 198 139 140 49 50 19 20 183 184 153 154 63 
0 66 200 9 11 143 145 53 22 55 187 156 189 
1 66 8 200 10 142 144 52 22 54 186 156 188 
0 66 200 9 13 143 147 53 22 57 187 156 191 
1 66 8 200 12 142 146 52 22 56 186 156 190 
0 192 66 200 11 14 145 148 22 55 58 156 189 
1 192 66 200 10 14 144 148 54 22 58 156 188 
2 66 200 12 13 146 147 22 56 57 156 190 191 
3 15 16 17 18 19 20 21 149 150 151 152 154 155 153 59 60 61 62 63 64 65 193 194 195 196 197 198 199 
0 160 33 67 165 167 201 24 26 158 31 
1 32 67 164 166 201 23 25 157 30 159 
0 162 35 67 165 169 201 24 28 158 31 
1 161 34 67 164 168 201 23 27 157 30 
0 160 33 67 36 163 167 201 170 26 29 
1 32 67 36 163 166 201 170 25 29 159 
2 161 34 35 67 162 168 169 201 27 28 
0 160 67 38 40 201 172 174 24 26 158 
1 67 37 39 201 171 173 23 25 157 159 
0 162 67 38 201 42 172 176 24 28 158 
1 161 67 37 41 201 171 175 23 27 157 
0 160 67 163 40 201 43 174 177 26 29 
1 67 163 39 201 43 173 177 25 29 159 
2 161 162 67 41 42 201 175 176 27 28 
0 33 67 165 167 201 44 178 31 
1 32 67 164 166 201 44 178 30 
0 35 67 165 169 201 44 178 31 
1 34 67 164 168 201 44 178 30 
0 33 67 36 167 201 170 44 178 
1 32 67 36 166 201 170 44 178 
2 34 35 67 168 169 201 44 178 
3 67 37 38 39 40 41 42 43 171 172 173 174 175 176 177 201 
4 179 180 181 182 183 184 185 45 46 47 48 49 50 51 52 53 54 55 56 57 58 59 60 61 62 63 64 65 66 186 187 188 189 190 191 192 193 194 195 196 197 198 199 200 
0 98 100 69 71 202 76 78 91 93 
1 97 99 68 70 202 75 77 90 92 
0 98 69 102 73 202 76 80 91 95 
1 97 68 101 72 202 75 79 90 94 
0 96 100 71 103 74 202 78 81 93 
1 96 99 70 103 74 202 77 81 92 
2 101 102 72 73 202 79 80 94 95 
0 69 71 105 202 107 83 85 91 93 
1 68 70 104 106 202 82 84 90 92 
0 69 73 105 202 109 83 87 91 95 
1 68 72 104 202 108 82 86 90 94 
0 96 71 74 107 202 110 85 88 93 
1 96 70 74 106 202 110 84 88 92 
2 72 73 202 108 109 86 87 94 95 
0 98 100 202 76 78 111 89 
1 97 99 202 75 77 111 89 
0 98 102 202 76 111 80 89 
1 97 101 202 75 111 79 89 
0 100 103 202 78 111 81 89 
1 99 103 202 77 111 81 89 
2 101 102 202 111 80 79 89 
3 104 105 106 107 108 109 110 202 82 83 84 85 86 87 88 
0 69 71 202 76 78 113 115 120 122 
1 68 70 202 75 77 112 114 119 121 
0 69 73 202 76 80 113 117 120 124 
1 68 72 202 75 79 112 116 119 123 
0 71 74 202 78 81 115 118 122 125 
1 70 74 202 77 81 114 118 121 125 
2 72 73 202 79 80 116 117 123 124 
0 129 69 71 202 113 83 115 85 127 
1 128 68 70 202 112 82 114 84 126 
0 131 69 73 202 113 83 117 87 127 
1 130 68 72 202 112 82 116 86 126 
0 129 132 71 74 202 115 85 118 88 
1 128 132 70 74 202 114 84 118 88 
2 130 131 72 73 202 116 117 86 87 
0 133 202 76 78 120 89 122 
1 133 202 75 77 119 89 121 
0 133 202 76 80 120 89 124 
1 133 202 75 79 119 89 123 
0 133 202 78 81 89 122 125 
1 133 202 77 81 89 121 125 
2 133 202 79 80 89 123 124 
3 128 129 130 131 132 202 82 83 84 85 86 87 88 126 127 
0 98 100 134 202 91 93 
1 97 99 134 202 90 92 
0 98 134 102 202 91 95 
1 97 101 134 202 90 94 
0 96 100 134 103 202 93 
1 96 99 134 103 202 92 
2 101 102 134 202 94 95 
0 134 105 202 107 91 93 
1 134 104 106 202 90 92 
0 134 105 202 109 91 95 
1 134 104 202 108 90 94 
0 96 134 202 107 110 93 
1 96 134 106 202 110 92 
2 134 202 108 109 94 95 
0 98 202 100 134 111 
1 97 202 99 134 111 
0 134 98 202 102 111 
1 97 202 101 134 111 
0 111 202 100 134 103 
1 111 202 99 134 103 
2 134 202 101 102 111 
3 134 104 105 106 107 108 109 110 202 
4 128 129 130 131 132 133 202 112 113 114 115 116 117 118 119 120 121 122 123 124 125 126 127 
5 135 136 137 138 139 140 141 142 143 144 145 146 147 148 149 150 151 152 153 154 155 156 157 158 159 160 161 162 163 164 165 166 167 168 169 170 171 172 173 174 175 176 177 178 179 180 181 182 183 184 185 186 187 188 189 190 191 192 193 194 195 196 197 198 199 200 201 
