67 464
0 33 2 4 9 11 24 26 31 
1 32 1 3 8 10 23 25 30 
0 2 35 6 9 13 24 28 31 
1 1 34 5 8 12 23 27 30 
0 33 4 36 7 11 14 26 29 
1 32 3 36 7 10 14 25 29 
2 34 35 5 6 12 13 27 28 
0 2 4 38 40 16 18 24 26 
1 1 3 37 39 15 17 23 25 
0 2 6 38 42 16 20 24 28 
1 1 5 37 41 15 19 23 27 
0 4 7 40 43 18 21 26 29 
1 3 7 39 43 17 21 25 29 
2 5 6 41 42 19 20 27 28 
0 33 9 11 44 22 31 
1 32 8 10 44 22 30 
0 35 9 44 13 22 31 
1 34 8 12 44 22 30 
0 33 36 11 44 14 22 
1 32 36 10 44 14 22 
2 34 35 12 13 44 22 
3 37 38 39 40 41 42 43 15 16 17 18 19 20 21 
0 2 4 9 11 46 48 53 55 
1 1 3 8 10 45 47 52 54 
0 2 6 9 13 46 50 53 57 
1 1 5 8 12 45 49 52 56 
0 4 7 11 14 48 51 55 58 
1 3 7 10 14 47 51 54 58 
2 5 6 12 13 49 50 56 57 
0 2 4 46 16 48 18 60 62 
1 1 3 45 47 15 17 59 61 
0 64 2 6 46 16 50 20 60 
1 1 5 45 15 49 19 59 63 
0 65 4 7 48 18 51 21 62 
1 65 3 7 47 17 51 21 61 
2 64 5 6 49 50 19 20 63 
0 66 9 11 53 22 55 
1 66 8 10 52 22 54 
0 66 9 13 53 22 57 
1 66 8 12 52 22 56 
0 66 11 14 22 55 58 
1 66 10 14 54 22 58 
2 66 12 13 22 56 57 
3 64 65 15 16 17 18 19 20 21 59 60 61 62 63 
0 24 33 26 67 31 
1 32 25 67 30 23 
0 24 35 28 67 31 
1 34 27 67 30 23 
0 33 26 67 36 29 
1 32 25 67 36 29 
2 34 27 28 35 67 
0 24 40 26 67 38 
1 39 25 67 37 23 
0 24 42 67 28 38 
1 41 27 67 37 23 
0 40 26 43 67 29 
1 25 43 67 29 39 
2 41 42 27 28 67 
0 33 67 44 31 
1 32 67 44 30 
0 35 44 67 31 
1 34 67 44 30 
0 33 67 36 44 
1 32 67 36 44 
2 34 35 44 67 
3 67 37 38 39 40 41 42 43 
4 45 46 47 48 49 50 51 52 53 54 55 56 57 58 59 60 61 62 63 64 65 66 
