852 24402
0 2 66 4 68 226 228 266 268 14 16 54 214 56 216 278 280 
1 1 65 3 67 225 227 265 267 13 15 53 213 55 215 277 279 
0 2 6 10 266 14 270 18 274 22 278 282 286 54 58 62 66 70 74 214 218 222 226 230 234 
4 1 5 265 10 13 269 17 274 277 22 281 286 53 57 62 65 69 74 213 217 222 225 229 234 
2 4 8 11 268 16 272 275 20 23 280 284 287 56 60 63 68 72 75 216 220 223 228 232 235 
1 3 7 11 267 15 271 19 275 23 279 283 287 55 59 63 67 71 75 215 219 223 227 231 235 
0 6 9 12 270 273 18 276 21 24 282 285 288 58 61 64 70 73 76 218 221 224 230 233 236 
1 5 9 12 269 17 273 276 21 24 281 285 288 57 61 64 69 73 76 217 221 224 229 233 236 
2 7 8 10 11 12 271 272 274 19 20 275 22 23 24 276 283 284 286 287 288 59 60 62 63 64 71 72 74 75 76 219 220 222 223 224 231 232 234 235 236 
1 3 4 9 11 12 267 268 15 16 273 275 276 21 23 24 279 280 285 287 288 55 56 61 63 64 67 68 73 75 76 215 216 221 223 224 227 228 233 235 236 
0 5 6 9 10 12 269 270 17 18 273 274 21 22 276 24 281 282 285 286 288 57 58 61 62 64 69 70 73 74 76 217 218 221 222 224 229 230 233 234 236 
4 7 8 9 10 11 271 272 273 274 19 20 21 22 23 275 283 284 285 286 287 59 60 61 62 63 71 72 73 74 75 219 220 221 222 223 231 232 233 234 235 
3 2 290 4 292 102 262 266 268 78 238 80 240 50 54 214 56 216 26 314 28 
1 1 289 3 291 102 262 265 267 77 237 79 239 50 53 213 55 215 25 314 27 
4 2 6 262 10 266 270 274 26 30 34 290 294 298 50 54 58 314 62 78 82 86 214 218 222 102 238 242 246 
3 1 5 262 265 10 269 274 25 29 289 34 293 298 50 53 57 314 62 77 81 213 86 217 222 102 237 241 246 
3 4 262 8 11 268 272 275 28 32 35 292 296 299 50 56 314 60 63 80 84 87 216 220 223 102 240 244 247 
1 3 262 7 11 267 271 275 27 31 35 291 295 299 50 55 314 59 63 79 83 87 215 219 223 102 239 243 247 
3 6 262 9 12 270 273 276 30 33 36 294 297 300 50 58 314 61 64 82 85 88 218 221 224 102 242 245 248 
1 5 262 9 12 269 273 276 29 33 36 293 297 300 50 57 314 61 64 81 85 88 217 221 224 102 241 245 248 
3 262 7 8 10 11 12 271 272 274 275 276 31 32 34 35 36 295 296 298 299 300 50 314 59 60 62 63 64 83 84 86 87 88 219 220 222 223 224 102 243 244 246 247 248 
3 3 4 262 9 11 12 267 268 273 275 276 27 28 33 35 36 291 292 297 299 300 50 55 56 314 61 63 64 79 80 85 87 88 215 216 221 223 224 102 239 240 245 247 248 
3 5 6 262 9 10 12 269 270 273 274 276 29 30 33 34 36 293 294 297 298 300 50 57 58 314 61 62 64 81 82 85 86 88 217 218 221 222 224 102 241 242 245 246 248 
3 262 7 8 9 10 11 271 272 273 274 275 31 32 33 34 35 295 296 297 298 299 50 314 59 60 61 62 63 83 84 85 86 87 219 220 221 222 223 102 243 244 245 246 247 
0 66 226 68 228 38 103 40 263 14 302 16 304 51 278 280 90 250 92 252 315 
1 65 225 67 227 37 39 103 263 13 301 15 303 51 277 279 89 249 91 251 315 
0 258 263 14 18 22 278 282 286 38 42 46 302 306 51 310 315 66 70 74 90 94 98 226 230 103 234 250 254 
2 258 263 13 17 277 22 281 286 37 41 301 46 305 51 310 315 65 69 74 89 93 225 98 229 103 234 249 253 
0 256 259 263 16 20 23 280 284 287 40 44 47 304 51 308 311 315 68 72 75 92 96 99 228 103 232 235 252 
1 259 263 15 19 23 279 283 287 39 43 47 303 51 307 311 315 67 71 75 91 95 99 227 103 231 235 251 255 
0 257 260 263 18 21 24 282 285 288 42 45 48 306 51 309 312 315 70 73 76 94 97 100 230 103 233 236 254 
1 257 260 263 17 21 24 281 285 288 41 45 48 305 51 309 312 315 69 73 76 93 97 100 229 103 233 236 253 
2 256 258 259 260 263 19 20 22 23 24 283 284 286 287 288 43 44 46 47 48 51 307 308 310 311 312 315 71 72 74 75 76 95 96 98 99 100 103 231 232 234 235 236 255 
2 257 259 260 263 15 16 21 23 24 279 280 285 287 288 39 40 45 47 48 303 304 51 309 311 312 315 67 68 73 75 76 91 92 97 99 100 227 228 103 233 235 236 251 252 
2 257 258 260 263 17 18 21 22 24 281 282 285 286 288 41 42 45 46 48 305 306 51 309 310 312 315 69 70 73 74 76 93 94 97 98 100 229 230 103 233 234 236 253 254 
2 256 257 258 259 263 19 20 21 22 23 283 284 285 286 287 43 44 45 46 47 51 307 308 309 310 311 315 71 72 73 74 75 95 96 97 98 99 103 231 232 233 234 235 255 
0 290 292 101 261 104 264 78 238 80 49 240 52 313 26 28 316 
1 289 291 101 261 104 264 77 237 79 239 49 52 25 313 27 316 
0 34 290 101 261 294 104 264 298 78 238 49 82 242 52 86 246 313 26 316 30 
1 289 34 101 261 293 104 264 298 77 237 49 81 241 52 86 246 25 313 316 29 
0 32 35 292 101 261 104 264 296 299 80 49 240 52 84 244 87 247 313 28 316 
1 35 291 101 261 295 104 264 299 79 239 49 83 52 243 87 247 313 27 316 31 
0 33 36 101 261 294 104 264 297 300 49 82 242 52 85 245 88 248 313 316 30 
1 33 36 101 261 293 104 264 297 300 49 81 241 52 85 245 88 248 313 316 29 
3 261 264 31 32 34 35 36 295 296 298 299 300 49 52 313 316 83 84 86 87 88 101 104 243 244 246 247 248 
3 261 264 27 28 33 35 36 291 292 297 299 300 49 52 313 316 79 80 85 87 88 101 104 239 240 245 247 248 
3 261 264 29 30 33 34 36 293 294 297 298 300 49 52 313 316 81 82 85 86 88 101 104 241 242 245 246 248 
3 261 264 31 32 33 34 35 295 296 297 298 299 49 52 313 316 83 84 85 86 87 101 104 243 244 245 246 247 
2 256 257 258 259 260 262 263 264 37 38 39 40 41 42 43 44 45 46 47 48 301 50 51 52 302 303 304 305 306 307 308 309 310 311 312 314 315 316 89 90 91 92 93 94 95 96 97 98 99 100 102 103 104 249 250 251 252 253 254 255 
0 261 263 264 13 14 15 16 17 18 19 20 21 22 23 24 277 278 279 280 281 282 283 284 285 286 287 288 49 51 52 313 315 316 65 66 67 68 69 70 71 72 73 74 75 76 225 226 227 228 101 229 103 104 230 231 232 233 234 235 236 
3 261 262 264 25 26 27 28 29 30 31 32 33 34 35 36 289 290 291 292 293 294 295 296 297 298 299 300 49 50 52 313 314 316 77 78 79 80 81 82 83 84 85 86 87 88 101 102 104 237 238 239 240 241 242 243 244 245 246 247 248 
4 256 257 258 259 260 261 262 263 37 38 39 40 41 42 43 44 45 46 47 48 49 50 51 301 302 303 304 305 306 307 308 309 310 311 312 313 314 315 89 90 91 92 93 94 95 96 97 98 99 100 101 102 103 249 250 251 252 253 254 255 
0 320 2 226 4 228 422 106 330 108 332 14 16 210 118 214 120 216 318 
1 1 225 3 227 422 105 329 107 331 13 15 210 117 213 119 215 317 319 
0 2 6 10 14 18 22 422 318 322 326 330 334 210 338 214 218 222 226 230 106 234 110 114 118 122 126 
6 1 5 10 13 17 22 422 317 321 326 329 333 210 338 213 217 222 225 229 105 234 109 114 117 121 126 
6 4 8 11 16 20 23 422 320 324 327 332 336 210 339 216 220 223 228 232 235 108 112 115 120 124 127 
1 3 7 11 15 19 23 422 319 323 327 331 335 210 339 215 219 223 227 231 107 235 111 115 119 123 127 
6 128 6 9 12 18 21 24 422 322 325 328 334 337 210 340 218 221 224 230 233 236 110 113 116 122 125 
1 128 5 9 12 17 21 24 422 321 325 328 333 337 210 340 217 221 224 229 233 236 109 113 116 121 125 
6 128 7 8 10 11 12 19 20 22 23 24 422 323 324 326 327 328 335 336 210 338 339 340 219 220 222 223 224 231 232 234 235 236 111 112 114 115 116 123 124 126 127 
6 128 3 4 9 11 12 15 16 21 23 24 422 319 320 325 327 328 331 332 337 210 339 340 215 216 221 223 224 227 228 233 107 108 235 236 113 115 116 119 120 125 127 
6 128 5 6 9 10 12 17 18 21 22 24 422 321 322 325 326 328 333 334 337 210 338 340 217 218 221 222 224 229 230 233 234 236 109 110 113 114 116 121 122 125 126 
4 7 8 9 10 11 19 20 21 22 23 422 323 324 325 326 327 335 336 337 210 338 339 219 220 221 222 223 231 232 233 234 235 111 112 113 114 115 123 124 125 126 127 
6 2 130 4 132 262 26 154 28 422 50 318 320 210 214 342 216 344 106 108 238 366 240 
1 1 129 3 131 262 25 154 27 422 50 317 319 210 213 341 215 343 105 107 237 366 239 
4 2 130 6 134 262 10 138 26 154 30 34 422 50 318 322 326 210 214 342 218 346 222 350 106 110 238 366 114 242 246 
6 1 129 5 133 262 10 138 25 154 29 34 422 50 317 321 326 210 213 341 217 345 222 350 105 109 237 366 241 114 246 
6 4 132 262 8 136 11 139 154 28 32 35 422 50 320 324 327 210 216 344 220 348 223 351 108 366 112 240 115 244 247 
1 3 131 262 7 135 11 139 154 27 31 35 422 50 319 323 327 210 215 343 219 347 223 351 107 366 111 239 115 243 247 
6 6 134 262 9 137 12 140 154 30 33 36 422 50 322 325 328 210 218 346 221 349 224 352 110 366 113 242 116 245 248 
1 5 133 262 9 137 12 140 154 29 33 36 422 50 321 325 328 210 217 345 221 349 224 352 109 366 113 241 116 245 248 
6 262 7 8 135 10 11 140 12 136 138 139 154 31 32 34 35 36 422 50 323 324 326 327 328 210 219 220 347 222 223 224 348 350 351 352 366 111 112 114 115 116 243 244 246 247 248 
6 3 4 131 132 262 9 137 11 12 139 140 154 27 28 33 35 36 422 50 319 320 325 327 328 210 215 216 343 344 221 349 223 224 351 352 107 108 366 239 240 113 115 116 245 247 248 
6 5 6 133 134 9 10 137 12 138 140 262 154 29 30 33 34 36 422 50 321 322 325 326 328 210 217 218 345 346 221 222 349 224 350 352 109 110 366 113 114 241 116 242 245 246 248 
6 262 7 8 9 10 11 135 136 137 138 139 154 31 32 33 34 35 422 50 323 324 325 326 327 210 219 220 221 222 223 347 348 349 350 351 366 111 112 113 114 115 243 244 245 246 247 
0 263 14 142 16 144 155 38 422 40 51 330 332 210 226 354 228 356 367 118 120 250 252 
1 263 13 141 15 143 155 37 422 39 51 329 331 210 225 353 227 355 367 117 119 249 251 
0 258 263 14 142 18 146 22 150 155 38 422 42 46 51 330 334 210 338 226 354 230 358 234 362 367 118 122 250 126 254 
1 258 263 13 141 17 145 22 150 155 37 422 41 46 51 329 333 210 338 225 353 229 357 234 362 367 117 121 249 253 126 
0 256 259 263 16 144 20 148 23 151 155 422 40 44 47 51 332 336 210 339 228 356 232 360 235 363 367 120 124 252 127 
1 127 259 263 15 143 19 147 23 151 155 422 39 43 47 51 331 335 210 339 227 355 231 359 235 363 367 119 123 251 255 
0 128 257 260 263 18 146 21 149 24 152 155 422 42 45 48 51 334 337 210 340 230 358 233 361 236 364 367 122 125 254 
1 128 257 260 263 17 145 21 149 24 152 155 422 41 45 48 51 333 337 210 340 229 357 233 361 236 364 367 121 125 253 
6 128 255 256 258 259 260 263 19 20 147 22 151 152 23 24 155 148 150 422 43 44 46 47 48 51 335 336 210 338 339 340 231 232 359 234 235 236 360 362 363 364 367 123 124 126 127 
6 128 257 259 260 263 15 16 143 144 21 149 23 24 151 152 155 422 39 40 45 47 48 51 331 332 337 210 339 340 227 228 355 356 233 361 235 236 363 364 367 119 120 251 252 125 127 
6 128 254 257 258 260 263 17 18 145 146 21 22 149 24 150 152 155 422 41 42 45 46 48 51 333 334 337 210 338 340 229 230 357 358 233 234 361 236 362 364 367 121 122 125 126 253 
6 255 256 257 258 259 263 19 20 149 150 151 21 22 23 155 147 148 422 43 44 45 46 47 51 335 336 337 210 338 339 231 232 233 234 235 359 360 361 362 363 367 123 124 125 126 127 
0 130 132 261 422 264 365 238 240 49 210 368 52 342 344 153 26 28 156 
1 129 131 261 422 264 237 365 239 368 49 210 52 341 343 25 153 27 156 
0 130 261 134 264 138 153 26 156 30 34 422 49 52 210 342 346 350 365 238 368 242 246 
1 129 133 261 264 138 25 153 156 29 34 422 49 52 210 341 345 350 237 365 368 241 246 
0 132 261 136 264 139 153 28 156 32 35 422 49 52 210 344 348 351 365 240 368 244 247 
1 131 261 135 264 139 153 27 156 31 35 422 49 52 210 343 347 351 365 239 368 243 247 
0 261 134 264 137 140 153 156 30 33 36 422 49 52 210 346 349 352 365 368 242 245 248 
1 133 261 264 137 140 153 156 29 33 36 422 49 52 210 345 349 352 365 368 241 245 248 
6 261 135 136 264 138 139 140 153 156 31 32 34 35 36 422 49 52 210 347 348 350 351 352 365 368 243 244 246 247 248 
1 131 132 261 264 137 139 140 153 27 28 156 33 35 36 422 49 52 210 343 344 349 351 352 365 239 240 368 245 247 248 
6 133 134 261 264 137 138 140 153 156 29 30 33 34 36 422 49 52 210 345 346 349 350 352 365 368 241 242 245 246 248 
6 261 135 136 137 138 139 264 153 156 31 32 33 34 35 422 49 52 210 347 348 349 350 351 365 368 243 244 245 246 247 
6 256 257 258 259 260 262 263 264 141 142 143 144 145 146 147 148 149 150 151 152 154 155 156 37 38 39 40 41 42 43 44 45 46 47 48 50 51 52 422 210 353 354 355 356 357 358 359 360 361 362 363 364 366 367 368 249 250 251 252 253 254 255 
6 128 261 263 264 13 14 15 16 17 18 19 20 21 22 23 24 153 155 156 422 49 51 52 329 330 331 332 333 334 335 336 337 210 338 339 340 225 226 227 228 229 230 231 232 233 234 235 236 365 367 368 117 118 119 120 121 122 123 124 125 126 127 
6 129 130 131 132 133 134 135 136 137 138 139 140 153 154 262 264 25 26 27 28 29 30 31 32 33 34 35 36 156 261 422 365 49 50 366 52 210 341 342 343 344 345 346 347 348 349 350 351 352 237 238 239 240 241 242 243 244 245 246 247 248 368 
6 256 257 258 259 260 261 262 263 141 142 143 144 145 146 147 148 149 150 151 152 153 154 155 37 38 39 40 41 42 43 44 45 46 47 48 49 50 51 422 210 353 354 355 356 357 358 359 360 361 362 363 364 365 366 367 249 250 251 252 253 254 255 
0 160 384 66 68 423 170 266 172 268 370 211 372 54 278 56 280 158 382 
1 383 65 67 423 169 265 171 267 369 211 371 53 277 55 279 157 381 159 
0 386 390 266 270 274 278 282 286 158 162 166 423 170 174 178 54 58 62 66 70 74 211 370 374 378 382 
4 385 390 265 269 274 277 281 157 286 161 166 423 169 173 178 53 57 62 65 69 74 211 369 373 378 381 
0 384 388 391 268 272 275 280 284 287 160 164 167 423 172 176 179 56 60 63 68 72 75 211 372 376 379 
1 387 391 267 271 275 279 283 159 287 163 167 423 171 175 179 55 59 63 67 71 75 211 371 375 379 383 
0 386 389 392 270 273 276 282 285 288 162 165 423 168 174 177 180 58 61 64 70 73 76 211 374 377 380 
1 385 389 392 269 273 276 281 285 288 161 165 423 168 173 177 180 57 61 64 69 73 76 211 373 377 380 
2 387 388 390 391 392 271 272 274 275 276 283 284 286 287 288 163 164 166 167 168 423 175 176 178 179 180 59 60 62 63 64 71 72 74 75 76 211 375 376 378 379 380 
3 384 389 391 392 267 268 273 275 276 279 280 285 159 160 287 288 165 167 168 423 171 172 177 179 180 55 56 61 63 64 67 68 73 75 76 211 371 372 377 379 380 383 
3 385 386 389 390 392 269 270 273 274 276 281 282 285 286 288 161 162 165 166 423 168 173 174 177 178 180 57 58 61 62 64 69 70 73 74 76 211 373 374 377 378 380 
4 387 388 389 390 391 271 272 273 274 275 283 284 285 286 287 163 164 165 166 167 423 175 176 177 178 179 59 60 61 62 63 71 72 73 74 75 211 375 376 377 378 379 
0 266 394 268 396 158 160 290 418 292 423 54 182 56 184 314 78 206 80 211 102 370 372 
1 265 393 267 395 157 159 289 418 291 423 53 181 55 183 314 77 206 79 211 102 369 371 
0 266 394 270 398 274 402 158 162 290 418 166 294 423 298 54 182 58 186 314 190 62 78 206 82 211 86 102 370 374 378 
1 265 393 269 397 274 402 157 161 289 418 293 166 423 298 53 181 57 185 314 62 190 77 206 81 211 86 102 369 373 378 
0 268 396 272 400 275 403 160 418 164 292 167 296 423 299 56 184 314 60 188 191 63 206 80 211 84 87 102 372 376 379 
1 267 395 271 399 275 403 159 418 163 291 167 295 423 299 55 183 314 59 187 191 63 206 79 83 211 87 102 371 375 379 
0 270 398 273 401 276 404 162 418 165 294 423 168 297 300 58 186 314 61 189 64 192 206 82 211 85 88 102 374 377 380 
1 269 397 273 401 276 404 161 418 165 293 423 168 297 300 57 185 314 61 189 64 192 206 81 211 85 88 102 373 377 380 
2 271 272 399 274 275 276 400 402 403 404 418 163 164 166 167 168 295 296 298 299 300 423 314 59 188 60 190 191 64 192 187 62 63 206 83 84 211 86 87 88 102 375 376 378 379 380 
3 267 268 395 396 273 401 275 276 403 404 159 160 418 291 292 165 167 168 297 423 299 300 55 56 183 184 314 61 189 191 64 192 63 206 79 80 211 85 87 88 102 371 372 377 379 380 
3 269 270 397 398 273 274 401 276 402 404 161 162 418 165 166 293 168 294 297 298 300 423 57 58 185 186 61 190 62 64 192 189 314 206 81 82 211 85 86 88 102 373 374 377 378 380 
4 271 272 273 274 275 399 400 401 402 403 418 163 164 165 166 167 295 296 297 298 299 423 314 187 188 189 190 191 59 60 61 62 63 206 83 84 85 86 87 211 102 375 376 377 378 379 
0 384 278 406 280 408 419 423 170 172 302 304 315 66 194 68 196 207 211 90 92 103 382 
1 277 405 279 407 419 423 169 171 301 303 315 65 193 67 195 207 211 89 91 103 381 383 
0 386 390 278 406 282 410 286 414 419 423 170 174 302 178 306 310 315 66 194 70 198 74 202 207 211 90 94 98 103 382 
3 385 390 277 405 281 409 286 414 419 423 169 173 301 305 178 310 315 65 193 69 197 74 202 207 211 89 93 98 103 381 
0 384 388 391 280 408 284 412 287 415 419 423 172 176 304 179 308 311 315 68 196 72 200 75 203 207 211 92 96 99 103 
1 387 391 279 407 283 411 287 415 419 423 171 175 303 179 307 311 315 67 195 71 199 75 203 207 211 91 95 99 103 383 
0 386 389 392 282 410 285 413 288 416 419 423 174 177 306 180 309 312 315 70 198 73 201 76 204 207 211 94 97 100 103 
1 385 389 392 281 409 285 413 288 416 419 423 173 177 305 180 309 312 315 69 197 73 201 76 204 207 211 93 97 100 103 
3 387 388 390 391 392 283 284 411 286 287 288 412 414 415 416 419 423 175 176 178 179 180 307 308 310 311 312 315 71 72 199 74 75 76 200 202 204 207 203 211 95 96 98 99 100 103 
3 384 389 391 392 279 280 407 408 285 413 287 288 415 416 419 423 171 172 303 304 177 179 180 309 311 312 315 67 68 195 196 73 201 75 76 203 204 207 211 91 92 97 99 100 103 383 
3 385 386 389 390 392 281 282 409 410 285 286 413 288 414 416 419 423 173 174 177 178 305 180 306 309 310 312 315 69 70 197 198 73 74 201 76 202 204 207 211 93 94 97 98 100 103 
4 387 388 389 390 391 283 284 285 286 287 411 412 413 414 415 419 423 175 176 177 178 179 307 308 309 310 311 315 71 72 73 74 75 199 200 201 207 202 203 211 95 96 97 98 99 103 
0 417 290 292 101 420 423 104 394 396 205 78 80 208 211 182 184 313 316 
1 289 417 291 420 101 423 104 393 395 77 205 79 208 211 181 183 313 316 
0 394 398 402 417 290 420 294 423 298 182 313 186 316 190 205 78 208 82 211 86 101 104 
1 393 397 402 289 417 420 293 423 298 181 185 313 316 190 77 205 208 81 211 86 101 104 
0 396 400 403 417 292 420 423 296 299 184 313 188 316 191 205 80 208 211 84 87 101 104 
1 395 399 403 417 291 420 295 423 299 183 313 187 316 191 205 79 208 83 211 87 101 104 
0 398 401 404 417 420 294 423 297 300 313 186 316 189 192 205 208 82 211 85 88 101 104 
1 397 401 404 417 420 293 423 297 300 185 313 316 189 192 205 208 81 211 85 88 101 104 
2 399 400 402 403 404 417 420 295 296 423 298 299 300 313 187 188 316 190 191 192 205 208 83 84 211 86 87 88 101 104 
3 395 396 401 403 404 417 291 292 420 423 297 299 300 183 184 313 316 189 191 192 205 79 80 208 211 85 87 88 101 104 
3 397 398 401 402 404 417 420 293 294 423 297 298 300 185 186 313 316 189 190 192 205 208 81 82 211 85 86 88 101 104 
4 399 400 401 402 403 417 420 295 296 297 298 299 423 313 187 316 188 189 190 191 205 208 83 84 85 86 87 211 101 104 
3 405 406 407 408 409 410 411 412 413 414 415 416 418 419 420 423 301 302 303 304 305 306 307 308 309 310 311 312 314 315 316 193 194 195 196 197 198 199 200 201 202 203 204 206 207 208 211 89 90 91 92 93 94 95 96 97 98 99 100 102 103 104 
3 384 385 386 387 388 389 390 391 392 277 278 279 280 281 282 283 284 285 286 287 288 417 419 420 423 169 170 171 172 173 174 175 176 177 178 179 180 313 315 316 65 66 67 68 69 70 71 72 73 74 75 76 205 207 208 211 101 103 104 381 382 383 
3 205 393 394 395 396 206 397 398 399 400 401 402 403 404 418 289 290 291 292 293 294 295 296 297 298 299 300 420 423 417 181 182 183 184 185 186 187 188 189 190 191 192 313 314 316 77 78 79 80 81 82 83 84 85 86 87 88 208 211 101 102 104 
3 405 406 407 408 409 410 411 412 413 414 415 416 417 418 419 423 301 302 303 304 305 306 307 308 309 310 311 312 313 314 315 193 194 195 196 197 198 199 200 201 202 203 204 205 206 207 211 89 90 91 92 93 94 95 96 97 98 99 100 101 102 103 
0 320 421 424 106 330 108 332 209 212 118 120 318 
1 421 424 105 329 107 331 209 212 117 119 317 319 
0 322 421 326 424 106 330 110 334 209 114 338 212 118 122 126 318 
1 321 421 326 424 105 329 109 333 209 114 338 212 117 121 317 126 
0 320 324 421 327 424 108 332 112 209 336 115 212 339 120 124 127 
1 319 323 421 327 424 107 331 111 335 209 115 212 339 119 123 127 
0 128 322 325 421 328 424 110 334 113 209 337 116 212 340 122 125 
1 128 321 325 421 328 424 109 333 113 209 337 116 212 340 121 125 
2 128 421 424 323 324 326 327 328 335 336 209 338 339 212 340 111 112 114 115 116 123 124 126 127 
6 128 421 424 319 320 325 327 328 331 332 209 337 339 212 340 107 108 113 115 116 119 120 125 127 
6 128 421 424 321 322 325 326 328 333 334 209 337 338 212 340 109 110 113 114 116 121 122 125 126 
6 421 424 323 324 325 326 327 335 336 209 337 338 212 339 111 112 113 114 115 123 124 125 126 127 
0 320 130 132 421 424 106 108 366 209 212 342 344 154 318 
1 129 131 421 424 105 107 366 209 212 341 343 154 317 319 
0 130 322 421 134 326 424 106 138 110 366 209 114 212 342 154 346 318 350 
1 129 321 133 326 421 424 105 138 109 366 209 114 212 341 345 154 317 350 
0 320 132 324 421 327 136 424 139 108 366 112 209 115 212 344 154 348 351 
1 351 131 323 421 135 327 424 107 139 366 111 209 115 212 343 154 347 319 
0 352 322 325 134 421 328 137 424 140 110 366 113 209 116 212 154 346 349 
1 352 321 133 325 421 328 137 424 140 109 366 113 209 116 212 345 154 349 
2 135 136 138 139 140 154 421 424 323 324 326 327 328 209 212 347 348 350 351 352 366 111 112 114 115 116 
6 131 132 137 139 140 154 421 424 319 320 325 327 328 209 212 343 344 349 351 352 107 108 366 113 115 116 
6 133 134 137 138 140 154 421 424 321 322 325 326 328 209 212 345 346 349 350 352 109 110 366 113 114 116 
6 135 136 137 138 139 154 421 424 323 324 325 326 327 209 212 347 348 349 350 351 366 111 112 113 114 115 
0 354 356 421 424 330 332 142 367 144 209 212 118 120 155 
1 353 355 421 424 329 331 141 143 367 209 212 117 119 155 
0 354 421 358 424 330 362 142 334 367 209 146 338 212 150 118 122 155 126 
1 353 357 421 424 329 362 141 333 367 145 209 338 212 117 150 121 155 126 
0 356 421 360 424 363 332 367 144 209 336 339 148 212 151 120 155 124 127 
1 355 421 359 424 331 363 143 335 209 367 147 212 339 151 119 123 155 127 
0 128 421 358 424 361 364 334 367 209 146 337 212 149 340 152 122 155 125 
1 128 357 421 424 361 364 333 367 145 209 337 212 149 340 152 121 155 125 
2 128 147 148 150 151 152 155 421 424 335 336 209 338 339 212 340 359 360 362 363 364 367 123 124 126 127 
6 128 143 144 149 151 152 155 421 424 331 332 209 337 339 212 340 355 356 361 363 364 367 119 120 125 127 
6 128 145 146 149 150 152 155 421 424 333 334 209 338 337 212 340 357 358 361 362 364 367 121 122 125 126 
6 147 148 149 150 151 155 421 424 335 336 209 337 338 212 339 359 360 361 362 363 367 123 124 125 126 127 
0 130 132 421 424 365 368 209 212 342 344 153 156 
1 129 131 421 424 365 368 209 212 341 343 153 156 
0 130 421 134 424 138 365 368 209 212 342 153 346 156 350 
1 129 133 421 424 138 365 368 209 212 341 153 345 156 350 
0 132 421 136 424 139 365 368 209 212 344 153 156 348 351 
1 131 421 135 424 139 365 368 209 212 343 153 347 156 351 
0 352 421 134 424 137 140 365 368 209 212 153 346 156 349 
1 352 133 421 424 137 140 365 368 209 212 153 345 156 349 
2 352 421 135 136 424 138 139 140 365 368 209 212 153 347 156 348 350 351 
6 352 131 132 421 424 137 139 140 365 368 209 212 343 344 153 156 349 351 
6 352 133 134 421 424 137 138 140 365 368 209 212 153 345 346 156 349 350 
2 351 421 135 136 137 138 139 424 365 368 209 212 153 347 156 348 349 350 
6 141 142 143 144 145 146 147 148 149 150 151 152 154 155 156 421 424 209 212 353 354 355 356 357 358 359 360 361 362 363 364 366 367 368 
6 128 153 155 156 421 424 329 330 331 332 333 334 335 336 209 337 338 212 339 340 365 367 368 117 118 119 120 121 122 123 124 125 126 127 
6 129 130 131 132 133 134 135 136 137 138 139 140 153 154 156 421 424 209 212 341 342 343 344 345 346 347 348 349 350 351 352 365 366 368 
6 141 142 143 144 145 146 147 148 149 150 151 152 153 154 155 421 424 209 212 353 354 355 356 357 358 359 360 361 362 363 364 365 366 367 
4 157 158 159 160 161 162 163 164 165 166 167 168 169 170 171 172 173 174 175 176 177 178 179 180 181 182 183 184 185 186 187 188 189 190 191 192 193 194 195 196 197 198 199 200 201 202 203 204 205 206 207 208 210 211 212 369 370 371 372 373 374 375 376 377 378 379 380 381 382 383 384 385 386 387 388 389 390 391 392 393 394 395 396 397 398 399 400 401 402 403 404 405 406 407 408 409 410 411 412 413 414 415 416 417 418 419 420 422 423 424 
2 53 54 55 56 57 58 59 60 61 62 63 64 65 66 67 68 69 70 71 72 73 74 75 76 77 78 79 80 81 82 83 84 85 86 87 88 89 90 91 92 93 94 95 96 97 98 99 100 101 102 103 104 209 211 212 265 266 267 268 269 270 271 272 273 274 275 276 277 278 279 280 281 282 283 284 285 286 287 288 289 290 291 292 293 294 295 296 297 298 299 300 301 302 303 304 305 306 307 308 309 310 311 312 313 314 315 316 421 423 424 
6 105 106 107 108 109 110 111 112 113 114 115 116 117 118 119 120 121 122 123 124 125 126 127 128 129 130 131 132 133 134 135 136 137 138 139 140 141 142 143 144 145 146 147 148 149 150 151 152 153 154 155 156 209 210 212 317 318 319 320 321 322 323 324 325 326 327 328 329 330 331 332 333 334 335 336 337 338 339 340 341 342 343 344 345 346 347 348 349 350 351 352 353 354 355 356 357 358 359 360 361 362 363 364 365 366 367 368 421 422 424 
3 157 158 159 160 161 162 163 164 165 166 167 168 169 170 171 172 173 174 175 176 177 178 179 180 181 182 183 184 185 186 187 188 189 190 191 192 193 194 195 196 197 198 199 200 201 202 203 204 205 206 207 208 209 210 211 369 370 371 372 373 374 375 376 377 378 379 380 381 382 383 384 385 386 387 388 389 390 391 392 393 394 395 396 397 398 399 400 401 402 403 404 405 406 407 408 409 410 411 412 413 414 415 416 417 418 419 420 421 422 423 
0 480 2 66 4 68 426 490 428 492 14 16 850 54 438 56 440 478 
1 1 65 3 67 425 489 427 491 13 15 850 53 437 55 439 477 479 
0 2 6 10 14 18 22 426 430 434 54 438 58 442 62 446 66 70 74 850 478 482 486 490 494 498 
5 1 5 10 13 17 22 425 429 434 53 437 57 441 62 446 65 69 74 850 477 481 486 489 493 498 
5 4 8 11 16 20 23 428 432 435 56 440 60 444 447 63 68 72 75 850 480 484 487 492 496 499 
1 3 7 11 15 19 23 427 431 435 55 439 59 443 447 63 67 71 75 850 479 483 487 491 495 499 
5 6 9 12 18 21 24 430 433 436 58 442 61 445 64 448 70 73 76 850 482 485 488 494 497 500 
1 5 9 12 17 21 24 429 433 436 57 441 61 445 64 448 69 73 76 850 481 485 488 493 497 500 
5 7 8 10 11 12 19 20 22 23 24 431 432 434 435 436 59 60 443 62 63 64 444 446 447 448 71 72 74 75 76 850 483 484 486 487 488 495 496 498 499 500 
5 3 4 9 11 12 15 16 21 23 24 427 428 433 435 436 55 56 439 440 61 445 63 64 447 448 67 68 73 75 76 850 479 480 485 487 488 491 492 497 499 500 
5 5 6 9 10 12 17 18 21 22 24 429 430 433 434 436 57 58 441 442 61 62 445 64 446 448 69 70 73 74 76 850 481 482 485 486 488 493 494 497 498 500 
5 7 8 9 10 11 19 20 21 22 23 431 432 433 434 435 59 60 61 62 63 443 444 445 446 447 71 72 73 74 75 850 483 484 485 486 487 495 496 497 498 499 
5 480 2 450 4 452 102 426 428 78 526 80 50 850 54 502 56 504 26 474 28 478 
1 1 449 3 451 102 425 427 77 526 79 50 850 53 501 55 503 25 474 27 477 479 
5 2 6 10 526 26 30 34 426 430 50 434 54 58 62 450 454 458 78 82 850 86 474 478 482 102 486 502 506 510 
5 1 5 10 526 25 29 34 425 429 50 434 53 57 62 449 453 458 77 81 850 86 474 477 481 102 486 501 505 510 
5 4 8 11 526 28 32 35 428 432 50 435 56 60 63 452 456 459 80 850 84 87 474 480 484 102 487 504 508 511 
1 3 7 11 526 27 31 35 427 431 50 435 55 59 63 451 455 459 79 850 83 87 474 479 483 102 487 503 507 511 
5 512 6 9 12 526 30 33 36 430 433 50 436 58 61 64 454 457 460 82 850 85 88 474 482 485 102 488 506 509 
1 512 5 9 12 526 29 33 36 429 433 50 436 57 61 64 453 457 460 81 850 85 88 474 481 485 102 488 505 509 
5 512 7 8 10 11 12 526 31 32 34 35 36 431 432 50 434 435 436 59 60 62 63 64 455 456 458 459 460 850 83 84 86 87 88 474 483 484 102 486 487 488 507 508 510 511 
5 512 3 4 9 11 12 526 27 28 33 35 36 427 428 433 50 435 436 55 56 61 63 64 451 452 457 459 460 79 80 850 85 87 88 474 479 480 485 102 487 488 503 504 509 511 
5 512 5 6 9 10 12 526 29 30 33 34 36 429 430 433 50 434 436 57 58 61 62 64 453 454 457 458 460 81 82 850 85 86 88 474 481 482 485 102 486 488 505 506 509 510 
5 7 8 9 10 11 526 31 32 33 34 35 431 432 433 50 434 435 59 60 61 62 63 455 456 457 458 459 850 83 84 85 86 87 474 483 484 485 102 486 487 507 508 509 510 511 
0 66 514 68 516 38 103 40 490 492 14 462 16 464 527 51 850 438 440 90 475 92 
1 65 513 67 515 37 39 103 489 491 13 461 15 463 527 850 51 437 439 89 91 475 
0 514 518 522 14 527 18 22 38 42 46 51 438 442 446 66 70 74 462 466 850 470 90 475 94 98 103 490 494 498 
5 513 517 522 13 527 17 22 37 41 46 51 437 441 446 65 69 74 461 465 850 470 89 475 93 98 103 489 493 498 
0 516 520 523 527 16 20 23 40 44 47 51 440 444 447 68 72 75 464 850 468 471 475 92 96 99 103 492 496 499 
1 515 519 523 15 527 19 23 39 43 47 51 439 443 447 67 71 75 463 850 467 471 91 475 95 99 103 491 495 499 
0 518 521 524 527 18 21 24 42 45 48 51 442 445 448 70 73 76 466 850 469 472 475 94 97 100 103 494 497 500 
1 517 521 524 527 17 21 24 41 45 48 51 441 445 448 69 73 76 465 850 469 472 475 93 97 100 103 493 497 500 
5 519 520 522 523 524 527 19 20 22 23 24 43 44 46 47 48 51 443 444 446 447 448 71 72 74 75 76 850 467 468 470 471 472 475 95 96 98 99 100 103 495 496 498 499 500 
5 515 516 521 523 524 15 16 527 21 23 24 39 40 45 47 48 51 439 440 445 447 448 67 68 73 75 76 463 464 850 469 471 472 91 92 475 97 99 100 103 491 492 497 499 500 
5 517 518 521 522 524 527 17 18 21 22 24 41 42 45 46 48 51 441 442 445 446 448 69 70 73 74 76 465 466 850 469 470 472 475 93 94 97 98 100 103 493 494 497 498 500 
5 519 520 521 522 523 527 19 20 21 22 23 43 44 45 46 47 51 443 444 445 446 447 71 72 73 74 75 850 467 468 469 470 471 475 95 96 97 98 99 103 495 496 497 498 499 
0 450 452 101 104 525 78 80 49 528 850 52 502 504 473 26 28 476 
1 449 451 101 104 77 525 79 528 49 850 52 501 503 25 473 27 476 
0 34 450 101 454 104 458 525 78 528 49 82 850 52 86 502 473 26 506 476 30 510 
1 449 34 101 453 104 458 77 525 528 49 81 850 52 501 86 25 473 505 476 29 510 
0 32 35 452 101 104 456 459 525 80 49 528 850 52 84 87 504 473 28 476 508 511 
1 511 35 451 101 455 104 459 525 79 528 49 850 83 52 87 503 473 27 476 507 31 
0 512 33 36 101 454 104 457 460 525 528 49 82 850 52 85 88 473 506 476 509 30 
1 512 33 36 101 453 104 457 460 525 528 49 81 850 52 85 88 473 505 476 29 509 
5 512 525 528 31 32 34 35 36 49 52 455 456 458 459 460 850 83 84 86 87 88 473 476 101 104 507 508 510 511 
5 512 525 528 27 28 33 35 36 49 52 451 452 457 459 460 79 80 850 85 87 88 473 476 101 104 503 504 509 511 
5 512 525 528 29 30 33 34 36 49 52 453 454 457 458 460 81 82 850 85 86 88 473 476 101 104 505 506 509 510 
5 525 528 31 32 33 34 35 49 52 455 456 457 458 459 850 83 84 85 86 87 473 476 101 104 507 508 509 510 511 
5 513 514 515 516 517 518 519 520 521 522 523 524 526 527 528 474 37 38 39 40 41 42 43 44 45 46 47 48 475 50 51 52 850 461 462 463 464 465 466 467 468 469 470 471 472 89 90 91 92 93 94 95 96 97 98 99 100 476 102 103 104 
5 13 14 15 16 17 18 19 20 21 22 23 24 528 49 51 52 437 438 439 440 441 442 443 444 445 446 447 448 65 66 67 68 69 70 71 72 73 74 75 76 525 850 473 475 476 527 101 103 104 489 490 491 492 493 494 495 496 497 498 499 500 
5 512 525 526 528 25 26 27 28 29 30 31 32 33 34 35 36 49 50 52 449 450 451 452 453 454 455 456 457 458 459 460 77 78 79 80 81 82 83 84 85 86 87 88 473 474 850 476 101 102 104 501 502 503 504 505 506 507 508 509 510 511 
5 513 514 515 516 517 518 519 520 521 522 523 524 525 526 527 474 37 38 39 40 41 42 43 44 45 46 47 48 49 50 51 475 850 473 461 462 463 464 465 466 467 468 469 470 471 472 89 90 91 92 93 94 95 96 97 98 99 100 101 102 103 
0 544 2 4 106 426 108 428 14 16 210 530 532 850 118 438 120 440 634 542 
1 1 3 105 425 107 427 13 15 529 210 531 850 117 437 119 439 634 541 543 
0 2 6 10 14 18 530 22 534 538 542 546 550 426 430 434 438 442 446 210 850 106 110 114 118 122 634 126 
5 1 5 10 13 17 529 533 22 538 541 545 550 425 429 434 437 441 446 210 850 105 109 114 117 121 634 126 
5 4 8 11 16 20 532 23 536 539 544 548 551 428 432 435 440 444 447 210 850 108 112 115 120 634 124 127 
1 3 7 11 15 19 531 23 535 539 543 547 551 427 431 435 439 443 447 210 850 107 111 115 119 634 123 127 
0 128 6 9 12 18 21 534 24 537 540 546 549 552 430 433 436 442 445 448 210 850 110 113 116 122 634 125 
1 128 5 9 12 17 21 533 24 537 540 545 549 552 429 433 436 441 445 448 210 850 109 113 116 121 634 125 
5 128 7 8 10 11 12 19 20 22 23 24 535 536 538 539 540 547 548 550 551 552 431 432 434 435 436 443 444 446 447 448 210 850 111 112 114 115 116 634 123 124 126 127 
5 128 3 4 9 11 12 15 16 531 532 21 23 24 537 539 540 543 544 549 551 552 427 428 433 435 436 439 440 445 447 448 210 850 107 108 113 115 116 119 120 634 125 127 
5 128 5 6 9 10 12 17 18 21 22 533 24 534 537 538 540 545 546 549 550 552 429 430 433 434 436 441 442 445 446 448 210 850 109 110 113 114 116 121 122 634 125 126 
5 7 8 9 10 11 19 20 21 22 23 535 536 537 538 539 547 548 549 550 551 431 432 433 434 435 443 444 445 446 447 210 850 111 112 113 114 115 634 123 124 125 126 127 
5 2 130 4 132 530 532 26 154 28 426 554 428 556 50 450 578 452 210 850 474 106 108 634 
1 1 129 3 131 529 531 25 154 27 425 553 427 555 50 449 578 451 210 850 474 105 107 634 
4 2 130 6 134 10 138 530 534 26 154 538 30 34 426 554 430 558 50 434 562 450 578 454 458 210 850 474 106 110 114 634 
5 1 129 5 133 10 138 529 533 25 154 538 29 34 425 553 429 557 50 434 562 449 578 453 458 210 850 474 105 109 114 634 
5 4 132 8 136 11 139 532 536 154 539 28 32 35 428 556 432 560 50 435 563 578 452 456 459 210 850 474 108 112 115 634 
1 3 131 7 135 11 139 531 535 154 27 539 31 35 427 555 431 559 50 435 563 578 451 455 459 210 850 474 107 111 115 634 
5 6 134 9 137 12 140 534 537 154 540 30 33 36 430 558 433 50 561 436 564 578 454 457 460 210 850 474 110 113 116 634 
1 5 133 9 137 12 140 533 537 154 540 29 33 36 429 557 433 50 561 436 564 578 453 457 460 210 850 474 109 113 116 634 
5 7 8 135 10 11 140 12 136 138 139 535 536 154 538 539 540 31 32 34 35 36 431 432 559 50 434 435 436 560 562 563 564 578 455 456 458 459 460 210 850 474 111 112 114 115 116 634 
5 3 4 131 132 9 137 11 12 139 140 531 532 537 154 27 28 539 540 33 35 36 427 428 555 556 433 50 435 436 561 563 564 578 451 452 457 459 460 210 850 474 107 108 113 115 116 634 
5 5 6 133 134 9 10 137 12 138 140 533 534 537 154 538 540 29 30 33 34 36 429 430 557 558 433 50 434 436 561 562 564 578 453 454 457 458 460 210 850 474 109 110 113 114 116 634 
5 7 8 9 10 11 135 136 137 138 139 535 536 537 154 538 539 31 32 33 34 35 431 432 433 50 434 435 559 560 561 562 563 578 455 456 457 458 459 210 850 474 111 112 113 114 115 634 
0 14 142 16 144 155 542 544 38 40 51 438 566 440 568 579 462 464 210 850 475 118 120 634 
1 13 141 15 143 155 541 543 37 39 51 437 565 439 567 579 461 463 210 850 475 117 119 634 
0 14 142 18 146 22 150 155 542 546 38 550 42 46 51 438 566 442 570 446 574 579 462 466 210 850 470 475 118 122 634 126 
1 13 141 17 145 22 150 155 541 545 37 550 41 46 51 437 565 441 569 446 574 579 461 465 210 850 470 475 117 121 634 126 
0 16 144 20 148 23 151 155 544 548 551 40 44 47 51 440 568 444 572 447 575 579 464 210 850 468 471 475 120 634 124 127 
1 15 143 19 147 23 151 155 543 547 39 551 43 47 51 439 567 443 571 447 575 579 463 210 467 850 471 475 119 634 123 127 
0 128 18 146 21 149 24 152 155 546 549 552 42 45 48 51 442 570 445 573 448 576 579 466 210 850 469 472 475 122 634 125 
1 128 17 145 21 149 24 152 155 545 549 552 41 45 48 51 441 569 445 573 448 576 579 465 210 850 469 472 475 121 634 125 
5 128 19 20 147 22 151 152 23 24 155 148 150 547 548 550 551 552 43 44 46 47 48 51 443 444 571 446 447 448 572 574 575 576 579 210 467 468 850 470 471 472 475 634 123 124 126 127 
5 128 15 16 143 144 21 149 23 24 151 152 155 543 544 549 39 40 551 552 45 47 48 51 439 440 567 568 445 573 447 448 575 576 579 463 464 210 850 469 471 472 475 119 120 634 125 127 
5 128 17 18 145 146 21 22 149 24 150 152 155 545 546 549 550 552 41 42 45 46 48 51 441 442 569 570 445 446 573 448 574 576 579 465 210 466 850 469 470 472 475 121 122 634 125 126 
5 19 20 149 150 151 21 22 23 155 147 148 547 548 549 550 551 43 44 45 46 47 51 443 444 445 446 447 571 572 573 574 575 579 210 467 468 469 470 471 850 475 634 123 124 125 126 127 
0 577 130 450 132 452 580 554 556 49 210 850 52 153 26 473 28 156 476 634 
1 129 449 131 451 577 580 553 555 49 210 850 52 25 153 27 156 473 476 634 
0 130 134 138 153 26 156 30 34 554 558 49 562 52 577 450 580 454 458 210 850 473 476 634 
1 129 133 138 25 153 156 29 34 553 557 49 562 52 449 577 580 453 458 210 850 473 476 634 
0 132 136 139 153 28 156 32 35 556 560 49 563 52 577 452 580 456 459 210 850 473 476 634 
1 131 135 139 153 27 156 31 35 555 559 49 563 52 577 451 580 455 459 210 850 473 476 634 
0 134 137 140 153 156 30 33 36 558 49 561 52 564 577 580 454 457 460 210 850 473 476 634 
1 133 137 140 153 156 29 33 36 557 49 561 52 564 577 580 453 457 460 210 850 473 476 634 
5 135 136 138 139 140 153 156 31 32 34 35 36 559 560 49 562 563 52 564 577 580 455 456 458 459 460 210 850 473 476 634 
5 131 132 137 139 140 153 27 28 156 33 35 36 555 556 49 561 563 52 564 577 451 452 580 457 459 460 210 850 473 476 634 
5 133 134 137 138 140 153 156 29 30 33 34 36 557 558 49 561 562 52 564 577 580 453 454 457 458 460 210 850 473 476 634 
5 135 136 137 138 139 153 156 31 32 33 34 35 559 560 49 561 562 52 563 577 580 455 456 457 458 459 210 850 473 476 634 
5 850 141 142 143 144 145 146 147 148 149 150 151 152 154 155 156 37 38 39 40 41 42 43 44 45 46 47 48 50 51 52 565 566 567 568 569 570 571 572 573 574 575 576 578 579 580 461 462 463 464 465 210 466 467 468 469 470 471 472 474 475 476 634 
5 128 634 13 14 15 16 17 18 19 20 21 22 23 24 153 155 156 541 542 543 544 545 546 547 548 549 550 551 552 49 51 52 437 438 439 440 441 442 443 444 445 446 447 448 577 579 580 210 850 473 475 476 117 118 119 120 121 122 123 124 125 126 127 
5 129 130 131 132 133 134 135 136 137 138 139 140 153 154 25 26 27 28 29 30 31 32 33 34 35 36 156 553 554 555 556 557 558 559 560 49 50 561 52 562 563 564 449 450 451 452 453 454 455 456 457 458 459 460 580 210 850 577 473 474 476 578 634 
5 850 141 142 143 144 145 146 147 148 149 150 151 152 153 154 155 37 38 39 40 41 42 43 44 45 46 47 48 49 50 51 565 566 567 568 569 570 571 572 573 574 575 576 577 578 579 461 462 463 464 465 210 466 467 468 469 470 471 472 473 474 475 634 
0 160 480 66 68 582 584 170 490 172 492 594 211 596 850 54 56 635 158 478 
1 479 65 67 581 583 169 489 171 491 593 850 211 595 53 55 635 157 477 159 
0 158 162 166 170 174 178 54 58 62 66 70 582 74 586 590 594 211 850 598 602 478 482 486 490 494 498 635 
4 157 161 166 169 173 178 53 57 62 65 69 581 585 74 590 593 850 211 597 602 477 481 486 489 493 498 635 
0 160 164 167 172 176 179 56 60 63 68 72 584 75 588 591 850 211 596 600 603 480 484 487 492 496 499 635 
1 159 163 167 171 175 179 55 59 63 67 71 583 75 587 591 850 211 595 599 603 479 483 487 491 495 499 635 
0 162 165 168 174 177 180 58 61 64 70 73 586 76 589 592 850 211 598 601 604 482 485 488 494 497 500 635 
1 161 165 168 173 177 180 57 61 64 69 73 585 76 589 592 850 211 597 601 604 481 485 488 493 497 500 635 
5 163 164 166 167 168 175 176 178 179 180 59 60 62 63 64 71 72 74 75 76 587 588 590 591 592 850 211 599 600 602 603 604 483 484 486 487 488 495 496 498 499 500 635 
5 159 160 165 167 168 171 172 177 179 180 55 56 61 63 64 67 68 583 584 73 75 76 589 591 592 850 211 595 596 601 603 604 479 480 485 487 488 491 492 497 499 500 635 
5 161 162 165 166 168 173 174 177 178 180 57 58 61 62 64 69 70 73 74 585 76 586 589 590 592 850 211 597 598 601 602 604 481 482 485 486 488 493 494 497 498 500 635 
4 163 164 165 166 167 175 176 177 178 179 59 60 61 62 63 71 72 73 74 75 587 588 589 590 591 850 211 599 600 601 602 603 483 484 485 486 487 495 496 497 498 499 635 
0 526 158 160 54 182 56 184 582 584 78 206 80 850 211 606 478 480 608 102 502 630 504 635 
1 526 157 159 53 181 55 183 581 583 77 206 79 850 211 605 477 479 607 102 501 630 503 635 
0 526 158 162 166 54 182 58 186 190 62 582 586 78 206 590 82 211 850 86 478 606 482 610 102 486 614 502 630 506 635 510 
1 526 157 161 166 53 181 57 185 62 190 581 585 77 206 590 81 850 211 86 477 605 481 609 102 486 614 501 630 505 635 510 
0 526 160 164 167 56 184 60 188 191 63 584 588 206 591 80 850 211 84 87 480 608 484 612 102 487 615 630 504 635 508 511 
1 526 159 163 167 55 183 59 187 191 63 583 587 206 79 591 850 83 211 87 479 607 483 611 102 487 615 630 503 507 635 511 
0 512 526 162 165 168 58 186 61 189 64 192 586 589 206 592 82 211 850 85 88 482 610 485 102 613 488 616 630 506 635 509 
1 512 526 161 165 168 57 185 61 189 64 192 585 589 206 592 81 850 211 85 88 481 609 485 102 613 488 616 630 505 635 509 
2 512 526 163 164 166 167 168 59 188 60 190 191 64 192 187 62 63 587 588 206 590 591 592 850 83 84 211 86 87 88 483 484 611 102 486 487 488 612 614 615 616 630 507 508 635 510 511 
5 512 526 159 160 165 167 168 55 56 183 184 61 189 191 64 192 63 583 584 589 206 79 80 591 592 211 850 85 87 88 479 480 607 608 485 102 487 488 613 615 616 630 503 504 635 509 511 
5 512 526 161 162 165 166 168 57 58 185 186 61 190 62 64 192 189 585 586 589 206 590 592 81 82 211 850 85 86 88 481 482 609 610 485 102 486 488 613 614 616 630 505 506 635 509 510 
4 635 526 163 164 165 166 167 187 188 189 190 191 59 60 61 62 63 587 588 589 206 590 591 850 83 84 85 86 87 211 483 484 485 102 486 487 611 612 613 614 615 630 507 508 509 510 511 
0 514 516 527 170 172 66 194 68 196 207 594 211 596 850 90 92 103 490 618 492 620 631 635 
1 513 515 527 169 171 65 193 67 195 207 593 850 211 595 89 91 103 489 617 491 619 631 635 
0 514 518 522 527 170 174 178 66 194 70 198 74 202 207 594 211 850 598 90 602 94 98 103 490 618 494 622 498 626 631 635 
5 513 517 522 527 169 173 178 65 193 69 197 74 202 207 593 850 211 597 89 602 93 98 103 489 617 493 621 498 626 631 635 
0 516 520 523 527 172 176 179 68 196 72 200 75 203 207 850 211 596 600 603 92 96 99 103 492 620 496 624 499 627 631 635 
1 515 519 523 527 171 175 179 67 195 71 199 75 203 207 850 211 595 599 91 603 95 99 103 491 619 495 623 499 627 631 635 
0 518 521 524 527 174 177 180 70 198 73 201 76 204 207 850 211 598 601 604 94 97 100 103 494 622 497 625 500 628 631 635 
1 517 521 524 527 173 177 180 69 197 73 201 76 204 207 850 211 597 601 604 93 97 100 103 493 621 497 625 500 628 631 635 
5 519 520 522 523 524 527 175 176 178 179 180 71 72 199 74 75 76 200 202 204 207 203 850 211 599 600 602 603 604 95 96 98 99 100 103 495 496 623 498 499 500 624 626 627 628 631 635 
5 515 516 521 523 524 527 171 172 177 179 180 67 68 195 196 73 201 75 76 203 204 207 850 211 595 596 601 91 92 603 604 97 99 100 103 491 492 619 620 497 625 499 500 627 628 631 635 
5 517 518 521 522 524 527 173 174 177 178 180 69 70 197 198 73 74 201 76 202 204 207 850 211 597 598 601 602 604 93 94 97 98 100 103 493 494 621 622 497 498 625 500 626 628 631 635 
4 519 520 521 522 523 527 175 176 177 178 179 71 72 73 74 75 199 200 201 207 202 203 850 211 599 600 601 602 603 95 96 97 98 99 103 495 496 497 498 499 623 624 625 626 627 631 635 
0 608 101 104 205 78 525 80 208 528 211 850 629 182 502 184 504 632 635 606 
1 101 104 77 205 79 208 525 528 211 850 181 501 183 503 629 632 635 605 607 
0 525 528 182 186 190 205 78 208 82 211 850 86 606 610 101 614 104 629 502 632 506 635 510 
1 525 528 181 185 190 77 205 208 81 850 211 86 605 609 101 614 104 501 629 632 505 635 510 
0 525 528 184 188 191 205 80 208 850 211 84 87 608 612 101 615 104 629 504 632 635 508 511 
1 525 528 183 187 191 205 79 208 850 83 211 87 607 611 101 615 104 629 503 632 507 635 511 
0 512 525 528 186 189 192 205 208 82 211 850 85 88 610 101 613 104 616 629 632 506 635 509 
1 512 525 528 185 189 192 205 208 81 850 211 85 88 609 101 613 104 616 629 632 505 635 509 
2 512 525 528 187 188 190 191 192 205 208 850 83 84 211 86 87 88 611 612 101 614 615 104 616 629 632 507 508 635 510 511 
5 512 525 528 183 184 189 191 192 205 79 80 208 850 211 85 87 88 607 608 101 613 615 104 616 629 503 504 632 635 509 511 
5 512 525 528 185 186 189 190 192 205 208 81 82 211 850 85 86 88 609 610 101 613 614 104 616 629 632 505 506 635 509 510 
4 635 525 528 187 188 189 190 191 205 208 850 83 84 85 86 87 211 611 612 101 613 614 104 615 629 632 507 508 509 510 511 
5 513 514 515 516 517 518 519 520 521 522 523 524 526 527 528 193 194 195 196 197 198 199 200 201 202 203 204 206 207 208 850 211 89 90 91 92 93 94 95 96 97 98 99 100 102 103 104 617 618 619 620 621 622 623 624 625 626 627 628 630 631 632 635 
5 525 527 528 169 170 171 172 173 174 175 176 177 178 179 180 850 65 66 67 68 69 70 71 72 73 74 75 76 205 207 208 593 594 211 595 596 597 598 599 600 601 602 603 604 101 103 104 489 490 491 492 493 494 495 496 497 498 499 500 629 631 632 635 
5 512 632 635 205 850 206 525 526 528 181 182 183 184 185 186 187 188 189 190 191 192 77 78 79 80 81 82 83 84 85 86 87 88 208 211 629 605 606 607 608 609 610 611 612 101 102 613 104 614 615 616 630 501 502 503 504 505 506 507 508 509 510 511 
5 513 514 515 516 517 518 519 520 521 522 523 524 525 526 527 193 194 195 196 197 198 199 200 201 202 203 204 205 206 207 850 211 89 90 91 92 93 94 95 96 97 98 99 100 101 102 103 617 618 619 620 621 622 623 624 625 626 627 628 629 630 631 635 
0 544 106 108 209 530 850 212 532 118 120 633 636 542 
1 105 107 209 529 531 212 117 850 119 633 636 541 543 
0 546 550 106 110 209 114 530 212 850 118 534 633 122 538 636 126 542 
1 545 550 105 109 209 114 529 212 117 533 850 121 538 633 636 541 126 
0 544 548 551 108 112 209 850 115 212 532 120 536 633 539 124 636 127 
1 543 547 551 107 111 209 850 115 212 531 119 535 633 123 539 636 127 
0 128 546 549 552 110 113 209 850 116 212 534 537 122 633 540 125 636 
1 128 545 549 552 109 113 209 850 116 212 533 121 537 633 540 125 636 
2 128 535 536 538 539 540 547 548 550 551 552 209 850 212 111 112 114 115 116 633 123 124 636 126 127 
5 128 531 532 537 539 540 543 544 549 551 552 209 850 212 107 108 113 115 116 119 120 633 636 125 127 
5 128 533 534 537 538 540 545 546 549 550 552 209 850 212 109 110 113 114 116 121 122 633 636 125 126 
5 636 535 536 537 538 539 547 548 549 550 551 209 850 212 111 112 113 114 115 633 123 124 125 126 127 
0 130 578 132 106 554 108 556 209 530 850 212 532 633 154 636 
1 129 578 131 105 553 107 555 209 529 531 212 850 633 154 636 
0 130 578 134 106 138 554 110 558 209 114 530 212 562 534 850 633 154 538 636 
1 129 578 133 105 138 553 109 557 209 114 529 212 533 562 850 633 154 538 636 
0 578 132 136 139 108 556 112 209 560 115 212 532 563 850 536 633 154 539 636 
1 578 131 135 107 139 555 111 559 209 850 115 212 531 563 535 633 154 539 636 
0 578 134 137 140 110 558 113 209 561 116 212 534 564 850 537 154 633 540 636 
1 578 133 137 140 109 557 113 209 561 116 212 533 564 850 537 154 633 540 636 
2 135 136 138 139 140 535 536 154 538 539 540 559 560 562 563 564 578 209 850 212 111 112 114 115 116 633 636 
5 131 132 137 139 140 531 532 537 154 539 540 555 556 561 563 564 578 209 850 212 107 108 113 115 116 633 636 
5 133 134 137 138 140 533 534 537 154 538 540 557 558 561 562 564 578 209 850 212 109 110 113 114 116 633 636 
5 135 136 137 138 139 535 536 537 154 538 539 559 560 561 562 563 578 209 850 212 111 112 113 114 115 633 636 
0 544 579 142 144 209 850 212 118 566 120 568 633 155 636 542 
1 579 141 143 209 850 212 117 565 119 567 633 155 636 541 543 
0 574 546 579 550 142 209 146 850 212 150 118 566 633 122 155 570 636 126 542 
1 636 545 579 550 141 145 209 850 212 117 150 565 121 569 155 633 541 126 574 
0 544 575 579 548 551 144 209 850 148 212 151 120 568 633 155 124 572 636 127 
1 543 575 547 579 551 143 209 850 147 212 151 119 567 633 123 155 571 636 127 
0 128 576 546 579 549 552 209 146 850 212 149 152 633 122 155 570 125 573 636 
1 128 545 576 579 549 552 145 209 850 212 149 152 121 569 155 633 125 573 636 
2 128 147 148 150 151 152 155 547 548 550 551 552 571 572 574 575 576 579 209 850 212 633 123 124 636 126 127 
5 128 143 144 149 151 152 155 543 544 549 551 552 567 568 573 575 576 579 209 850 212 119 120 633 636 125 127 
5 128 145 146 149 150 152 155 545 546 549 550 552 569 570 573 574 576 579 209 850 212 121 122 633 636 125 126 
5 636 147 148 149 150 151 155 547 548 549 550 551 571 572 573 574 575 579 209 850 212 633 123 124 125 126 127 
0 577 130 132 580 554 556 209 850 212 153 633 156 636 
1 129 577 131 580 553 555 209 850 212 153 633 156 636 
0 577 130 580 134 138 554 558 209 562 850 212 153 633 156 636 
1 129 577 580 133 553 138 557 209 562 850 212 153 633 156 636 
0 577 132 580 136 139 556 560 209 850 563 212 153 633 156 636 
1 577 131 580 135 139 555 559 209 850 563 212 153 633 156 636 
0 577 580 134 137 140 558 209 561 850 212 564 153 633 156 636 
1 577 580 133 137 140 557 209 561 850 212 564 153 633 156 636 
2 577 580 135 136 138 139 140 559 560 209 562 563 212 564 850 153 633 156 636 
5 577 131 132 580 137 139 140 555 556 209 561 563 212 564 850 153 633 156 636 
5 577 580 133 134 137 138 140 557 558 209 561 562 212 564 850 153 633 156 636 
5 577 580 135 136 137 138 139 559 560 209 561 562 212 563 850 153 633 156 636 
5 141 142 143 144 145 146 147 148 149 150 151 152 154 155 156 565 566 567 568 569 570 571 572 573 574 575 576 578 579 580 209 850 212 633 636 
5 128 633 636 153 155 156 541 542 543 544 545 546 547 548 549 550 551 552 577 579 580 209 850 212 117 118 119 120 121 122 123 124 125 126 127 
5 129 130 131 132 133 134 135 136 137 138 139 140 153 154 156 553 554 555 556 557 558 559 560 561 562 563 564 577 578 580 209 850 212 633 636 
5 141 142 143 144 145 146 147 148 149 150 151 152 153 154 155 565 566 567 568 569 570 571 572 573 574 575 576 577 578 579 209 850 212 633 636 
5 581 582 583 584 585 586 587 588 589 590 591 592 593 594 595 596 597 598 599 600 601 602 603 604 605 606 607 608 609 610 611 612 613 614 615 616 617 618 619 620 621 622 623 624 625 626 627 628 629 630 631 632 634 635 636 157 158 159 160 161 162 163 164 165 166 167 168 169 170 171 172 173 174 175 176 177 178 179 180 181 182 183 184 185 186 187 188 189 190 191 192 193 194 195 196 197 198 199 200 201 202 203 204 205 206 207 208 210 211 212 850 
5 512 513 514 515 516 517 518 519 520 521 522 523 524 525 526 527 528 53 54 55 56 57 58 59 60 61 62 63 64 65 66 67 68 69 70 71 72 73 74 75 76 77 78 79 80 81 82 83 84 85 86 87 88 89 90 91 92 93 94 95 96 97 98 99 100 101 102 103 104 633 635 636 209 211 212 850 477 478 479 480 481 482 483 484 485 486 487 488 489 490 491 492 493 494 495 496 497 498 499 500 501 502 503 504 505 506 507 508 509 510 511 
5 529 530 531 532 533 534 535 536 537 538 539 540 541 542 543 544 545 546 547 548 549 550 551 552 553 554 555 556 557 558 559 560 561 562 563 564 565 566 567 568 569 570 571 572 573 574 575 576 577 578 579 580 634 105 106 107 108 109 110 111 112 113 114 115 116 117 118 119 120 121 122 123 124 125 126 127 128 129 130 131 132 133 134 135 136 137 138 139 140 141 142 143 144 145 146 147 148 149 150 151 152 153 154 155 156 636 209 210 212 633 850 
5 581 582 583 584 585 586 587 588 589 590 591 592 593 594 595 596 597 598 599 600 601 602 603 604 605 606 607 608 609 610 611 612 613 614 615 616 617 618 619 620 621 622 623 624 625 626 627 628 629 630 631 632 633 634 635 157 158 159 160 161 162 163 164 165 166 167 168 169 170 171 172 173 174 175 176 177 178 179 180 181 182 183 184 185 186 187 188 189 190 191 192 193 194 195 196 197 198 199 200 201 202 203 204 205 206 207 208 209 210 211 850 
0 640 704 226 228 266 650 268 652 690 851 692 214 278 216 280 638 702 
1 703 225 227 265 649 267 651 689 691 851 213 277 215 279 637 701 639 
0 642 646 266 650 270 654 274 658 278 282 286 690 694 698 702 706 710 851 214 218 222 226 230 234 638 
1 641 646 265 649 269 653 274 658 277 281 286 689 693 698 701 705 710 851 213 217 222 225 229 234 637 
0 640 644 647 268 652 272 656 275 659 280 284 287 692 696 699 704 708 711 851 216 220 223 228 232 235 
1 643 647 267 651 271 655 275 659 279 283 287 691 695 699 703 707 711 851 215 219 223 227 231 235 639 
0 642 645 648 270 654 273 657 276 660 282 285 288 694 697 700 706 709 712 851 218 221 224 230 233 236 
1 641 645 648 269 653 273 657 276 660 281 285 288 693 697 700 705 709 712 851 217 221 224 229 233 236 
2 643 644 646 647 648 271 272 655 274 275 276 656 658 659 660 283 284 286 287 288 695 696 698 699 700 707 708 710 711 712 851 219 220 222 223 224 231 232 234 235 236 
3 640 645 647 648 267 268 651 652 273 657 275 276 659 660 279 280 285 287 288 691 692 697 699 700 703 704 709 711 712 851 215 216 221 223 224 227 228 233 235 236 639 
6 641 642 645 646 648 269 270 653 654 273 274 657 276 658 660 281 282 285 286 288 693 694 697 698 700 705 706 709 710 712 851 217 218 221 222 224 229 230 233 234 236 
4 643 644 645 646 647 271 272 273 274 275 655 656 657 658 659 283 284 285 286 287 695 696 697 698 699 707 708 709 710 711 851 219 220 221 222 223 231 232 233 234 235 
0 640 290 738 292 262 266 714 268 716 238 686 240 690 851 692 214 662 216 664 314 638 
1 289 738 291 262 265 713 267 715 237 686 239 689 691 851 213 661 215 663 314 637 639 
0 642 262 646 266 270 274 662 666 670 290 294 298 686 690 694 314 698 714 718 722 851 214 218 222 738 238 242 246 638 
1 641 262 646 265 269 274 661 665 670 289 293 298 686 689 693 314 698 713 717 722 851 213 217 222 738 237 241 246 637 
0 640 644 262 647 268 272 275 664 668 671 292 296 299 686 692 696 314 699 716 720 723 851 216 220 223 738 240 244 247 
1 643 262 647 267 271 275 663 667 671 291 295 299 686 691 695 314 699 715 719 723 851 215 219 223 738 239 243 247 639 
0 642 645 262 648 270 273 276 666 669 672 294 297 300 686 694 697 314 700 718 721 851 724 218 221 224 738 242 245 248 
1 641 645 262 648 269 273 276 665 669 672 293 297 300 686 693 697 314 700 717 721 851 724 217 221 224 738 241 245 248 
2 643 644 262 646 647 648 271 272 274 275 276 667 668 670 671 672 295 296 298 299 300 686 695 696 314 698 699 700 719 720 722 723 724 851 219 220 222 223 224 738 243 244 246 247 248 
3 640 645 262 647 648 267 268 273 275 276 663 664 669 671 672 291 292 297 299 300 686 691 692 697 314 699 700 715 716 721 723 724 851 215 216 221 223 224 738 239 240 245 247 248 639 
6 641 642 645 262 646 648 269 270 273 274 276 665 666 669 670 672 293 294 297 298 300 686 693 694 697 314 698 700 717 718 721 722 851 724 217 218 221 222 224 738 241 242 245 246 248 
4 643 644 645 262 646 647 271 272 273 274 275 667 668 669 670 671 295 296 297 298 299 686 695 696 697 314 698 699 719 720 721 722 723 851 219 220 221 222 223 738 243 244 245 246 247 
0 704 226 674 228 676 739 263 650 652 302 687 304 851 278 726 280 728 250 315 252 702 
1 225 673 227 675 739 263 649 651 301 303 687 851 277 725 279 727 249 251 315 701 703 
0 258 263 650 654 658 278 282 286 674 678 682 302 687 306 310 315 702 706 710 851 726 730 734 226 739 230 234 250 254 
1 258 263 649 653 658 277 281 286 673 677 682 301 687 305 310 315 701 705 710 851 725 729 734 225 739 229 234 249 253 
0 256 259 263 652 656 659 280 284 287 676 680 683 687 304 308 311 315 704 708 711 851 728 732 735 739 228 232 235 252 
1 259 263 651 655 659 279 283 287 675 679 683 303 687 307 311 315 703 707 711 851 727 731 735 227 739 231 235 251 255 
0 257 260 263 654 657 660 282 285 288 678 681 684 687 306 309 312 315 706 709 712 851 730 733 736 739 230 233 236 254 
1 257 260 263 653 657 660 281 285 288 677 681 684 687 305 309 312 315 705 709 712 851 729 733 736 739 229 233 236 253 
2 256 258 259 260 263 655 656 658 659 660 283 284 286 287 288 679 680 682 683 684 687 307 308 310 311 312 315 707 708 710 711 712 851 731 732 734 735 736 739 231 232 234 235 236 255 
3 257 259 260 263 651 652 657 659 660 279 280 285 287 288 675 676 681 683 684 303 304 687 309 311 312 315 703 704 709 711 712 851 727 728 733 735 736 227 228 739 233 235 236 251 252 
6 257 258 260 263 653 654 657 658 660 281 282 285 286 288 677 678 681 682 684 687 305 306 309 310 312 315 705 706 709 710 712 851 729 730 733 734 736 739 229 230 233 234 236 253 254 
4 256 257 258 259 263 655 656 657 658 659 283 284 285 286 287 679 680 681 682 683 687 307 308 309 310 311 315 707 708 709 710 711 851 731 732 733 734 735 739 231 232 233 234 235 255 
0 737 290 292 261 740 264 714 716 685 238 240 688 851 662 664 313 316 
1 289 737 291 740 261 264 713 715 237 685 239 688 851 661 663 313 316 
0 737 290 740 261 294 264 298 714 685 238 718 688 242 722 851 246 662 313 666 316 670 
1 289 737 740 261 293 264 713 298 237 685 717 688 241 722 851 661 246 313 665 316 670 
0 737 292 261 740 264 296 299 716 685 240 688 720 723 244 851 247 664 313 316 668 671 
1 737 291 740 261 295 264 299 715 685 239 688 719 243 723 851 247 663 313 667 316 671 
0 672 737 740 261 294 264 297 300 685 718 688 721 242 851 724 245 248 313 666 316 669 
1 672 737 740 261 293 264 297 300 685 717 688 241 721 851 724 245 248 313 665 316 669 
2 261 264 667 668 670 671 672 295 296 298 299 300 685 688 313 316 719 720 722 723 724 851 737 740 243 244 246 247 248 
3 261 264 663 664 669 671 672 291 292 297 299 300 685 688 313 316 715 716 721 723 724 851 737 740 239 240 245 247 248 
6 261 264 665 666 669 670 672 293 294 297 298 300 685 688 313 316 717 718 721 722 851 724 737 740 241 242 245 246 248 
4 261 264 667 668 669 670 671 295 296 297 298 299 685 688 313 316 719 720 721 722 723 851 737 740 243 244 245 246 247 
6 256 257 258 259 260 686 262 263 264 687 673 674 675 676 677 678 679 680 681 682 683 684 301 302 303 304 305 306 307 308 309 310 311 312 688 314 315 316 851 725 726 727 728 729 730 731 732 733 734 735 736 738 739 740 249 250 251 252 253 254 255 
6 261 263 264 649 650 651 652 653 654 655 656 657 658 659 660 277 278 279 280 281 282 283 284 285 286 287 288 739 685 687 688 313 315 316 701 702 703 704 705 706 707 708 709 710 711 712 851 225 226 227 228 229 230 231 232 233 234 235 236 740 737 
6 261 262 264 661 662 663 664 665 666 667 668 669 670 671 672 289 290 291 292 293 294 295 296 297 298 299 300 685 686 688 313 314 316 713 714 715 716 717 718 719 720 721 722 723 724 851 737 738 740 237 238 239 240 241 242 243 244 245 246 247 248 
6 256 257 258 259 260 261 262 263 687 673 674 675 676 677 678 679 680 681 682 683 684 301 302 303 304 305 306 307 308 309 310 311 312 313 314 315 851 725 726 727 728 729 730 731 732 733 734 735 736 737 738 739 686 685 249 250 251 252 253 254 255 
0 320 640 226 228 422 742 744 330 650 332 652 846 754 851 756 214 216 318 638 
1 639 225 227 741 422 743 329 649 331 651 846 753 755 851 213 215 317 637 319 
0 642 646 650 654 658 422 318 322 326 330 334 846 338 851 214 218 222 226 230 742 234 746 750 754 758 762 638 
1 641 646 649 653 658 422 317 321 326 329 333 846 338 851 213 217 222 225 229 741 745 234 750 753 757 762 637 
0 640 644 647 652 656 659 422 320 324 327 332 846 336 339 851 216 220 223 228 232 744 235 748 751 756 760 763 
1 643 647 651 655 659 422 319 323 327 331 846 335 339 851 215 219 223 227 231 743 235 747 751 755 759 763 639 
0 642 645 648 654 657 660 422 322 325 328 334 846 337 851 340 218 221 224 230 233 746 236 749 752 758 761 764 
1 641 645 648 653 657 660 422 321 325 328 333 846 337 851 340 217 221 224 229 233 745 236 749 752 757 761 764 
2 643 644 646 647 648 655 656 658 659 660 422 323 324 326 327 328 846 335 336 338 339 340 851 219 220 222 223 224 231 232 234 235 236 747 748 750 751 752 759 760 762 763 764 
3 640 645 647 648 651 652 657 659 660 422 319 320 325 327 328 331 332 846 337 339 340 851 215 216 221 223 224 227 228 743 744 233 235 236 749 751 752 755 756 761 763 764 639 
6 641 642 645 646 648 653 654 657 658 660 422 321 322 325 326 328 333 334 846 337 338 851 340 217 218 221 222 224 229 230 233 234 745 236 746 749 750 752 757 758 761 762 764 
4 643 644 645 646 647 655 656 657 658 659 422 323 324 325 326 327 846 335 336 337 338 339 851 219 220 221 222 223 231 232 233 234 235 747 748 749 750 751 759 760 761 762 763 
0 640 768 262 662 790 664 422 686 318 320 846 851 214 342 216 344 742 744 238 366 240 766 638 
1 767 262 661 790 663 422 686 317 319 846 851 213 341 215 343 741 743 237 366 239 765 637 639 
0 642 770 262 646 774 662 790 666 670 422 686 318 322 326 846 851 214 342 218 346 350 222 742 746 238 366 750 242 246 638 766 
1 641 769 262 646 774 661 790 665 670 422 686 317 321 326 846 851 213 341 217 345 222 350 741 745 237 366 750 241 246 637 765 
0 640 768 644 772 262 647 775 790 664 668 671 422 686 320 324 327 846 851 216 344 220 348 351 223 744 748 366 751 240 244 247 
1 767 643 771 262 647 775 790 663 667 671 422 686 319 323 327 846 851 215 343 219 347 351 223 743 747 366 239 751 243 247 639 
0 642 770 645 262 773 648 776 790 666 669 672 422 686 322 325 328 846 851 218 346 221 349 224 352 746 749 366 752 242 245 248 
1 641 769 645 262 773 648 776 790 665 669 672 422 686 321 325 328 846 851 217 345 221 349 224 352 745 749 366 752 241 245 248 
2 643 644 771 262 646 647 648 772 774 775 776 790 667 668 670 671 672 422 686 323 324 326 327 328 846 851 219 348 220 350 351 224 352 347 222 223 747 748 366 750 751 752 243 244 246 247 248 
3 640 767 768 645 262 647 648 773 775 776 790 663 664 669 671 672 422 686 319 320 325 327 328 846 851 215 216 343 344 221 349 351 224 352 223 743 744 749 366 239 240 751 752 245 247 248 639 
6 641 642 769 770 645 262 646 648 773 774 776 790 665 666 669 670 672 422 686 321 322 325 326 328 846 851 217 218 345 346 221 350 222 224 352 349 745 746 749 366 750 752 241 242 245 246 248 
4 643 644 645 262 646 647 771 772 773 774 775 790 667 668 669 670 671 422 686 323 324 325 326 327 846 851 347 348 349 350 351 219 220 221 222 223 747 748 749 366 750 751 243 244 245 246 247 
0 263 650 778 652 780 791 674 676 422 687 330 332 846 851 226 354 228 356 367 754 756 250 252 
1 263 649 777 651 779 791 673 675 422 687 329 331 846 851 225 353 227 355 367 753 755 249 251 
0 258 263 650 778 654 782 658 786 791 674 422 678 682 687 330 334 846 338 851 226 354 230 358 234 362 367 754 758 250 762 254 
1 258 263 649 777 653 781 658 786 791 673 677 422 682 687 329 333 846 338 851 225 353 229 357 234 362 367 753 757 249 762 253 
0 256 259 263 652 780 656 784 659 787 791 676 422 680 683 687 332 846 336 339 851 228 356 232 360 235 363 367 756 760 763 252 
1 259 263 651 779 655 783 659 787 791 675 422 679 683 687 331 846 335 339 851 227 355 231 359 235 363 367 755 759 251 763 255 
0 257 260 263 654 782 657 785 660 788 791 422 678 681 684 687 334 846 337 851 340 230 358 233 361 236 364 367 758 761 764 254 
1 257 260 263 653 781 657 785 660 788 791 677 422 681 684 687 333 846 337 851 340 229 357 233 361 236 364 367 757 761 764 253 
2 256 258 259 260 263 655 656 783 658 659 660 784 786 787 788 791 422 679 680 682 683 684 687 846 335 336 338 339 340 851 231 232 359 234 363 235 236 360 362 364 367 759 760 762 763 764 255 
3 257 259 260 263 651 652 779 780 657 785 659 660 787 788 791 675 676 422 681 683 684 687 331 332 846 337 339 340 851 227 228 355 356 233 361 235 236 363 364 367 755 756 761 251 252 763 764 
6 257 258 260 263 653 654 781 782 657 658 785 660 786 788 791 677 422 678 681 682 684 687 333 334 846 337 338 851 340 229 230 357 358 233 234 361 236 362 364 367 757 758 761 762 764 253 254 
4 256 257 258 259 263 655 656 657 658 659 783 784 785 786 787 791 422 679 680 681 682 683 687 846 335 336 337 338 339 851 231 232 233 234 235 359 360 363 367 361 362 759 760 761 762 763 255 
0 768 261 422 264 365 238 685 240 368 688 846 851 789 342 662 344 664 792 766 
1 261 422 264 237 365 239 368 685 688 846 851 341 661 343 663 789 792 765 767 
0 770 261 774 264 789 662 792 666 670 422 685 688 846 851 342 346 350 365 238 368 242 246 766 
1 769 261 774 264 661 789 792 665 670 422 685 688 846 851 341 345 350 237 365 368 241 246 765 
0 768 772 261 775 264 789 664 792 668 671 422 685 688 846 851 344 348 351 365 240 368 244 247 
1 771 261 775 264 789 663 792 667 671 422 685 688 846 851 343 347 351 365 239 368 243 247 767 
0 770 261 773 264 776 789 792 666 669 672 422 685 688 846 851 346 349 352 365 368 242 245 248 
1 769 261 773 264 776 789 792 665 669 672 422 685 688 846 851 345 349 352 365 368 241 245 248 
2 771 772 261 774 775 264 776 789 792 667 668 670 671 672 422 685 688 846 851 347 348 350 351 352 365 368 243 244 246 247 248 
3 768 261 773 775 264 776 789 663 664 792 669 671 672 422 685 688 846 851 343 344 349 351 352 365 239 240 368 245 247 248 767 
6 769 770 261 773 774 264 776 789 792 665 666 669 670 672 422 685 688 846 851 345 346 349 350 352 365 368 241 242 245 246 248 
4 771 772 261 773 774 264 775 789 792 667 668 669 670 671 422 685 688 846 851 347 348 349 350 351 365 368 243 244 245 246 247 
6 256 257 258 259 260 262 263 264 777 778 779 780 781 782 783 784 785 786 787 788 790 791 792 673 674 675 676 677 422 678 679 680 681 682 683 684 686 687 688 846 851 353 354 355 356 357 358 359 360 361 362 363 364 366 367 368 249 250 251 252 253 254 255 
6 261 263 264 649 650 651 652 653 654 655 656 657 658 659 660 789 791 792 422 685 687 688 329 330 331 332 333 334 335 336 337 338 339 340 846 851 225 226 227 228 229 230 231 232 233 234 235 236 365 367 368 753 754 755 756 757 758 759 760 761 762 763 764 
6 768 769 770 771 772 261 262 773 264 774 775 776 789 790 661 662 663 664 665 666 667 668 669 670 671 672 792 422 365 685 686 688 366 846 851 341 342 343 344 345 346 347 348 349 350 351 352 237 238 239 240 241 242 243 244 245 246 247 248 368 765 766 767 
6 256 257 258 259 260 261 262 263 777 778 779 780 781 782 783 784 785 786 787 788 789 790 791 673 674 675 676 677 422 678 679 680 681 682 683 684 685 686 687 846 851 353 354 355 356 357 358 359 360 361 362 363 364 365 366 367 249 250 251 252 253 254 255 
0 384 704 806 423 808 266 268 847 370 690 372 692 278 851 280 794 796 382 702 
1 703 805 423 807 265 267 847 369 689 371 691 277 851 279 793 795 381 701 383 
0 386 390 266 270 274 278 282 794 798 286 802 806 423 810 814 690 694 698 702 706 710 847 851 370 374 378 382 
1 385 390 265 269 274 277 281 793 797 286 802 805 423 809 814 689 693 698 701 705 710 847 851 369 373 378 381 
0 384 388 391 268 272 275 280 284 796 287 800 803 423 808 812 815 692 696 699 704 708 711 847 851 372 376 379 
1 387 391 267 271 275 279 283 795 799 287 803 423 807 811 815 691 695 699 703 707 711 847 851 371 375 379 383 
0 386 389 392 270 273 276 282 285 798 288 801 804 423 810 813 816 694 697 700 706 709 712 847 851 374 377 380 
1 385 389 392 269 273 276 281 285 797 288 801 804 423 809 813 816 693 697 700 705 709 712 847 851 373 377 380 
2 387 388 390 391 392 271 272 274 275 276 283 284 286 287 288 799 800 802 803 804 423 811 812 814 815 816 695 696 698 699 700 707 708 710 711 712 847 851 375 376 378 379 380 
3 384 389 391 392 267 268 273 275 276 279 280 795 796 285 287 288 801 803 804 423 807 808 813 815 816 691 692 697 699 700 703 704 709 711 712 847 851 371 372 377 379 380 383 
6 385 386 389 390 392 269 270 273 274 276 281 282 285 286 797 288 798 801 802 804 423 809 810 813 814 816 693 694 697 698 700 705 706 709 710 712 847 851 373 374 377 378 380 
4 387 388 389 390 391 271 272 273 274 275 283 284 285 286 287 799 800 801 802 803 423 811 812 813 814 815 695 696 697 698 699 707 708 709 710 711 847 851 375 376 377 378 379 
0 266 394 268 396 794 796 290 418 292 423 690 818 692 820 314 714 842 716 847 851 738 370 372 
1 265 393 267 395 793 795 289 418 291 423 689 817 691 819 314 713 842 715 847 851 738 369 371 
0 266 394 270 398 274 402 794 798 290 418 802 294 423 298 690 818 694 822 314 698 826 714 842 718 847 722 851 738 370 374 378 
1 265 393 269 397 274 402 793 797 289 418 802 293 423 298 689 817 693 821 314 698 826 713 842 717 847 722 851 738 369 373 378 
0 268 396 272 400 275 403 796 800 418 803 292 423 296 299 692 820 696 824 314 699 827 842 716 847 720 723 851 738 372 376 379 
1 267 395 271 399 275 403 795 799 418 291 803 295 423 299 691 819 695 823 314 699 827 842 715 719 847 723 851 738 371 375 379 
0 270 398 273 401 276 404 798 801 418 804 294 423 297 300 694 822 697 314 825 700 828 842 718 847 721 851 724 738 374 377 380 
1 269 397 273 401 276 404 797 801 418 804 293 423 297 300 693 821 697 314 825 700 828 842 717 847 721 851 724 738 373 377 380 
2 271 272 399 274 275 276 400 402 403 404 799 800 418 802 803 804 295 296 423 298 299 300 695 696 823 314 698 699 700 824 826 827 828 842 719 720 847 722 723 724 851 738 375 376 378 379 380 
3 267 268 395 396 273 401 275 276 403 404 795 796 801 418 291 292 803 804 423 297 299 300 691 692 819 820 697 314 699 700 825 827 828 842 715 716 847 721 723 724 851 738 371 372 377 379 380 
6 269 270 397 398 273 274 401 276 402 404 797 798 801 418 802 804 293 294 423 297 298 300 693 694 821 822 697 314 698 700 825 826 828 842 717 718 847 721 722 851 724 738 373 374 377 378 380 
4 271 272 273 402 403 274 275 399 400 401 799 800 801 418 802 803 295 296 297 298 299 423 695 696 697 314 698 699 823 824 825 826 827 842 719 720 721 722 723 847 851 738 375 376 377 378 379 
0 384 278 406 280 408 419 806 423 808 302 304 315 830 702 704 832 843 847 851 726 728 739 382 
1 277 405 279 407 419 805 423 807 301 303 315 829 701 703 831 843 847 851 725 727 739 381 383 
0 386 390 278 406 282 410 414 286 419 806 423 810 302 814 306 310 315 702 830 706 834 710 838 843 847 851 726 730 734 739 382 
1 385 390 277 405 281 409 286 414 419 805 423 809 301 814 305 310 315 701 829 705 833 710 838 843 847 851 725 729 734 739 381 
0 384 388 391 280 408 284 412 415 287 419 423 808 812 815 304 308 311 315 704 832 708 836 711 839 843 847 851 728 732 735 739 
1 387 391 279 407 283 411 415 287 419 423 807 811 303 815 307 311 315 703 831 707 835 711 839 843 847 851 727 731 735 739 383 
0 386 389 392 282 410 285 413 288 416 419 423 810 813 816 306 309 312 315 706 834 709 837 712 840 843 847 851 730 733 736 739 
1 385 389 392 281 409 285 413 288 416 419 423 809 813 816 305 309 312 315 705 833 709 837 712 840 843 847 851 729 733 736 739 
2 387 388 390 391 392 411 412 283 414 415 288 416 284 419 286 287 423 811 812 814 815 816 307 308 310 311 312 315 707 708 835 710 711 712 836 838 839 840 843 847 851 731 732 734 735 736 739 
3 384 389 391 392 279 280 407 408 413 285 415 288 416 287 419 423 807 808 813 303 304 815 816 309 311 312 315 703 704 831 832 709 837 711 712 839 840 843 847 851 727 728 733 735 736 739 383 
6 385 386 389 390 392 281 282 409 410 413 414 285 288 416 286 419 423 809 810 813 814 816 305 306 309 310 312 315 705 706 833 834 709 710 837 712 838 840 843 847 851 729 730 733 734 736 739 
4 387 388 389 390 391 411 412 413 414 415 283 284 285 419 286 287 423 811 812 813 814 815 307 308 309 310 311 315 707 708 709 710 711 835 836 837 838 839 843 847 851 731 732 733 734 735 739 
0 417 290 737 292 420 740 423 841 394 714 396 716 844 847 818 851 820 313 316 
1 289 417 291 420 737 740 423 393 713 395 715 841 844 847 817 819 851 313 316 
0 394 398 402 417 290 420 294 423 298 818 822 313 826 316 841 714 844 718 847 722 851 737 740 
1 393 397 402 289 417 420 293 423 298 817 821 313 826 316 713 841 844 717 847 722 851 737 740 
0 396 400 403 417 292 420 423 296 299 820 824 313 827 316 841 716 844 847 720 723 851 737 740 
1 395 399 403 417 291 420 295 423 299 819 823 313 827 316 841 715 844 719 847 723 851 737 740 
0 398 401 404 417 420 294 423 297 300 822 313 825 316 828 841 844 718 847 721 851 724 737 740 
1 397 401 404 417 420 293 423 297 300 821 313 825 316 828 841 844 717 847 721 851 724 737 740 
2 399 400 402 403 404 417 420 295 296 423 298 299 300 823 824 313 826 827 316 828 841 844 719 720 847 722 723 724 851 737 740 
3 395 396 401 403 404 417 291 292 420 423 297 299 300 819 820 313 825 827 316 828 841 715 716 844 847 721 723 724 851 737 740 
6 397 398 401 402 404 417 420 293 294 423 297 298 300 821 822 313 825 826 316 828 841 844 717 718 847 721 722 851 724 737 740 
4 399 400 401 402 403 417 420 295 296 297 298 299 423 823 824 313 825 826 316 827 841 844 719 720 721 722 723 847 851 737 740 
6 405 406 407 408 409 410 411 412 413 414 415 416 418 419 420 423 301 302 303 304 305 306 307 308 309 310 311 312 314 315 316 829 830 831 832 833 834 835 836 837 838 839 840 842 843 844 847 851 725 726 727 728 729 730 731 732 733 734 735 736 738 739 740 
6 384 385 386 387 388 389 390 391 392 277 278 279 280 281 282 283 284 285 286 287 288 417 419 420 805 806 423 807 808 809 810 811 812 813 814 815 816 313 315 316 701 702 703 704 705 706 707 708 709 710 711 712 841 843 844 847 851 737 739 740 381 382 383 
6 841 393 394 395 396 397 398 399 400 401 402 403 404 842 289 290 291 292 293 294 295 296 297 298 299 300 420 423 817 818 417 819 820 821 822 418 313 314 823 316 824 825 826 827 828 713 714 715 716 717 718 719 720 721 722 723 724 844 847 851 737 738 740 
6 405 406 407 408 409 410 411 412 413 414 415 416 417 418 419 423 301 302 303 304 305 306 307 308 309 310 311 312 313 314 315 829 830 831 832 833 834 835 836 837 838 839 840 841 842 843 847 851 725 726 727 728 729 730 731 732 733 734 735 736 737 738 739 
0 320 421 742 424 744 330 332 845 848 754 851 756 318 
1 421 741 743 424 329 331 845 848 753 755 851 317 319 
0 322 421 326 742 424 330 746 845 334 750 848 338 754 851 758 762 318 
1 321 421 326 741 424 329 745 333 750 845 848 753 338 851 757 762 317 
0 320 324 421 327 424 744 332 748 845 751 336 848 339 756 851 760 763 
1 323 421 327 424 743 331 747 845 335 751 848 339 755 851 759 763 319 
0 322 325 421 328 424 746 749 334 845 752 337 848 851 340 758 761 764 
1 321 325 421 328 424 745 333 749 845 752 337 848 851 340 757 761 764 
2 421 424 323 324 326 327 328 845 335 336 848 338 339 340 851 747 748 750 751 752 759 760 762 763 764 
3 421 424 319 320 325 327 328 331 332 845 848 337 339 340 851 743 744 749 751 752 755 756 761 763 764 
6 421 424 321 322 325 326 328 333 334 845 848 337 338 851 340 745 746 749 750 752 757 758 761 762 764 
4 421 424 323 324 325 326 327 845 335 336 337 338 339 848 851 747 748 749 750 751 759 760 761 762 763 
0 320 768 421 742 424 744 845 366 848 851 342 790 344 318 766 
1 767 421 741 743 424 845 366 848 851 341 790 343 317 765 319 
0 766 322 770 421 326 742 424 774 746 845 366 750 848 851 342 790 346 350 318 
1 321 769 421 326 741 424 745 774 845 366 750 848 851 341 790 345 317 350 765 
0 320 768 324 421 772 327 424 744 775 748 845 366 751 848 851 790 344 348 351 
1 319 767 323 771 421 327 424 743 775 747 845 366 751 848 851 790 343 347 351 
0 352 322 770 325 421 773 328 424 746 776 749 366 845 752 848 851 790 346 349 
1 352 321 769 325 421 773 328 424 745 776 749 366 845 752 848 851 790 345 349 
2 771 772 774 775 776 790 421 424 323 324 326 327 328 845 848 851 347 348 350 351 352 747 748 366 750 751 752 
3 768 773 775 776 790 421 424 319 320 325 327 328 845 848 851 343 344 349 351 352 743 744 749 366 751 752 767 
6 769 770 773 774 776 790 421 424 321 322 325 326 328 845 848 851 345 346 349 350 352 745 746 749 366 750 752 
4 771 772 773 774 775 790 421 424 323 324 325 326 327 845 848 851 347 348 349 350 351 747 748 749 366 750 751 
0 354 356 421 424 330 778 332 780 845 367 848 754 851 756 791 
1 353 355 421 424 329 777 331 779 845 367 848 753 755 851 791 
0 354 421 358 424 330 362 778 845 334 367 782 848 338 754 786 851 758 791 762 
1 353 357 421 424 329 362 777 333 781 367 845 753 338 786 848 757 851 791 762 
0 356 421 360 424 363 332 780 845 367 336 784 848 339 756 787 851 791 760 763 
1 355 421 359 424 331 363 779 845 335 367 783 848 339 755 787 851 759 791 763 
0 421 358 424 361 364 845 334 367 782 337 785 848 340 788 758 791 851 761 764 
1 357 421 424 361 364 333 781 367 845 337 785 848 340 757 788 791 851 761 764 
2 783 784 786 787 788 791 421 424 845 335 336 848 338 339 340 851 359 360 362 363 364 367 759 760 762 763 764 
3 779 780 785 787 788 791 421 424 331 332 845 848 337 339 340 851 355 356 361 363 364 367 755 756 761 763 764 
6 781 782 785 786 788 791 421 424 333 334 845 848 337 338 851 340 357 358 361 362 364 367 757 758 761 762 764 
4 783 784 785 786 787 791 421 424 845 335 336 337 338 339 848 851 359 360 361 362 363 367 759 760 761 762 763 
0 768 421 424 365 845 368 848 851 789 342 344 792 766 
1 421 424 365 845 368 848 851 341 789 343 792 765 767 
0 770 421 774 424 365 845 368 848 851 789 342 792 346 350 766 
1 769 421 774 424 365 845 368 848 851 341 789 792 345 765 350 
0 768 772 421 775 424 365 845 368 848 851 789 344 792 348 351 
1 767 771 421 775 424 365 845 368 848 851 789 343 792 347 351 
0 352 770 421 773 424 776 365 845 368 848 851 789 792 346 349 
1 352 769 421 773 424 776 365 845 368 848 851 789 792 345 349 
2 352 771 772 421 774 775 424 776 365 845 368 848 851 789 792 347 348 350 351 
3 352 767 768 421 773 775 424 776 365 845 368 848 851 789 343 344 792 349 351 
6 352 769 770 421 773 774 424 776 365 845 368 848 851 789 792 345 346 349 350 
4 771 772 421 773 774 424 775 365 845 368 848 851 789 792 347 348 349 350 351 
6 777 778 779 780 781 782 783 784 785 786 787 788 790 791 792 421 424 845 848 851 353 354 355 356 357 358 359 360 361 362 363 364 366 367 368 
6 789 791 792 421 424 329 330 331 332 333 334 335 336 337 338 339 340 845 848 851 365 367 368 753 754 755 756 757 758 759 760 761 762 763 764 
6 768 769 770 771 772 773 774 775 776 789 790 792 421 424 845 848 851 341 342 343 344 345 346 347 348 349 350 351 352 365 366 368 765 766 767 
6 777 778 779 780 781 782 783 784 785 786 787 788 789 790 791 421 424 845 848 851 353 354 355 356 357 358 359 360 361 362 363 364 365 366 367 
6 793 794 795 796 797 798 799 800 801 802 803 804 805 806 807 808 809 810 811 812 813 814 815 816 817 818 819 820 821 822 823 824 825 826 827 828 829 830 831 832 833 834 835 836 837 838 839 840 841 842 843 844 846 847 848 851 369 370 371 372 373 374 375 376 377 378 379 380 381 382 383 384 385 386 387 388 389 390 391 392 393 394 395 396 397 398 399 400 401 402 403 404 405 406 407 408 409 410 411 412 413 414 415 416 417 418 419 420 422 423 424 
6 689 690 691 692 693 694 695 696 697 698 699 700 701 702 703 704 705 706 707 708 709 710 711 712 713 714 715 716 717 718 719 720 721 722 723 724 725 726 727 728 729 730 731 732 733 734 735 736 737 738 739 740 265 266 267 268 269 270 271 272 273 274 275 276 277 278 279 280 281 282 283 284 285 286 287 288 289 290 291 292 293 294 295 296 297 298 299 300 301 302 303 304 305 306 307 308 309 310 311 312 313 314 315 316 845 847 848 851 421 423 424 
6 845 846 848 851 741 742 743 744 745 746 747 748 749 750 751 752 753 754 755 756 757 758 759 760 761 762 763 764 765 766 767 768 769 770 771 772 773 774 775 776 777 778 779 780 781 782 783 784 785 786 787 788 789 790 791 792 317 318 319 320 321 322 323 324 325 326 327 328 329 330 331 332 333 334 335 336 337 338 339 340 341 342 343 344 345 346 347 348 349 350 351 352 353 354 355 356 357 358 359 360 361 362 363 364 365 366 367 368 421 422 424 
6 793 794 795 796 797 798 799 800 801 802 803 804 805 806 807 808 809 810 811 812 813 814 815 816 817 818 819 820 821 822 823 824 825 826 827 828 829 830 831 832 833 834 835 836 837 838 839 840 841 842 843 844 845 846 847 851 369 370 371 372 373 374 375 376 377 378 379 380 381 382 383 384 385 386 387 388 389 390 391 392 393 394 395 396 397 398 399 400 401 402 403 404 405 406 407 408 409 410 411 412 413 414 415 416 417 418 419 420 421 422 423 
0 480 426 490 428 492 849 852 438 440 478 
1 425 489 427 491 849 852 437 439 477 479 
0 482 486 426 490 430 494 849 434 498 852 438 442 446 478 
1 481 486 425 489 429 493 849 434 498 852 437 441 477 446 
0 480 484 487 428 492 432 496 849 435 499 852 440 444 447 
1 479 483 487 427 491 431 495 849 435 499 852 439 443 447 
0 448 482 485 488 430 494 433 497 849 436 500 852 442 445 
1 448 481 485 488 429 493 433 497 849 436 500 852 441 445 
5 431 432 434 435 436 443 444 446 447 448 849 852 483 484 486 487 488 495 496 498 499 500 
3 427 428 433 435 436 439 440 445 447 448 849 852 479 480 485 487 488 491 492 497 499 500 
5 429 430 433 434 436 441 442 445 446 448 849 852 481 482 485 486 488 493 494 497 498 500 
4 431 432 433 434 435 443 444 445 446 447 849 852 483 484 485 486 487 495 496 497 498 499 
0 480 450 452 426 428 526 849 852 502 504 474 478 
1 449 451 425 427 526 849 852 501 503 474 477 479 
0 450 482 454 486 426 458 430 526 849 434 852 502 474 506 478 510 
1 449 481 453 486 425 458 429 526 849 434 852 501 505 474 477 510 
0 480 452 484 487 456 459 428 526 432 849 435 852 504 474 508 511 
1 511 451 483 455 487 427 459 526 431 849 435 852 503 474 507 479 
0 512 482 485 454 488 457 460 430 526 433 849 436 852 474 506 509 
1 512 481 453 485 488 457 460 429 526 433 849 436 852 505 474 509 
5 512 526 431 432 434 435 436 455 456 458 459 460 849 852 474 483 484 486 487 488 507 508 510 511 
3 512 526 427 428 433 435 436 451 452 457 459 460 849 852 474 479 480 485 487 488 503 504 509 511 
5 512 526 429 430 433 434 436 453 454 457 458 460 849 852 474 481 482 485 486 488 505 506 509 510 
4 526 431 432 433 434 435 455 456 457 458 459 849 852 474 483 484 485 486 487 507 508 509 510 511 
0 514 516 490 492 462 527 464 849 852 438 440 475 
1 513 515 489 491 461 463 527 849 852 437 439 475 
0 514 518 490 522 462 494 527 849 466 498 852 470 438 442 475 446 
1 513 517 489 522 461 493 527 465 498 849 852 437 470 441 475 446 
0 516 520 523 492 527 464 496 849 499 468 852 471 440 475 444 447 
1 515 519 491 523 463 495 527 849 467 499 852 471 439 443 475 447 
0 448 518 521 524 494 527 497 466 849 500 469 852 472 442 475 445 
1 448 517 521 524 493 527 465 497 849 500 469 852 472 441 475 445 
5 519 520 522 523 524 527 443 444 446 447 448 849 467 468 852 470 471 472 475 495 496 498 499 500 
3 515 516 521 523 524 527 439 440 445 447 448 463 464 849 852 469 471 472 475 491 492 497 499 500 
5 517 518 521 522 524 527 441 442 445 446 448 465 466 849 852 469 470 472 475 493 494 497 498 500 
4 519 520 521 522 523 527 443 444 445 446 447 849 467 468 469 470 471 852 475 495 496 497 498 499 
0 450 452 525 528 849 852 502 504 473 476 
1 449 451 525 528 849 852 501 503 473 476 
0 450 454 458 525 528 849 852 502 473 506 476 510 
1 449 453 458 525 528 849 852 501 473 505 476 510 
0 452 456 459 525 528 849 852 504 473 476 508 511 
1 451 455 459 525 528 849 852 503 473 507 476 511 
0 512 454 457 460 525 528 849 852 473 506 476 509 
1 512 453 457 460 525 528 849 852 473 505 476 509 
5 512 455 456 458 459 460 525 528 849 852 473 507 476 508 510 511 
3 512 451 452 457 459 460 525 528 849 852 503 504 473 476 509 511 
5 512 453 454 457 458 460 525 528 849 852 473 505 506 476 509 510 
4 511 455 456 457 458 459 525 528 849 852 473 507 476 508 509 510 
5 513 514 515 516 517 518 519 520 521 522 523 524 526 527 528 461 462 463 464 465 466 467 468 469 470 471 472 849 474 475 476 852 
5 525 527 528 437 438 439 440 441 442 443 444 445 446 447 448 849 852 473 475 476 489 490 491 492 493 494 495 496 497 498 499 500 
5 512 525 526 528 449 450 451 452 453 454 455 456 457 458 459 460 849 852 473 474 476 501 502 503 504 505 506 507 508 509 510 511 
5 513 514 515 516 517 518 519 520 521 522 523 524 525 526 527 849 461 462 463 464 465 466 467 468 469 470 471 472 473 474 475 852 
0 544 426 428 849 530 532 852 438 440 634 542 
1 425 427 529 849 531 852 437 439 634 541 543 
0 546 550 426 430 849 434 530 852 438 534 442 538 634 446 542 
1 545 550 425 429 529 434 849 852 437 533 441 538 634 541 446 
0 544 548 551 428 432 849 435 532 852 440 536 634 539 444 447 
1 543 547 551 427 431 849 435 531 852 439 535 634 443 539 447 
0 448 546 549 552 430 433 849 436 852 534 537 442 634 540 445 
1 448 545 549 552 429 433 849 436 533 852 441 537 634 540 445 
5 535 536 538 539 540 547 548 550 551 552 431 432 434 435 436 443 444 446 447 448 849 852 634 
3 531 532 537 539 540 543 544 549 551 552 427 428 433 435 436 439 440 445 447 448 849 852 634 
5 533 534 537 538 540 545 546 549 550 552 429 430 433 434 436 441 442 445 446 448 849 852 634 
4 535 536 537 538 539 547 548 549 550 551 431 432 433 434 435 443 444 445 446 447 849 852 634 
0 450 578 452 426 554 428 556 849 530 532 852 474 634 
1 449 578 451 425 553 427 555 529 849 531 852 474 634 
0 450 578 454 426 458 554 430 558 849 434 530 562 852 534 474 538 634 
1 449 578 453 425 458 553 429 557 529 434 562 849 533 852 474 538 634 
0 578 452 456 459 428 556 432 560 849 435 532 563 852 536 474 539 634 
1 578 451 455 427 459 555 431 559 849 435 531 563 852 535 474 539 634 
0 578 454 457 460 430 558 433 561 849 436 564 534 852 537 474 634 540 
1 578 453 457 460 429 557 433 561 849 436 533 564 852 537 474 634 540 
5 535 536 538 539 540 431 432 559 434 435 436 560 562 563 564 578 455 456 458 459 460 849 852 474 634 
3 531 532 537 539 540 427 428 555 556 433 561 435 436 563 564 578 451 452 457 459 460 849 852 474 634 
5 533 534 537 538 540 429 430 557 558 433 434 561 436 562 564 578 453 454 457 458 460 849 852 474 634 
4 535 536 537 538 539 431 432 433 562 434 435 559 560 561 563 578 455 456 457 458 459 849 852 474 634 
0 544 579 462 464 849 852 438 566 440 568 634 475 542 
1 579 461 463 849 852 437 565 439 567 634 475 541 543 
0 574 546 579 550 462 849 466 852 470 438 566 442 475 570 634 446 542 
1 545 579 550 461 465 849 852 437 470 565 441 569 475 634 541 446 574 
0 544 575 579 548 551 464 849 468 852 471 440 568 634 475 444 572 447 
1 543 575 547 579 551 463 849 467 852 471 439 567 634 443 475 571 447 
0 448 576 546 579 549 552 849 466 852 469 472 442 475 570 445 573 634 
1 448 545 576 579 549 552 465 849 852 469 472 441 569 475 634 445 573 
5 547 548 550 551 552 571 572 443 574 575 448 576 444 579 446 447 849 467 468 852 470 471 472 475 634 
3 543 544 549 551 552 439 440 567 568 573 445 575 448 576 447 579 463 464 849 852 469 471 472 475 634 
5 545 546 549 550 552 441 442 569 570 573 574 445 448 576 446 579 465 466 849 852 469 470 472 475 634 
4 547 548 549 550 551 571 572 573 574 575 443 444 445 579 446 447 849 467 468 469 470 471 852 475 634 
0 577 450 452 580 554 556 849 852 473 634 476 
1 449 577 451 580 553 555 849 852 473 634 476 
0 577 450 580 454 458 554 558 849 562 852 473 634 476 
1 449 577 580 453 553 458 557 849 562 852 473 634 476 
0 577 452 580 456 459 556 560 849 563 852 473 634 476 
1 577 451 580 455 459 555 559 849 563 852 473 634 476 
0 577 580 454 457 460 558 561 849 564 852 473 634 476 
1 577 580 453 457 460 557 561 849 564 852 473 634 476 
5 577 580 455 456 458 459 460 559 560 849 562 563 564 852 473 634 476 
3 577 451 452 580 457 459 460 555 556 561 849 563 564 852 473 634 476 
5 577 580 453 454 457 458 460 557 558 561 562 849 564 852 473 634 476 
4 577 580 455 456 457 458 459 559 560 561 562 563 849 852 473 634 476 
5 565 566 567 568 569 570 571 572 573 574 575 576 578 579 580 461 462 463 464 465 466 467 468 469 470 471 472 849 474 475 476 852 634 
5 541 542 543 544 545 546 547 548 549 550 551 552 437 438 439 440 441 442 443 444 445 446 447 448 577 579 580 849 852 473 475 476 634 
5 553 554 555 556 557 558 559 560 561 562 563 564 449 450 451 452 453 454 455 456 457 458 459 460 580 849 852 577 473 474 476 578 634 
5 849 565 566 567 568 569 570 571 572 573 574 575 576 577 578 579 461 462 463 464 465 466 467 468 469 470 471 472 473 474 475 852 634 
0 480 582 584 490 492 849 594 596 852 635 478 
1 581 583 489 491 593 849 595 852 635 477 479 
0 482 486 582 490 586 494 590 849 498 594 852 598 602 635 478 
1 481 581 486 489 585 493 590 593 498 849 852 597 602 635 477 
0 480 484 487 584 492 588 591 496 849 499 596 852 600 603 635 
1 483 487 583 491 587 495 591 849 499 595 852 599 603 635 479 
0 482 485 488 586 589 494 592 497 849 500 852 598 601 635 604 
1 481 485 488 585 493 589 592 497 849 500 597 852 601 635 604 
5 587 588 590 591 592 849 852 599 600 602 603 604 483 484 486 487 488 495 496 498 499 500 635 
3 583 584 589 591 592 849 595 596 852 601 603 604 479 480 485 487 488 491 492 497 499 500 635 
5 585 586 589 590 592 849 852 597 598 601 602 604 481 482 485 486 488 493 494 497 498 500 635 
4 587 588 589 590 591 849 852 599 600 601 602 603 483 484 485 486 487 495 496 497 498 499 635 
0 480 608 582 584 526 849 852 502 630 504 635 478 606 
1 607 581 583 526 849 852 501 630 503 635 477 605 479 
0 606 482 610 486 582 614 586 526 590 849 852 502 630 506 635 510 478 
1 481 609 581 486 614 585 526 590 849 852 501 630 505 635 477 510 605 
0 480 608 484 612 487 584 615 588 526 591 849 852 630 504 635 508 511 
1 479 607 483 611 487 583 615 587 526 591 849 852 630 503 507 635 511 
0 512 482 610 485 613 488 616 586 589 526 592 849 852 630 506 635 509 
1 512 481 609 485 613 488 585 616 589 526 592 849 852 630 505 635 509 
5 512 526 587 588 590 591 592 849 852 483 484 611 486 487 488 612 614 615 616 630 507 508 635 510 511 
3 512 526 583 584 589 591 592 849 852 607 480 608 479 485 613 487 488 615 616 630 503 504 635 509 511 
5 512 526 585 586 589 590 592 849 852 481 482 609 610 485 486 613 488 614 616 630 505 506 635 509 510 
4 635 526 587 588 589 590 591 849 852 483 484 485 486 487 611 612 613 614 615 630 507 508 509 510 511 
0 514 516 490 618 492 620 527 849 594 596 852 631 635 
1 513 515 489 617 491 619 527 593 849 595 852 631 635 
0 514 518 490 522 618 494 527 622 849 498 594 626 852 598 631 602 635 
1 513 517 489 522 617 493 621 527 593 498 626 849 597 852 631 602 635 
0 516 520 523 492 620 527 496 624 849 499 596 627 852 631 600 603 635 
1 515 519 491 523 619 495 527 623 849 499 595 627 852 599 631 603 635 
0 518 521 524 494 527 622 497 625 849 500 628 598 631 852 601 635 604 
1 517 521 524 493 621 527 497 625 849 500 597 628 631 852 601 635 604 
5 519 520 522 523 524 527 849 852 599 600 602 603 604 495 496 623 498 627 499 500 624 626 628 631 635 
3 515 516 521 523 524 527 849 595 596 852 601 603 604 491 492 619 620 497 625 499 500 627 628 631 635 
5 517 518 521 522 524 527 849 852 597 598 601 602 604 493 494 621 622 497 498 625 500 626 628 631 635 
4 519 520 521 522 523 527 849 852 599 600 601 602 603 495 496 625 626 497 498 499 623 624 627 631 635 
0 608 525 528 849 852 629 502 504 632 635 606 
1 525 528 849 852 501 629 503 632 635 605 607 
0 610 614 525 528 849 852 629 502 632 506 635 606 510 
1 609 614 525 528 849 852 501 629 632 505 635 605 510 
0 608 612 615 525 528 849 852 629 504 632 635 508 511 
1 607 611 615 525 528 849 852 629 503 632 507 635 511 
0 512 610 613 616 525 528 849 852 629 632 506 635 509 
1 512 609 613 616 525 528 849 852 629 632 505 635 509 
5 512 611 612 614 615 616 525 528 849 852 629 632 507 508 635 510 511 
3 512 607 608 613 615 616 525 528 849 852 629 503 504 632 635 509 511 
5 512 609 610 613 614 616 525 528 849 852 629 632 505 506 635 509 510 
4 635 611 612 613 614 615 525 528 849 852 629 632 507 508 509 510 511 
5 513 514 515 516 517 518 519 520 521 522 523 524 526 527 528 849 852 617 618 619 620 621 622 623 624 625 626 627 628 630 631 632 635 
5 525 527 528 849 593 594 595 596 597 598 599 600 601 602 603 604 852 489 490 491 492 493 494 495 496 497 498 499 500 629 631 632 635 
5 512 632 635 525 526 528 849 629 852 605 606 607 608 609 610 611 612 613 614 615 616 630 501 502 503 504 505 506 507 508 509 510 511 
5 513 514 515 516 517 518 519 520 521 522 523 524 525 526 527 849 852 617 618 619 620 621 622 623 624 625 626 627 628 629 630 631 635 
0 544 849 530 532 852 633 636 542 
1 529 849 531 852 633 636 541 543 
0 546 550 849 530 852 534 633 538 636 542 
1 545 550 529 849 852 533 633 538 636 541 
0 544 548 551 849 532 852 536 633 539 636 
1 547 551 849 531 852 535 633 539 636 543 
0 546 549 552 849 852 534 537 633 540 636 
1 545 549 552 849 852 533 537 633 540 636 
5 547 548 550 551 552 849 852 535 536 633 538 539 540 636 
3 544 549 551 552 849 531 532 852 537 633 539 540 636 543 
5 545 546 549 550 552 849 852 533 534 537 538 633 540 636 
4 547 548 549 550 551 849 852 535 536 537 538 539 633 636 
0 578 554 556 849 530 532 852 633 636 
1 578 553 555 529 849 531 852 633 636 
0 578 554 558 849 530 562 852 534 633 538 636 
1 578 553 557 529 562 849 852 533 633 538 636 
0 578 556 560 849 563 532 852 536 633 539 636 
1 578 555 559 849 531 563 852 535 633 539 636 
0 578 558 561 849 564 852 534 537 633 540 636 
1 578 557 561 849 564 533 852 537 633 540 636 
5 578 559 560 849 562 563 564 852 535 536 633 538 539 540 636 
3 578 555 556 561 849 531 532 563 564 852 537 633 539 540 636 
5 578 557 558 561 562 849 564 533 534 852 537 538 633 540 636 
4 578 559 560 561 562 563 849 852 535 536 537 538 539 633 636 
0 544 579 849 852 566 568 633 636 542 
1 579 849 852 565 567 633 636 541 543 
0 546 579 550 849 852 566 633 570 636 574 542 
1 545 579 550 849 852 565 569 633 636 541 574 
0 544 579 548 551 849 852 568 633 572 636 575 
1 543 547 579 551 849 852 567 633 571 636 575 
0 576 546 579 549 552 849 852 633 570 636 573 
1 576 545 579 549 552 849 852 569 633 636 573 
5 576 547 548 579 550 551 552 849 852 633 571 572 636 574 575 
3 544 575 576 579 549 551 552 849 852 567 568 633 636 573 543 
5 576 545 546 579 549 550 552 849 852 569 570 633 636 573 574 
4 636 547 548 549 550 551 579 849 852 633 571 572 573 574 575 
0 577 580 554 556 849 852 633 636 
1 577 580 553 555 849 852 633 636 
0 577 580 554 558 849 562 852 633 636 
1 577 580 553 557 849 562 852 633 636 
0 577 580 556 560 849 563 852 633 636 
1 577 580 555 559 849 563 852 633 636 
0 577 580 558 561 849 564 852 633 636 
1 577 580 557 561 849 564 852 633 636 
5 577 580 559 560 849 562 563 564 852 633 636 
3 577 580 555 556 561 849 563 564 852 633 636 
5 577 580 557 558 561 562 849 564 852 633 636 
4 577 580 559 560 561 562 563 849 852 633 636 
5 576 633 578 579 580 636 849 852 565 566 567 568 569 570 571 572 573 574 575 
5 544 545 546 547 548 549 550 551 552 577 579 580 849 852 633 636 541 542 543 
5 577 578 580 553 554 555 556 557 558 559 560 561 562 563 564 849 852 633 636 
5 576 577 578 579 636 633 849 852 565 566 567 568 569 570 571 572 573 574 575 
5 849 852 581 582 583 584 585 586 587 588 589 590 591 592 593 594 595 596 597 598 599 600 601 602 603 604 605 606 607 608 609 610 611 612 613 614 615 616 617 618 619 620 621 622 623 624 625 626 627 628 629 630 631 632 634 635 636 
5 512 513 514 515 516 517 518 519 520 521 522 523 524 525 526 527 528 635 636 633 849 852 477 478 479 480 481 482 483 484 485 486 487 488 489 490 491 492 493 494 495 496 497 498 499 500 501 502 503 504 505 506 507 508 509 510 511 
5 529 530 531 532 533 534 535 536 537 538 539 540 541 542 543 544 545 546 547 548 549 550 551 552 553 554 555 556 557 558 559 560 561 562 563 564 565 566 567 568 569 570 571 572 573 574 575 576 577 578 579 580 849 852 633 634 636 
5 849 852 581 582 583 584 585 586 587 588 589 590 591 592 593 594 595 596 597 598 599 600 601 602 603 604 605 606 607 608 609 610 611 612 613 614 615 616 617 618 619 620 621 622 623 624 625 626 627 628 629 630 631 632 633 634 635 
2 637 638 639 640 641 642 643 644 645 646 647 648 649 650 651 652 653 654 655 656 657 658 659 660 661 662 663 664 665 666 667 668 669 670 671 672 673 674 675 676 677 678 679 680 681 682 683 684 685 686 687 688 689 690 691 692 693 694 695 696 697 698 699 700 701 702 703 704 705 706 707 708 709 710 711 712 713 714 715 716 717 718 719 720 721 722 723 724 725 726 727 728 729 730 731 732 733 734 735 736 737 738 739 740 741 742 743 744 745 746 747 748 749 750 751 752 753 754 755 756 757 758 759 760 761 762 763 764 765 766 767 768 769 770 771 772 773 774 775 776 777 778 779 780 781 782 783 784 785 786 787 788 789 790 791 792 793 794 795 796 797 798 799 800 801 802 803 804 805 806 807 808 809 810 811 812 813 814 815 816 817 818 819 820 821 822 823 824 825 826 827 828 829 830 831 832 833 834 835 836 837 838 839 840 841 842 843 844 845 846 847 848 850 851 852 
3 849 851 852 213 214 215 216 217 218 219 220 221 222 223 224 225 226 227 228 229 230 231 232 233 234 235 236 237 238 239 240 241 242 243 244 245 246 247 248 249 250 251 252 253 254 255 256 257 258 259 260 261 262 263 264 265 266 267 268 269 270 271 272 273 274 275 276 277 278 279 280 281 282 283 284 285 286 287 288 289 290 291 292 293 294 295 296 297 298 299 300 301 302 303 304 305 306 307 308 309 310 311 312 313 314 315 316 317 318 319 320 321 322 323 324 325 326 327 328 329 330 331 332 333 334 335 336 337 338 339 340 341 342 343 344 345 346 347 348 349 350 351 352 353 354 355 356 357 358 359 360 361 362 363 364 365 366 367 368 369 370 371 372 373 374 375 376 377 378 379 380 381 382 383 384 385 386 387 388 389 390 391 392 393 394 395 396 397 398 399 400 401 402 403 404 405 406 407 408 409 410 411 412 413 414 415 416 417 418 419 420 421 422 423 424 
5 512 513 514 515 516 517 518 519 520 521 522 523 524 525 526 527 528 529 530 531 532 533 534 535 536 537 538 539 540 541 542 543 544 545 546 547 548 549 550 551 552 553 554 555 556 557 558 559 560 561 562 563 564 565 566 567 568 569 570 571 572 573 574 575 576 577 578 579 580 581 582 583 584 585 586 587 588 589 590 591 592 593 594 595 596 597 598 599 600 601 602 603 604 605 606 607 608 609 610 611 612 613 614 615 616 617 618 619 620 621 622 623 624 625 626 627 628 629 630 631 632 633 634 635 636 849 850 852 425 426 427 428 429 430 431 432 433 434 435 436 437 438 439 440 441 442 443 444 445 446 447 448 449 450 451 452 453 454 455 456 457 458 459 460 461 462 463 464 465 466 467 468 469 470 471 472 473 474 475 476 477 478 479 480 481 482 483 484 485 486 487 488 489 490 491 492 493 494 495 496 497 498 499 500 501 502 503 504 505 506 507 508 509 510 511 
6 637 638 639 640 641 642 643 644 645 646 647 648 649 650 651 652 653 654 655 656 657 658 659 660 661 662 663 664 665 666 667 668 669 670 671 672 673 674 675 676 677 678 679 680 681 682 683 684 685 686 687 688 689 690 691 692 693 694 695 696 697 698 699 700 701 702 703 704 705 706 707 708 709 710 711 712 713 714 715 716 717 718 719 720 721 722 723 724 725 726 727 728 729 730 731 732 733 734 735 736 737 738 739 740 741 742 743 744 745 746 747 748 749 750 751 752 753 754 755 756 757 758 759 760 761 762 763 764 765 766 767 768 769 770 771 772 773 774 775 776 777 778 779 780 781 782 783 784 785 786 787 788 789 790 791 792 793 794 795 796 797 798 799 800 801 802 803 804 805 806 807 808 809 810 811 812 813 814 815 816 817 818 819 820 821 822 823 824 825 826 827 828 829 830 831 832 833 834 835 836 837 838 839 840 841 842 843 844 845 846 847 848 849 850 851 
