212 3242
0 2 66 4 68 14 16 54 56 
1 1 65 3 67 13 15 53 55 
4 2 66 6 70 10 74 14 18 22 54 58 62 
1 1 65 5 69 10 74 13 17 53 22 57 62 
0 4 68 8 72 11 75 16 20 23 56 60 63 
5 3 67 7 71 11 75 15 19 23 55 59 63 
0 64 6 70 9 73 12 76 18 21 24 58 61 
4 64 5 69 9 73 12 76 17 21 24 57 61 
2 64 7 8 71 10 11 12 72 74 75 76 19 20 22 23 24 59 60 62 63 
0 64 3 4 67 68 9 73 11 12 75 76 15 16 21 23 24 55 56 61 63 
4 64 5 6 69 70 9 10 73 12 74 76 17 18 21 22 24 57 58 61 62 
5 7 8 9 10 11 71 72 73 74 75 19 20 21 22 23 59 60 61 62 63 
0 2 4 102 78 80 50 54 56 26 28 
1 1 3 102 77 79 50 53 55 25 27 
2 2 34 6 102 10 78 50 82 54 86 26 58 30 62 
1 1 34 5 102 10 77 81 50 53 86 25 57 29 62 
0 32 35 4 102 8 11 80 50 84 87 56 28 60 63 
1 63 3 35 102 7 11 79 50 83 55 87 27 59 31 
0 64 33 36 6 102 9 12 50 82 85 88 58 61 30 
1 64 33 36 5 102 9 12 81 50 85 88 57 29 61 
2 7 8 10 11 12 31 32 34 35 36 50 59 60 62 63 64 83 84 86 87 88 102 
0 3 4 9 11 12 27 28 33 35 36 50 55 56 61 63 64 79 80 85 87 88 102 
1 5 6 9 10 12 29 30 33 34 36 50 57 58 61 62 64 81 82 85 86 88 102 
1 7 8 9 10 11 31 32 33 34 35 50 59 60 61 62 63 83 84 85 86 87 102 
0 66 68 38 103 40 14 16 51 90 92 
5 65 67 37 39 103 13 15 51 89 91 
2 66 98 38 70 103 42 74 46 14 18 51 22 90 94 
2 65 98 37 69 103 41 74 13 46 17 51 22 89 93 
0 96 99 68 103 40 72 75 44 47 16 51 20 23 92 
4 67 99 39 71 103 43 75 47 15 19 51 23 91 95 
0 97 100 70 103 73 42 76 45 48 18 51 21 24 94 
4 97 100 69 103 41 73 76 45 48 17 51 21 24 93 
2 19 20 22 23 24 43 44 46 47 48 51 71 72 74 75 76 95 96 98 99 100 103 
4 15 16 21 23 24 39 40 45 47 48 51 67 68 73 75 76 91 92 97 99 100 103 
4 17 18 21 22 24 41 42 45 46 48 51 69 70 73 74 76 93 94 97 98 100 103 
4 19 20 21 22 23 43 44 45 46 47 51 71 72 73 74 75 95 96 97 98 99 103 
0 101 104 78 80 49 52 26 28 
1 101 104 77 79 49 52 25 27 
0 34 101 104 78 49 82 52 86 26 30 
1 34 101 104 77 49 81 52 86 25 29 
0 32 35 101 104 80 49 52 84 87 28 
1 35 101 104 79 49 83 52 87 27 31 
0 33 36 101 104 49 82 52 85 88 30 
1 33 36 101 104 49 81 52 85 88 29 
5 32 34 35 36 101 104 49 83 52 84 86 87 88 31 
0 33 35 36 101 104 79 80 49 52 85 87 88 27 28 
5 33 34 36 101 104 49 81 82 52 85 86 88 29 30 
5 32 33 34 35 101 104 49 83 52 84 85 86 87 31 
4 37 38 39 40 41 42 43 44 45 46 47 48 50 51 52 89 90 91 92 93 94 95 96 97 98 99 100 102 103 104 
5 13 14 15 16 17 18 19 20 21 22 23 24 49 51 52 65 66 67 68 69 70 71 72 73 74 75 76 101 103 104 
1 25 26 27 28 29 30 31 32 33 34 35 36 49 50 52 77 78 79 80 81 82 83 84 85 86 87 88 101 102 104 
2 37 38 39 40 41 42 43 44 45 46 47 48 49 50 51 89 90 91 92 93 94 95 96 97 98 99 100 101 102 103 
0 2 4 106 108 14 16 210 118 120 
1 1 3 105 107 13 15 210 117 119 
2 2 6 10 106 14 110 18 114 210 22 118 122 126 
1 1 5 105 10 13 109 17 114 210 117 22 121 126 
0 4 8 11 108 16 112 210 115 20 23 120 124 127 
5 3 7 11 107 15 111 210 19 115 23 119 123 127 
0 128 6 9 12 110 113 18 210 116 21 24 122 125 
3 128 5 9 12 109 17 113 210 116 21 24 121 125 
3 128 7 8 10 11 12 111 112 114 19 20 115 22 23 24 116 210 123 124 126 127 
3 128 3 4 9 11 12 107 108 15 16 113 210 115 116 21 23 24 119 120 125 127 
3 128 5 6 9 10 12 109 110 17 18 113 114 21 22 116 24 121 122 210 125 126 
3 7 8 9 10 11 111 112 113 114 19 20 21 22 23 115 210 123 124 125 126 127 
0 2 130 4 132 106 108 50 210 26 154 28 
1 1 129 3 131 105 107 50 210 25 154 27 
2 2 34 130 6 134 10 106 138 110 50 114 210 26 154 30 
1 1 34 129 5 133 105 10 138 109 50 114 210 25 154 29 
0 32 35 4 132 8 136 11 108 139 112 50 115 210 154 28 
1 3 35 131 7 135 11 107 139 111 50 115 210 154 27 31 
0 33 36 6 134 9 137 12 140 110 113 50 210 116 154 30 
1 33 36 5 133 9 137 12 109 140 113 50 210 116 154 29 
2 7 8 135 10 11 140 12 136 138 139 154 31 32 34 35 36 50 210 111 112 114 115 116 
0 3 4 131 132 9 137 11 12 139 140 154 27 28 33 35 36 50 210 107 108 113 115 116 
3 5 6 133 134 9 10 137 12 138 140 154 29 30 33 34 36 50 210 109 110 113 114 116 
1 7 8 9 10 11 135 136 137 138 139 154 31 32 33 34 35 50 210 111 112 113 114 115 
0 38 40 14 142 16 144 210 51 118 120 155 
3 37 39 13 141 15 143 210 51 117 119 155 
3 38 42 46 14 142 18 51 146 210 22 118 150 122 155 126 
2 37 41 13 46 141 17 145 51 210 117 22 150 121 155 126 
0 40 44 47 16 144 210 51 20 148 23 120 151 155 124 127 
3 39 43 47 15 143 210 19 51 147 23 119 151 123 155 127 
0 128 42 45 48 18 51 146 21 149 210 24 152 122 155 125 
3 128 41 45 48 17 145 51 210 21 149 24 121 152 155 125 
3 128 19 20 147 22 151 152 23 24 155 148 150 43 44 46 47 48 51 210 123 124 126 127 
3 128 15 16 143 144 21 149 23 24 151 152 155 39 40 45 47 48 51 210 119 120 125 127 
3 128 17 18 145 146 21 22 149 24 150 152 155 41 42 45 46 48 51 210 121 122 125 126 
3 19 20 149 150 151 21 22 23 155 147 148 43 44 45 46 47 51 210 123 124 125 126 127 
0 130 132 49 210 52 153 26 28 156 
1 129 131 49 210 52 25 153 27 156 
0 34 130 134 138 49 210 52 153 26 156 30 
1 129 34 133 138 49 210 52 25 153 156 29 
0 32 35 132 136 139 49 210 52 153 28 156 
1 35 131 135 139 49 210 52 153 27 156 31 
0 33 36 134 137 140 49 210 52 153 156 30 
1 33 36 133 137 140 49 210 52 153 156 29 
1 32 34 35 36 135 136 138 139 140 49 210 52 153 156 31 
0 33 35 36 131 132 137 139 140 49 210 52 153 27 28 156 
3 33 34 36 133 134 137 138 140 49 210 52 153 156 29 30 
1 32 33 34 35 135 136 137 138 139 49 210 52 153 156 31 
3 141 142 143 144 145 146 147 148 149 150 151 152 154 155 156 37 38 39 40 41 42 43 44 45 46 47 48 50 51 52 210 
3 128 13 14 15 16 17 18 19 20 21 22 23 24 153 155 156 49 51 52 210 117 118 119 120 121 122 123 124 125 126 127 
3 129 130 131 132 133 134 135 136 137 138 139 140 153 154 25 26 27 28 29 30 31 32 33 34 35 36 156 49 50 52 210 
2 141 142 143 144 145 146 147 148 149 150 151 152 153 154 155 37 38 39 40 41 42 43 44 45 46 47 48 49 50 51 210 
0 160 66 68 170 172 211 54 56 158 
1 65 67 169 171 211 53 55 157 159 
2 66 162 70 166 74 170 174 178 211 54 58 62 158 
1 65 161 69 166 169 74 173 178 211 53 57 157 62 
0 160 68 164 167 72 75 172 176 179 211 56 60 63 
1 159 67 163 71 167 75 171 175 179 211 55 59 63 
0 64 162 165 70 168 73 76 174 177 211 180 58 61 
4 64 161 69 165 168 73 76 173 177 211 180 57 61 
2 64 163 164 166 71 72 167 74 75 76 168 175 176 178 179 180 211 59 60 62 63 
5 64 159 160 67 68 165 167 168 73 75 76 171 172 177 179 180 211 55 56 61 63 
4 64 161 162 69 70 165 166 73 74 168 76 173 174 177 178 211 180 57 58 61 62 
5 163 164 165 166 71 72 73 74 75 167 175 176 177 178 179 211 59 60 61 62 63 
0 160 102 78 206 80 211 54 182 56 184 158 
1 102 77 206 79 211 53 181 55 183 157 159 
0 190 162 102 166 78 206 82 211 86 54 182 58 186 62 158 
1 161 102 166 77 206 81 211 53 86 181 57 185 157 62 190 
0 160 191 164 102 167 206 80 211 84 87 56 184 60 188 63 
1 159 191 163 102 167 206 79 83 211 87 55 183 59 187 63 
0 64 192 162 165 102 168 206 82 211 85 88 58 186 61 189 
4 64 161 192 165 102 168 206 81 211 85 88 57 185 61 189 
5 163 164 166 167 168 59 188 60 190 191 64 192 187 62 63 206 83 84 211 86 87 88 102 
5 159 160 165 167 168 55 56 183 184 61 189 191 64 192 63 206 79 80 211 85 87 88 102 
4 161 162 165 166 168 57 58 185 186 61 190 62 64 192 189 206 81 82 211 85 86 88 102 
5 163 164 165 166 167 187 188 189 190 191 59 60 61 62 63 206 83 84 85 86 87 211 102 
0 66 194 68 196 103 170 172 207 211 90 92 
1 65 193 67 195 103 169 171 207 211 89 91 
2 66 98 194 70 103 198 74 170 202 174 207 178 211 90 94 
1 65 98 193 69 197 103 169 74 202 173 207 178 211 89 93 
0 96 99 68 196 103 72 200 75 172 203 207 176 179 211 92 
1 67 99 195 71 103 199 75 171 203 175 207 179 211 91 95 
0 97 100 70 103 198 73 201 76 204 174 207 177 211 180 94 
5 97 100 69 197 103 73 201 76 173 204 207 177 211 180 93 
2 175 176 178 179 180 71 72 199 74 75 76 200 202 204 207 203 211 95 96 98 99 100 103 
5 171 172 177 179 180 67 68 195 196 73 201 75 76 203 204 207 211 91 92 97 99 100 103 
4 173 174 177 178 180 69 70 197 198 73 74 201 76 202 204 207 211 93 94 97 98 100 103 
5 175 176 177 178 179 71 72 73 74 75 199 200 201 207 202 203 211 95 96 97 98 99 103 
0 101 104 205 78 80 208 211 182 184 
1 101 104 77 205 79 208 211 181 183 
0 101 104 205 78 208 82 211 182 86 186 190 
1 101 104 77 205 208 81 211 181 86 185 190 
0 101 104 205 80 208 211 84 87 184 188 191 
1 101 104 205 79 208 83 211 87 183 187 191 
0 192 101 104 205 208 82 211 85 88 186 189 
4 192 101 104 205 208 81 211 85 88 185 189 
5 192 101 104 205 208 83 84 211 86 87 88 187 188 190 191 
5 192 101 104 205 79 80 208 211 85 87 88 183 184 189 191 
4 192 101 104 205 208 81 82 211 85 86 88 185 186 189 190 
5 101 104 205 208 83 84 85 86 87 211 187 188 189 190 191 
5 193 194 195 196 197 198 199 200 201 202 203 204 206 207 208 211 89 90 91 92 93 94 95 96 97 98 99 100 102 103 104 
5 169 170 171 172 173 174 175 176 177 178 179 180 65 66 67 68 69 70 71 72 73 74 75 76 205 207 208 211 101 103 104 
5 205 206 181 182 183 184 185 186 187 188 189 190 191 192 77 78 79 80 81 82 83 84 85 86 87 88 208 211 101 102 104 
5 193 194 195 196 197 198 199 200 201 202 203 204 205 206 207 211 89 90 91 92 93 94 95 96 97 98 99 100 101 102 103 
0 106 108 209 212 118 120 
1 105 107 209 212 117 119 
0 106 110 209 114 212 118 122 126 
1 105 109 209 114 212 117 121 126 
0 108 112 209 115 212 120 124 127 
1 107 111 209 115 212 119 123 127 
0 128 110 113 209 116 212 122 125 
1 128 109 113 209 116 212 121 125 
3 128 111 112 209 114 115 116 212 123 124 126 127 
3 128 107 108 113 209 115 116 212 119 120 125 127 
4 128 109 110 113 114 209 116 212 121 122 125 126 
1 111 112 113 114 115 209 212 123 124 125 126 127 
0 130 132 106 108 209 212 154 
1 129 131 105 107 209 212 154 
0 130 134 106 138 110 209 114 212 154 
1 129 133 105 138 109 209 114 212 154 
0 132 136 139 108 112 209 115 212 154 
1 131 135 107 139 111 209 115 212 154 
0 134 137 140 110 113 209 116 212 154 
1 133 137 140 109 113 209 116 212 154 
3 135 136 138 139 140 111 112 209 114 115 116 212 154 
3 131 132 137 107 108 139 140 113 209 115 116 212 154 
4 133 134 137 138 140 109 110 113 114 209 116 212 154 
1 135 136 137 138 139 111 112 113 114 115 209 212 154 
0 142 144 209 212 118 120 155 
1 141 143 209 212 117 119 155 
0 142 209 146 212 150 118 122 155 126 
1 141 145 209 212 117 150 121 155 126 
0 144 209 148 212 151 120 155 124 127 
1 143 209 147 212 151 119 123 155 127 
0 128 209 146 212 149 152 122 155 125 
1 128 145 209 212 149 152 121 155 125 
3 128 209 147 148 212 150 151 152 123 124 155 126 127 
3 128 143 144 209 212 149 119 120 151 152 155 125 127 
4 128 145 146 209 212 149 150 152 121 122 155 125 126 
1 155 209 147 148 149 150 151 212 123 124 125 126 127 
0 130 132 209 212 153 156 
1 129 131 209 212 153 156 
0 130 134 138 209 212 153 156 
1 129 133 138 209 212 153 156 
0 132 136 139 209 212 153 156 
1 131 135 139 209 212 153 156 
0 134 137 140 209 212 153 156 
1 133 137 140 209 212 153 156 
3 135 136 138 139 140 209 212 153 156 
3 131 132 137 139 140 209 212 153 156 
4 133 134 137 138 140 209 212 153 156 
1 135 136 137 138 139 209 212 153 156 
3 141 142 143 144 145 146 147 148 149 150 151 152 209 154 155 156 212 
3 128 153 155 156 209 212 117 118 119 120 121 122 123 124 125 126 127 
3 129 130 131 132 133 134 135 136 137 138 139 140 209 212 153 154 156 
3 141 142 143 144 145 146 147 148 149 150 151 152 153 154 155 209 212 
5 157 158 159 160 161 162 163 164 165 166 167 168 169 170 171 172 173 174 175 176 177 178 179 180 181 182 183 184 185 186 187 188 189 190 191 192 193 194 195 196 197 198 199 200 201 202 203 204 205 206 207 208 210 211 212 
4 209 211 212 53 54 55 56 57 58 59 60 61 62 63 64 65 66 67 68 69 70 71 72 73 74 75 76 77 78 79 80 81 82 83 84 85 86 87 88 89 90 91 92 93 94 95 96 97 98 99 100 101 102 103 104 
3 128 129 130 131 132 133 134 135 136 137 138 139 140 141 142 143 144 145 146 147 148 149 150 151 152 153 154 155 156 209 210 212 105 106 107 108 109 110 111 112 113 114 115 116 117 118 119 120 121 122 123 124 125 126 127 
2 157 158 159 160 161 162 163 164 165 166 167 168 169 170 171 172 173 174 175 176 177 178 179 180 181 182 183 184 185 186 187 188 189 190 191 192 193 194 195 196 197 198 199 200 201 202 203 204 205 206 207 208 209 210 211 
