37 144
0 2 11 4 13 
1 1 10 3 12 
0 2 11 6 15 
1 1 10 5 14 
0 8 17 4 13 
1 16 3 12 7 
0 9 18 6 15 
1 9 18 5 14 
2 8 16 17 7 
0 2 4 20 22 
1 1 3 19 21 
0 24 2 20 6 
1 1 19 5 23 
0 8 26 4 22 
1 25 3 21 7 
0 24 9 27 6 
1 9 27 5 23 
2 8 25 26 7 
0 11 13 29 31 
1 10 12 28 30 
0 33 11 29 15 
1 32 10 28 14 
0 17 35 13 31 
1 16 34 12 30 
0 33 18 36 15 
1 32 18 36 14 
2 16 17 34 35 
0 20 37 22 
1 19 21 37 
0 24 20 37 
1 19 37 23 
0 26 37 22 
1 25 21 37 
0 24 27 37 
1 27 37 23 
2 25 26 37 
3 32 33 34 35 36 28 29 30 31 
