597 7872
0 160 2 162 4 197 39 199 41 11 13 48 50 151 153 188 190 
1 1 161 3 196 38 198 40 10 12 47 49 150 152 187 189 159 
0 160 192 2 164 197 6 39 201 11 43 15 48 52 151 155 188 
1 191 1 163 196 5 38 200 10 42 14 47 51 150 154 187 159 
0 162 194 4 166 199 8 41 203 13 45 17 50 54 153 157 190 
1 161 193 3 165 198 7 40 202 12 44 16 49 53 152 156 189 
0 192 195 164 6 167 9 201 43 204 46 15 18 52 55 155 158 
1 163 195 5 167 200 9 42 204 14 46 18 51 55 154 158 191 
2 193 194 165 166 7 8 202 203 44 45 16 17 53 54 156 157 
0 2 4 39 41 169 171 206 208 20 22 151 57 153 59 188 190 
1 1 3 38 40 168 170 205 207 19 21 150 56 152 58 187 189 
0 192 2 6 39 169 43 173 206 210 20 151 24 57 155 188 61 
1 1 5 38 168 42 172 205 209 19 150 23 56 154 187 60 191 
0 194 4 8 41 171 45 175 208 212 22 153 26 59 157 190 63 
1 193 3 7 40 170 44 174 207 211 21 152 25 58 156 189 62 
0 64 192 195 6 9 43 173 46 176 210 213 24 27 155 61 158 
1 64 195 5 9 42 172 46 176 209 213 23 154 27 60 158 191 
2 193 194 7 8 44 45 174 175 211 212 25 26 156 157 62 63 
0 160 66 162 68 197 199 11 13 48 50 178 180 215 217 29 31 
1 65 161 67 196 198 10 12 47 49 177 179 214 216 28 30 159 
0 160 33 66 164 197 70 201 11 15 48 178 52 182 215 219 29 
1 32 65 163 196 69 200 10 14 47 177 51 181 214 218 28 159 
0 162 35 68 166 199 72 203 13 17 50 180 54 184 217 221 31 
1 161 34 67 165 198 71 202 12 16 49 179 53 183 216 220 30 
0 33 36 164 70 167 73 201 204 15 18 52 182 55 185 219 222 
1 32 163 36 69 167 200 73 204 14 18 51 181 55 185 218 222 
2 34 35 165 166 71 72 202 203 16 17 53 54 183 184 220 221 
0 37 169 74 171 206 208 20 22 57 186 59 223 
1 37 168 74 170 205 207 19 21 56 58 186 223 
0 37 169 74 173 206 210 20 24 57 186 61 223 
1 37 168 74 172 205 209 19 23 56 186 60 223 
0 223 37 74 171 175 208 212 22 26 59 186 63 
1 37 74 170 174 207 211 21 25 58 186 62 223 
0 64 37 74 173 176 210 213 24 186 27 61 223 
1 64 37 74 172 176 209 213 23 186 27 60 223 
2 223 37 74 174 175 211 212 25 26 186 62 63 
3 28 29 30 31 32 33 34 35 36 177 178 179 180 181 182 183 184 185 65 66 67 68 69 70 71 72 73 214 215 216 217 218 219 220 221 222 
0 160 225 2 162 4 227 234 11 76 13 78 236 85 87 151 153 
1 224 1 161 3 226 233 10 75 12 77 235 84 86 150 152 159 
0 160 225 2 164 229 6 234 11 76 238 15 80 85 151 89 155 
1 224 1 163 228 5 233 10 75 237 14 79 84 150 88 154 159 
0 162 227 4 166 231 8 236 13 78 240 17 82 87 153 91 157 
1 161 226 3 165 230 7 235 12 77 239 16 81 86 152 90 156 
0 164 229 6 167 232 9 238 15 80 241 18 83 89 155 92 158 
1 163 228 5 167 232 9 237 14 79 241 18 83 88 154 92 158 
2 165 166 7 8 230 231 239 16 17 81 82 240 90 91 156 157 
0 96 225 2 227 4 169 171 76 78 243 20 245 22 151 153 94 
1 224 1 226 3 168 170 75 77 242 19 244 21 150 152 93 95 
0 225 2 98 229 6 169 76 173 80 243 20 151 24 247 155 94 
1 224 1 97 228 5 168 75 172 79 242 19 150 23 246 154 93 
0 96 227 4 100 231 8 171 78 175 82 245 22 153 26 249 157 
1 226 3 99 230 7 170 77 174 81 244 21 152 25 248 156 95 
0 98 101 6 229 232 9 173 80 176 83 247 24 250 27 155 158 
1 97 228 5 101 232 9 172 79 176 83 246 23 154 27 250 158 
2 99 100 230 7 8 231 174 175 81 82 248 25 26 249 156 157 
0 160 162 103 105 234 11 236 13 178 180 85 87 252 29 254 31 
1 161 102 104 233 10 235 12 177 179 84 86 251 28 253 30 159 
0 160 33 256 164 103 234 11 107 238 15 178 85 182 89 252 29 
1 32 255 163 102 233 10 106 237 14 177 84 181 88 251 28 159 
0 162 35 258 166 105 236 13 109 240 17 180 87 184 91 254 31 
1 161 34 257 165 104 235 12 108 239 16 179 86 183 90 253 30 
0 256 33 259 36 164 167 107 110 15 238 241 18 182 89 185 92 
1 32 163 36 259 167 106 237 14 110 241 18 181 88 185 92 255 
2 257 34 35 258 165 166 108 109 239 16 17 240 183 184 90 91 
0 96 260 37 169 171 111 243 20 245 22 186 94 
1 260 37 168 170 111 242 19 244 21 186 93 95 
0 98 260 37 169 173 111 243 20 247 24 186 94 
1 97 260 37 168 172 111 242 19 246 23 186 93 
0 96 100 37 260 171 111 175 245 22 249 26 186 
1 99 260 37 170 174 111 244 21 248 25 186 95 
0 98 260 37 101 173 111 176 247 24 186 27 250 
1 97 260 37 101 172 111 176 246 23 186 27 250 
2 99 100 37 260 174 111 175 248 25 26 186 249 
3 256 257 258 259 28 29 30 31 32 33 34 35 36 177 178 179 180 181 182 183 184 185 102 103 104 105 106 107 108 109 110 251 252 253 254 255 
0 197 262 39 199 41 264 271 48 113 50 115 273 122 124 188 190 
1 196 261 38 198 40 263 270 47 112 49 114 272 121 123 187 189 
0 192 197 262 39 201 266 43 271 48 113 275 52 117 122 188 126 
1 196 261 38 200 265 42 270 47 112 274 51 116 121 187 125 191 
0 128 194 199 264 41 203 268 45 273 50 115 277 54 119 124 190 
1 193 198 263 40 202 267 44 272 49 114 276 53 118 123 189 127 
0 192 129 195 201 266 43 204 269 46 275 52 117 278 55 120 126 
1 129 195 200 265 42 204 269 46 274 51 116 278 55 120 125 191 
2 128 193 194 202 203 44 45 267 268 276 53 118 119 54 277 127 
0 131 133 262 39 264 41 206 208 113 115 280 57 282 59 188 190 
1 130 132 261 38 263 40 205 207 112 114 279 56 281 58 187 189 
0 192 131 262 39 135 266 43 206 113 210 117 280 57 188 61 284 
1 130 261 38 134 265 42 205 112 209 116 279 56 187 60 283 191 
0 286 194 133 264 41 137 268 45 208 115 212 119 282 59 190 63 
1 193 132 263 40 136 267 44 207 114 211 118 281 58 189 62 285 
0 64 192 195 135 138 43 266 269 46 210 117 213 120 284 61 287 
1 64 287 195 134 265 42 138 269 46 209 116 213 120 283 60 191 
2 286 193 194 136 137 267 44 45 268 211 212 118 119 285 62 63 
0 289 66 291 68 197 199 140 142 271 48 273 50 215 217 122 124 
1 288 65 290 67 196 198 139 141 270 47 272 49 214 216 121 123 
0 289 66 197 70 293 201 140 271 48 144 275 52 215 122 219 126 
1 288 65 196 69 292 200 139 270 47 143 274 51 214 121 218 125 
0 128 291 68 199 72 295 203 142 273 50 146 277 54 217 124 221 
1 290 67 198 71 294 202 141 272 49 145 276 53 216 123 220 127 
0 129 293 70 296 73 201 204 144 147 52 275 278 55 219 126 222 
1 129 292 69 200 73 296 204 143 274 51 147 278 55 218 125 222 
2 128 294 71 72 295 202 203 145 146 276 53 54 277 220 221 127 
0 131 133 297 74 206 208 148 280 57 282 59 223 
1 130 132 297 74 205 207 148 279 56 281 58 223 
0 131 135 297 74 206 210 148 280 57 284 61 223 
1 130 134 297 74 205 209 148 279 56 283 60 223 
0 223 133 137 74 297 208 148 212 282 59 286 63 
1 132 136 297 74 207 211 148 281 58 285 62 223 
0 64 287 135 297 74 138 210 148 213 284 61 223 
1 64 287 134 297 74 138 209 148 213 283 60 223 
2 223 286 136 137 74 297 211 148 212 285 62 63 
3 139 140 141 142 143 144 145 146 147 288 289 290 291 292 293 294 295 296 65 66 67 68 69 70 71 72 73 214 215 216 217 218 219 220 221 222 
0 225 227 234 298 76 236 78 149 85 87 
1 224 226 233 298 75 235 77 84 149 86 
0 225 229 234 298 76 238 80 85 149 89 
1 224 228 233 298 75 237 79 84 149 88 
0 227 231 298 236 78 240 82 149 87 91 
1 226 230 298 235 77 239 81 149 86 90 
0 229 232 298 238 80 241 83 149 89 92 
1 228 232 298 237 79 241 83 149 88 92 
2 230 231 298 239 240 81 82 149 90 91 
0 96 225 227 298 76 78 243 149 245 94 
1 224 226 298 75 77 242 244 149 93 95 
0 225 98 229 298 76 80 243 149 247 94 
1 224 97 228 298 75 79 242 149 246 93 
0 96 227 100 231 298 78 82 149 245 249 
1 226 99 230 298 77 81 244 149 248 95 
0 98 101 229 232 298 80 83 149 247 250 
1 97 228 101 232 298 79 83 149 246 250 
2 99 100 230 231 298 81 82 149 248 249 
0 103 105 234 298 236 85 149 87 252 254 
1 102 104 233 298 235 84 149 86 251 253 
0 256 103 234 107 298 238 85 149 89 252 
1 102 233 106 298 237 84 149 88 251 255 
0 258 105 298 236 109 240 149 87 91 254 
1 257 104 298 235 108 239 149 86 90 253 
0 256 259 298 107 110 238 241 149 89 92 
1 259 106 298 237 110 241 149 88 92 255 
2 257 258 298 108 109 239 240 149 90 91 
0 96 260 298 111 243 245 149 94 
1 260 298 111 242 244 149 93 95 
0 98 260 298 111 243 149 247 94 
1 97 260 298 111 242 149 246 93 
0 96 100 260 298 111 149 245 249 
1 99 260 298 111 244 149 248 95 
0 98 260 101 298 111 149 247 250 
1 97 260 101 298 111 149 246 250 
2 99 100 260 298 111 149 248 249 
3 256 257 258 259 102 103 104 105 106 107 108 109 110 298 149 251 252 253 254 255 
4 128 129 130 131 132 133 134 135 136 137 138 139 140 141 142 143 144 145 146 147 148 268 269 270 271 272 273 274 275 276 277 278 279 280 261 281 283 284 285 262 286 287 288 290 263 292 293 289 295 264 297 265 282 291 266 267 294 296 112 113 114 115 116 117 118 119 120 121 122 123 124 125 126 127 
0 2 4 39 41 11 300 13 302 48 337 50 339 309 311 346 348 
1 1 3 38 40 10 299 12 301 47 336 49 338 308 310 345 347 
0 2 6 39 11 43 300 15 48 304 337 52 309 341 313 346 350 
1 1 5 38 10 42 299 14 47 303 336 51 308 340 312 345 349 
0 352 4 8 41 13 45 302 17 50 306 339 54 311 343 315 348 
1 3 7 40 12 44 301 16 49 305 338 53 310 342 314 347 351 
0 353 6 9 43 46 15 304 18 307 52 341 55 344 313 316 350 
1 353 5 9 42 14 46 303 18 51 307 340 55 312 344 316 349 
2 352 7 8 44 45 16 17 305 306 53 54 342 343 314 315 351 
0 320 2 355 4 357 39 41 300 302 337 339 20 22 57 59 318 
1 1 354 3 356 38 40 299 301 336 338 19 21 56 58 317 319 
0 2 322 355 6 39 359 43 300 304 337 20 341 24 57 61 318 
1 1 321 354 5 38 358 42 299 303 336 19 340 23 56 60 317 
0 320 4 324 357 8 41 361 45 302 306 339 22 343 26 59 63 
1 3 323 356 7 40 360 44 301 305 338 21 342 25 58 62 319 
0 64 322 325 6 359 9 362 43 46 304 307 341 24 344 27 61 
1 64 321 5 325 358 9 42 362 46 303 307 340 23 344 27 60 
2 323 324 7 8 360 361 44 45 305 306 342 343 25 26 62 63 
0 66 68 327 329 11 364 13 366 48 50 309 311 346 348 29 31 
1 65 67 326 328 10 363 12 365 47 49 308 310 345 347 28 30 
0 33 66 70 327 11 331 364 15 48 368 52 309 313 346 29 350 
1 32 65 69 326 10 330 363 14 47 367 51 308 312 345 28 349 
0 352 35 68 72 329 13 333 366 17 50 370 54 311 315 348 31 
1 34 67 71 328 12 332 365 16 49 369 53 310 314 347 30 351 
0 33 353 36 70 73 331 334 15 368 18 371 52 55 313 316 350 
1 32 353 36 69 73 330 14 334 367 18 51 371 55 312 316 349 
2 352 34 35 71 72 332 333 16 17 369 370 53 54 314 315 351 
0 320 355 37 357 74 335 20 372 22 57 59 318 
1 354 356 37 74 335 19 372 21 56 58 317 319 
0 322 355 37 359 74 335 20 372 24 57 61 318 
1 321 354 37 358 74 335 19 372 23 56 60 317 
0 320 324 37 357 361 74 335 372 22 26 59 63 
1 323 356 37 360 74 335 372 21 25 58 62 319 
0 64 322 37 325 359 74 362 335 372 24 27 61 
1 64 321 37 325 358 74 362 335 372 23 27 60 
2 323 324 37 360 361 74 335 372 25 26 62 63 
3 28 29 30 31 32 33 34 35 36 65 66 67 68 69 70 71 72 73 326 327 328 329 330 331 332 333 334 363 364 365 366 367 368 369 370 371 
0 385 2 4 11 76 13 78 300 302 85 309 87 311 374 376 383 
1 384 1 3 10 75 12 77 299 301 84 308 86 310 373 375 382 
0 2 387 6 11 76 300 15 80 304 85 309 374 89 313 378 383 
1 1 386 5 10 75 299 14 79 303 84 308 373 88 312 377 382 
0 385 4 389 8 13 78 302 17 82 306 87 311 376 91 315 380 
1 384 3 388 7 12 77 301 16 81 305 86 310 375 90 314 379 
0 387 6 390 9 15 80 304 18 83 307 89 313 378 92 316 381 
1 386 5 390 9 14 79 303 18 83 307 88 312 377 92 316 381 
2 388 389 7 8 16 17 81 82 305 306 90 91 314 315 379 380 
0 96 320 2 4 392 394 76 300 78 302 20 22 374 376 94 318 
1 319 1 3 391 393 75 299 77 301 19 21 373 375 93 317 95 
0 2 98 322 6 392 76 300 396 80 304 20 374 24 378 94 318 
1 1 97 321 5 391 75 299 395 79 303 19 373 23 377 93 317 
0 96 320 4 100 324 8 394 78 302 398 82 306 22 376 26 380 
1 319 3 99 323 7 393 77 301 397 81 305 21 375 25 379 95 
0 98 322 101 6 325 9 396 399 80 304 83 307 24 378 27 381 
1 97 321 5 101 325 9 395 79 303 399 83 307 23 377 27 381 
2 99 100 323 324 7 8 397 398 81 82 305 306 25 26 379 380 
0 383 385 103 327 105 329 11 13 401 403 85 309 87 311 29 31 
1 384 102 326 104 328 10 12 400 402 84 308 86 310 28 30 382 
0 33 387 103 327 11 107 331 15 401 85 309 405 89 313 29 383 
1 32 386 102 326 10 106 330 14 400 84 308 404 88 312 28 382 
0 385 35 389 105 329 13 109 333 17 403 87 311 407 91 315 31 
1 384 34 388 104 328 12 108 332 16 402 86 310 406 90 314 30 
0 33 387 36 390 107 331 110 15 334 18 405 408 89 313 92 316 
1 32 386 36 390 106 330 14 110 334 18 404 88 312 408 92 316 
2 34 35 388 389 108 109 332 333 16 17 406 407 90 91 314 315 
0 96 320 37 392 394 111 335 20 22 409 94 318 
1 319 37 391 393 111 335 19 21 409 93 317 95 
0 98 322 37 392 396 111 335 20 24 409 94 318 
1 97 321 37 391 395 111 335 19 23 409 93 317 
0 96 320 100 37 324 394 398 111 335 22 409 26 
1 319 99 323 37 393 397 111 335 21 25 409 95 
0 98 322 37 101 325 396 111 335 399 24 409 27 
1 97 321 37 101 325 395 111 335 399 23 409 27 
2 99 100 37 323 324 397 398 111 335 25 26 409 
3 400 401 402 403 404 405 406 407 408 28 29 30 31 32 33 34 35 36 326 327 328 329 330 331 332 333 334 102 103 104 105 106 107 108 109 110 
0 420 422 39 41 48 113 50 115 337 339 122 346 124 348 411 413 
1 419 421 38 40 47 112 49 114 336 338 121 345 123 347 410 412 
0 415 420 39 424 43 48 113 337 52 117 341 122 346 411 126 350 
1 419 38 423 42 47 112 336 51 116 340 121 345 410 125 349 414 
0 128 352 417 422 41 426 45 50 115 339 54 119 343 124 348 413 
1 351 416 421 40 425 44 49 114 338 53 118 342 123 347 412 127 
0 415 129 353 418 424 43 427 46 52 117 341 55 120 344 126 350 
1 129 353 418 423 42 427 46 51 116 340 55 120 344 125 349 414 
2 128 351 352 416 417 425 426 44 45 53 118 119 54 342 343 127 
0 131 355 133 357 39 41 429 431 113 337 115 339 57 59 411 413 
1 130 354 132 356 38 40 428 430 112 336 114 338 56 58 410 412 
0 131 355 39 135 359 43 429 113 337 433 117 341 57 411 61 415 
1 130 354 38 134 358 42 428 112 336 432 116 340 56 410 60 414 
0 417 133 357 41 137 361 45 431 115 339 435 119 343 59 413 63 
1 416 132 356 40 136 360 44 430 114 338 434 118 342 58 412 62 
0 64 418 135 359 138 43 362 46 433 436 117 341 120 344 61 415 
1 64 418 134 358 42 138 362 46 432 116 340 436 120 344 60 414 
2 416 417 136 137 360 361 44 45 434 435 118 119 342 343 62 63 
0 66 68 420 422 140 364 142 366 48 50 438 440 122 346 124 348 
1 65 67 419 421 139 363 141 365 47 49 437 439 121 345 123 347 
0 66 420 70 424 140 364 48 144 368 52 438 122 346 442 126 350 
1 65 419 69 423 139 363 47 143 367 51 437 121 345 441 125 349 
0 128 352 68 422 72 426 142 366 50 146 370 54 440 124 348 444 
1 351 67 421 71 425 141 365 49 145 369 53 439 123 347 443 127 
0 129 353 70 424 73 427 144 368 147 52 371 55 442 445 126 350 
1 129 353 69 423 73 427 143 367 51 147 371 55 441 125 349 445 
2 128 351 352 71 72 425 426 145 146 369 370 53 54 443 444 127 
0 131 355 133 357 74 429 431 148 372 57 59 446 
1 130 354 132 356 74 428 430 148 372 56 58 446 
0 131 355 135 359 74 429 433 148 372 57 61 446 
1 130 354 134 358 74 428 432 148 372 56 60 446 
0 133 357 137 74 361 431 435 148 372 59 446 63 
1 132 356 136 360 74 430 434 148 372 58 62 446 
0 64 135 359 74 138 362 433 148 372 436 61 446 
1 64 134 358 74 138 362 432 148 372 436 60 446 
2 446 136 137 74 360 361 434 435 148 372 62 63 
3 139 140 141 142 143 144 145 146 147 437 438 439 440 441 442 443 444 445 65 66 67 68 69 70 71 72 73 363 364 365 366 367 368 369 370 371 
0 447 385 76 78 149 374 85 87 376 383 
1 384 75 77 84 373 86 149 375 382 447 
0 447 387 76 80 85 149 374 89 378 383 
1 386 75 79 84 149 373 88 377 382 447 
0 385 389 78 82 149 87 376 91 380 447 
1 384 388 77 81 149 86 375 90 379 447 
0 387 390 80 83 149 89 378 92 381 447 
1 386 390 79 83 149 88 377 92 381 447 
2 388 389 81 82 149 90 91 379 380 447 
0 96 392 394 76 78 149 374 376 94 447 
1 447 391 393 75 77 149 373 375 93 95 
0 98 392 76 396 80 149 374 378 94 447 
1 97 391 75 395 79 373 149 377 93 447 
0 96 100 394 78 398 82 149 376 380 447 
1 447 99 393 77 397 81 149 375 379 95 
0 98 101 396 399 80 83 149 378 381 447 
1 97 101 395 79 399 83 149 377 381 447 
2 99 100 397 398 81 82 149 379 380 447 
0 447 385 103 105 401 403 85 149 87 383 
1 384 102 104 400 402 84 149 86 382 447 
0 447 387 103 107 401 85 149 405 89 383 
1 386 102 106 400 84 149 404 88 382 447 
0 385 389 105 109 403 149 87 407 91 447 
1 384 388 104 108 402 149 86 406 90 447 
0 387 390 107 110 149 405 408 89 92 447 
1 386 390 106 110 404 149 88 408 92 447 
2 388 389 108 109 149 406 407 90 91 447 
0 96 392 394 111 149 409 94 447 
1 447 391 393 111 149 409 93 95 
0 98 392 396 111 149 409 94 447 
1 97 391 395 111 149 409 93 447 
0 96 100 394 398 111 149 409 447 
1 447 99 393 397 111 149 409 95 
0 98 101 396 399 111 149 409 447 
1 97 101 395 399 111 149 409 447 
2 99 100 397 398 111 149 409 447 
3 102 103 104 105 106 107 108 109 110 400 401 402 403 404 149 405 406 407 408 447 
4 128 129 130 131 132 133 134 135 136 137 138 139 140 141 142 143 144 145 146 147 148 410 411 412 413 414 415 416 417 418 419 420 421 422 423 424 425 426 427 428 429 430 431 432 433 434 435 436 437 438 439 440 441 442 443 444 445 446 112 113 114 115 116 117 118 119 120 121 122 123 124 125 126 127 
0 160 449 162 451 197 486 199 488 458 460 495 497 151 153 188 190 
1 448 161 450 196 485 198 487 457 459 494 496 150 152 187 189 159 
0 160 192 449 164 197 453 486 201 458 490 462 495 499 151 155 188 
1 159 448 163 196 452 485 200 457 489 461 494 498 150 154 187 191 
0 162 194 451 166 199 455 488 203 460 492 464 497 501 153 157 190 
1 161 193 450 165 198 454 487 202 459 491 463 496 500 152 156 189 
0 192 195 164 453 167 456 201 490 204 493 462 465 499 502 155 158 
1 163 195 452 167 200 456 489 204 461 493 465 498 502 154 158 191 
2 193 194 165 166 454 455 202 203 491 492 463 464 500 501 156 157 
0 449 451 486 488 169 171 206 208 467 469 151 504 153 506 188 190 
1 448 450 485 487 168 170 205 207 466 468 150 503 152 505 187 189 
0 192 449 453 486 169 490 173 206 210 467 151 471 504 155 188 508 
1 448 452 485 168 489 172 205 209 466 150 470 503 154 187 507 191 
0 194 451 455 488 171 492 175 208 212 469 153 473 506 157 190 510 
1 193 450 454 487 170 491 174 207 211 468 152 472 505 156 189 509 
0 192 195 453 456 490 173 493 176 210 213 471 474 155 508 158 511 
1 511 195 452 456 489 172 493 176 209 213 470 154 474 507 158 191 
2 193 194 454 455 491 492 174 175 211 212 472 473 156 157 509 510 
0 160 513 162 515 197 199 458 460 495 497 178 180 215 217 476 478 
1 512 161 514 196 198 457 459 494 496 177 179 214 216 475 477 159 
0 160 480 513 164 197 517 201 458 462 495 178 499 182 215 219 476 
1 479 512 163 196 516 200 457 461 494 177 498 181 214 218 475 159 
0 162 482 515 166 199 519 203 460 464 497 180 501 184 217 221 478 
1 161 481 514 165 198 518 202 459 463 496 179 500 183 216 220 477 
0 480 483 164 517 167 520 201 204 462 465 499 182 502 185 219 222 
1 163 483 516 167 200 520 204 461 465 498 181 502 185 218 222 479 
2 481 482 165 166 518 519 202 203 463 464 500 501 183 184 220 221 
0 484 169 521 171 206 208 467 469 504 186 506 223 
1 484 168 521 170 205 207 466 468 503 505 186 223 
0 484 169 521 173 206 210 467 471 504 186 508 223 
1 484 168 521 172 205 209 466 470 503 186 507 223 
0 484 521 171 175 208 212 469 473 186 506 510 223 
1 484 521 170 174 207 211 468 472 505 186 509 223 
0 511 484 521 173 176 210 213 471 186 474 508 223 
1 511 484 521 172 176 209 213 470 186 474 507 223 
2 484 521 174 175 211 212 472 473 186 509 510 223 
3 512 513 514 515 516 517 518 519 520 177 178 179 180 181 182 183 184 185 214 215 216 217 218 475 220 221 222 476 477 478 219 479 480 481 482 483 
0 160 225 162 227 449 451 234 458 236 460 523 525 532 534 151 153 
1 224 161 226 448 450 233 457 235 459 522 524 531 533 150 152 159 
0 160 225 449 164 229 453 234 458 523 238 462 527 532 151 536 155 
1 224 448 163 228 452 233 457 522 237 461 526 531 150 535 154 159 
0 162 227 451 166 231 455 236 460 525 240 464 529 534 153 538 157 
1 161 226 450 165 230 454 235 459 524 239 463 528 533 152 537 156 
0 164 229 453 167 232 456 238 462 527 241 465 530 536 155 539 158 
1 163 228 452 167 232 456 237 461 526 241 465 530 535 154 539 158 
2 165 230 231 166 454 455 239 240 463 464 528 529 537 538 156 157 
0 225 449 227 451 169 171 523 525 243 467 245 469 151 153 541 543 
1 224 448 226 450 168 170 522 524 242 466 244 468 150 152 540 542 
0 225 449 545 229 453 169 523 173 527 243 467 151 247 471 155 541 
1 224 448 544 228 452 168 522 172 526 242 466 150 246 470 154 540 
0 227 451 547 231 455 171 525 175 529 245 469 153 249 473 157 543 
1 226 450 546 230 454 170 524 174 528 244 468 152 248 472 156 542 
0 545 548 229 453 232 456 173 527 176 530 247 471 250 155 474 158 
1 544 228 452 548 232 456 172 526 176 530 246 470 154 250 474 158 
2 546 547 230 231 454 455 174 175 528 529 248 249 472 473 156 157 
0 160 162 550 552 234 458 236 460 178 180 532 534 252 476 254 478 
1 161 549 551 233 457 235 459 177 179 531 533 251 475 253 477 159 
0 160 256 480 164 550 234 458 554 238 462 178 532 182 536 252 476 
1 255 479 163 549 233 457 553 237 461 177 531 181 535 251 475 159 
0 162 258 482 166 552 236 460 556 240 464 180 534 184 538 254 478 
1 161 257 481 165 551 235 459 555 239 463 179 533 183 537 253 477 
0 256 480 259 164 483 167 554 557 238 462 241 465 182 536 185 539 
1 479 163 259 483 167 553 237 461 557 241 465 181 535 185 539 255 
2 257 258 481 482 165 166 555 556 239 240 463 464 183 184 537 538 
0 260 484 169 171 558 243 467 245 469 186 541 543 
1 260 484 168 170 558 242 466 244 468 186 540 542 
0 545 260 484 169 173 558 243 467 247 471 186 541 
1 544 260 484 168 172 558 242 466 246 470 186 540 
0 547 260 484 171 558 175 245 469 249 186 473 543 
1 546 260 484 170 174 558 244 468 248 472 186 542 
0 545 260 484 548 173 558 176 247 471 186 250 474 
1 544 260 484 548 172 558 176 246 470 186 250 474 
2 546 547 260 484 174 175 558 248 249 186 472 473 
3 256 257 258 259 549 550 551 552 553 554 555 556 557 177 178 179 180 181 182 183 184 185 475 476 477 478 479 480 481 482 483 251 252 253 254 255 
0 197 262 199 264 486 488 271 495 273 497 560 562 569 571 188 190 
1 196 261 198 263 485 487 270 494 272 496 559 561 568 570 187 189 
0 192 197 262 486 201 266 490 271 495 560 275 499 564 569 188 573 
1 196 261 485 200 265 489 270 494 559 274 498 563 568 187 572 191 
0 194 199 264 488 203 268 492 273 497 562 277 501 566 571 190 575 
1 193 198 263 487 202 267 491 272 496 561 276 500 565 570 189 574 
0 192 576 195 201 266 490 204 269 493 275 499 564 278 502 567 573 
1 576 195 200 265 489 204 269 493 274 498 563 278 502 567 572 191 
2 193 194 202 203 267 268 491 492 276 277 500 501 565 566 574 575 
0 578 580 262 486 264 488 206 208 560 562 280 504 282 506 188 190 
1 577 579 261 485 263 487 205 207 559 561 279 503 281 505 187 189 
0 192 578 262 486 582 266 490 206 560 210 564 280 504 188 284 508 
1 577 261 485 581 265 489 205 559 209 563 279 503 187 283 507 191 
0 510 194 580 264 488 584 268 492 208 562 212 566 282 506 190 286 
1 193 579 263 487 583 267 491 207 561 211 565 281 505 189 285 509 
0 192 511 195 582 585 266 490 269 493 210 564 213 567 284 508 287 
1 287 511 195 581 265 489 585 269 493 209 563 213 567 283 507 191 
2 510 193 194 583 584 267 268 491 492 211 212 565 566 285 286 509 
0 289 513 291 515 197 199 587 589 271 495 273 497 215 217 569 571 
1 288 512 290 514 196 198 586 588 270 494 272 496 214 216 568 570 
0 289 513 197 293 517 201 587 271 495 591 275 499 215 569 219 573 
1 288 512 196 292 516 200 586 270 494 590 274 498 214 568 218 572 
0 291 515 199 295 519 203 589 273 497 593 277 501 217 571 221 575 
1 290 514 198 294 518 202 588 272 496 592 276 500 216 570 220 574 
0 576 293 517 296 201 520 204 591 594 275 499 278 502 219 573 222 
1 576 292 516 200 296 520 204 590 274 498 594 278 502 218 572 222 
2 294 295 518 519 202 203 592 593 276 277 500 501 220 221 574 575 
0 578 580 297 521 206 208 595 280 504 282 506 223 
1 577 579 297 521 205 207 595 279 503 281 505 223 
0 578 582 297 521 206 210 595 280 504 284 508 223 
1 577 581 297 521 205 209 595 279 503 283 507 223 
0 510 580 584 297 521 208 595 212 282 506 286 223 
1 579 583 297 521 207 211 595 281 505 285 509 223 
0 223 511 582 297 521 585 210 595 213 284 508 287 
1 223 511 581 297 521 585 209 595 213 283 507 287 
2 509 510 583 584 297 521 211 212 595 285 286 223 
3 512 513 514 515 516 517 518 519 520 288 289 290 291 292 293 294 295 296 586 587 588 589 590 591 592 593 594 214 215 216 217 218 219 220 221 222 
0 225 227 234 298 236 523 525 532 596 534 
1 224 226 233 298 235 522 524 531 596 533 
0 225 229 234 298 523 238 527 532 596 536 
1 224 228 233 298 522 237 526 531 596 535 
0 227 231 298 236 525 240 529 596 534 538 
1 226 230 298 235 524 239 528 596 533 537 
0 229 232 298 238 527 241 530 596 536 539 
1 228 232 298 237 526 241 530 596 535 539 
2 230 231 298 239 240 528 529 596 537 538 
0 225 227 298 523 525 243 596 245 541 543 
1 224 226 298 522 524 242 244 596 540 542 
0 225 545 229 298 523 527 243 596 247 541 
1 224 544 228 298 522 526 242 596 246 540 
0 227 547 231 298 525 529 596 245 249 543 
1 226 546 230 298 524 528 244 596 248 542 
0 545 548 229 232 298 527 530 596 247 250 
1 544 228 548 232 298 526 530 596 246 250 
2 546 547 230 231 298 528 529 596 248 249 
0 550 552 234 298 236 532 596 534 252 254 
1 549 551 233 298 235 531 596 533 251 253 
0 256 550 234 298 554 238 532 596 536 252 
1 549 233 298 553 237 531 596 535 251 255 
0 258 552 298 236 556 240 596 534 538 254 
1 257 551 298 235 555 239 596 533 537 253 
0 256 259 298 554 557 238 241 596 536 539 
1 259 553 298 237 557 241 596 535 539 255 
2 257 258 298 555 556 239 240 596 537 538 
0 260 298 558 243 596 245 541 543 
1 260 298 558 242 244 596 540 542 
0 545 260 298 558 243 596 247 541 
1 544 260 298 558 242 596 246 540 
0 547 260 298 558 596 245 249 543 
1 546 260 298 558 244 596 248 542 
0 545 260 548 298 558 596 247 250 
1 544 260 548 298 558 596 246 250 
2 546 547 260 298 558 596 248 249 
3 256 257 258 259 549 550 551 552 553 298 554 555 556 557 596 251 252 253 254 255 
4 261 262 263 264 265 266 267 268 269 270 271 272 273 274 275 276 277 278 279 280 281 282 283 284 285 286 287 288 289 290 291 292 293 294 295 296 297 559 560 561 562 563 564 565 566 567 568 569 570 571 572 573 574 575 576 577 578 579 580 581 582 583 584 585 586 587 588 589 590 591 592 593 594 595 
0 300 302 337 339 309 597 311 346 348 
1 299 301 336 338 308 597 310 345 347 
0 300 304 337 309 341 597 313 346 350 
1 299 303 336 308 340 597 312 345 349 
0 352 302 306 339 597 343 311 315 348 
1 301 305 338 597 310 342 314 347 351 
0 353 304 307 341 597 344 313 316 350 
1 353 303 307 340 597 312 344 316 349 
2 352 305 306 597 342 343 314 315 351 
0 320 355 357 300 302 337 339 597 318 
1 354 356 299 301 336 338 597 317 319 
0 322 355 359 300 304 337 341 597 318 
1 321 354 358 299 303 336 340 597 317 
0 320 324 357 361 302 306 339 597 343 
1 323 356 360 301 305 338 597 342 319 
0 322 325 359 362 304 307 341 597 344 
1 321 325 358 362 303 307 340 597 344 
2 323 324 360 361 305 306 597 342 343 
0 327 329 364 366 309 597 311 346 348 
1 326 328 363 365 308 597 310 345 347 
0 327 331 364 368 309 597 313 346 350 
1 326 330 363 367 308 597 312 345 349 
0 352 329 333 366 370 597 311 315 348 
1 328 332 365 369 597 310 314 347 351 
0 353 331 334 368 371 597 313 316 350 
1 353 330 334 367 371 597 312 316 349 
2 352 332 333 369 370 597 314 315 351 
0 320 355 357 335 372 597 318 
1 354 356 335 372 597 317 319 
0 322 355 359 335 372 597 318 
1 321 354 358 335 372 597 317 
0 320 324 357 361 335 372 597 
1 323 356 360 335 372 597 319 
0 322 325 359 362 335 372 597 
1 321 325 358 362 335 372 597 
2 323 324 360 361 335 372 597 
3 326 327 328 329 330 331 332 333 334 363 364 365 366 367 368 369 370 371 597 
0 385 300 302 309 374 311 376 597 383 
1 384 299 301 308 373 310 375 597 382 
0 387 300 304 309 374 597 313 378 383 
1 386 299 303 308 373 597 312 377 382 
0 385 389 302 306 597 311 376 315 380 
1 384 388 301 305 597 310 375 314 379 
0 387 390 304 307 597 313 378 316 381 
1 386 390 303 307 597 312 377 316 381 
2 388 389 305 306 597 314 315 379 380 
0 320 392 394 300 302 597 374 376 318 
1 391 393 299 301 373 597 375 317 319 
0 322 392 300 396 304 597 374 378 318 
1 321 391 299 395 303 373 597 377 317 
0 320 324 394 302 398 306 597 376 380 
1 323 393 301 397 305 597 375 379 319 
0 322 325 396 399 304 307 597 378 381 
1 321 325 395 303 399 307 597 377 381 
2 323 324 397 398 305 306 597 379 380 
0 385 327 329 401 403 309 597 311 383 
1 384 326 328 400 402 308 597 310 382 
0 387 327 331 401 309 405 597 313 383 
1 386 326 330 400 308 404 597 312 382 
0 385 389 329 333 403 597 311 407 315 
1 384 388 328 332 402 597 310 406 314 
0 387 390 331 334 405 597 408 313 316 
1 386 390 330 334 404 597 312 408 316 
2 388 389 332 333 597 406 407 314 315 
0 320 392 394 335 597 409 318 
1 391 393 335 597 409 317 319 
0 322 392 396 335 597 409 318 
1 321 391 395 335 597 409 317 
0 320 324 394 398 335 597 409 
1 323 393 397 335 597 409 319 
0 322 325 396 399 335 597 409 
1 321 325 395 399 335 597 409 
2 323 324 397 398 335 597 409 
3 326 327 328 329 330 331 332 333 334 400 401 402 403 404 405 406 407 408 597 
0 420 422 337 339 597 346 411 348 413 
1 419 421 336 338 597 345 410 347 412 
0 420 424 337 341 597 346 411 350 415 
1 419 423 336 340 597 345 410 349 414 
0 352 417 422 426 339 597 343 348 413 
1 416 421 425 338 597 342 347 412 351 
0 353 418 424 427 341 597 344 350 415 
1 353 418 423 427 340 597 344 349 414 
2 352 416 417 425 426 597 342 343 351 
0 355 357 429 431 337 339 597 411 413 
1 354 356 428 430 336 338 597 410 412 
0 355 359 429 337 433 341 597 411 415 
1 354 358 428 336 432 340 597 410 414 
0 417 357 361 431 339 435 597 343 413 
1 416 356 360 430 338 434 597 342 412 
0 418 359 362 433 436 341 597 344 415 
1 418 358 362 432 340 436 597 344 414 
2 416 417 360 361 434 435 597 342 343 
0 420 422 364 366 597 438 440 346 348 
1 419 421 363 365 437 597 439 345 347 
0 420 424 364 368 597 438 346 442 350 
1 419 423 363 367 437 597 345 441 349 
0 352 422 426 366 370 597 440 348 444 
1 421 425 365 369 597 439 347 443 351 
0 353 424 427 368 371 597 442 445 350 
1 353 423 427 367 371 597 441 349 445 
2 352 425 426 369 370 597 443 444 351 
0 355 357 429 431 372 597 446 
1 354 356 428 430 372 597 446 
0 355 359 429 433 372 597 446 
1 354 358 428 432 372 597 446 
0 357 361 431 435 372 597 446 
1 356 360 430 434 372 597 446 
0 359 362 433 372 436 597 446 
1 358 362 432 372 436 597 446 
2 360 361 434 435 372 597 446 
3 363 364 365 366 367 368 369 370 371 437 438 439 440 441 442 443 444 445 597 
0 383 385 597 374 376 447 
1 384 597 373 375 382 447 
0 383 387 597 374 378 447 
1 386 597 373 377 382 447 
0 385 389 597 376 380 447 
1 384 388 597 375 379 447 
0 387 390 597 378 381 447 
1 386 390 597 377 381 447 
2 388 389 597 379 380 447 
0 392 394 597 374 376 447 
1 391 393 373 597 375 447 
0 392 396 597 374 378 447 
1 391 395 373 597 377 447 
0 394 398 597 376 380 447 
1 393 397 597 375 379 447 
0 396 399 597 378 381 447 
1 395 399 597 377 381 447 
2 397 398 597 379 380 447 
0 383 385 401 403 597 447 
1 384 400 402 597 382 447 
0 383 387 401 405 597 447 
1 386 400 404 597 382 447 
0 385 389 403 597 407 447 
1 384 388 402 597 406 447 
0 387 390 597 405 408 447 
1 386 390 404 597 408 447 
2 388 389 597 406 407 447 
0 392 409 394 597 447 
1 447 393 409 597 391 
0 392 409 396 597 447 
1 447 409 395 597 391 
0 409 394 597 398 447 
1 393 409 397 597 447 
0 447 409 396 597 399 
1 447 409 395 597 399 
2 597 409 397 398 447 
3 400 401 402 403 404 405 406 407 408 597 447 
4 410 411 412 413 414 415 416 417 418 419 420 421 422 423 424 425 426 427 428 429 430 431 432 433 434 435 436 437 438 439 440 441 442 443 444 445 446 597 
5 512 513 514 515 516 517 518 519 520 521 522 523 524 525 526 527 528 529 530 531 532 533 534 535 536 537 538 539 540 541 542 543 544 545 546 547 548 549 550 551 552 553 554 555 556 557 558 559 560 561 562 563 564 565 566 567 568 569 570 571 572 573 574 575 576 577 578 579 580 581 582 583 584 585 586 587 588 589 590 591 592 593 594 595 596 448 449 450 451 452 453 454 455 456 457 458 459 460 461 462 463 464 465 466 467 468 469 470 471 472 473 474 475 476 477 478 479 480 481 482 483 484 485 486 487 488 489 490 491 492 493 494 495 496 497 498 499 500 501 502 503 504 505 506 507 508 509 510 511 
