80 692
0 17 2 19 4 
1 16 1 18 3 
0 2 6 12 17 21 27 
1 1 5 12 16 20 27 
0 4 8 13 19 23 28 
1 3 7 13 18 22 28 
0 6 10 14 21 25 29 
1 5 9 14 20 24 29 
0 8 11 15 23 26 30 
4 7 11 15 22 26 30 
2 9 10 12 13 14 15 24 25 27 28 29 30 
3 3 4 11 13 14 15 18 19 26 28 29 30 
4 5 6 11 12 14 15 20 21 26 27 29 30 
5 7 8 11 12 13 15 22 23 26 27 28 30 
1 9 10 11 12 13 14 24 25 26 27 28 29 
0 32 2 34 4 77 
1 1 33 3 77 31 
0 32 2 36 6 42 12 77 
1 1 35 5 42 12 77 31 
0 34 4 38 8 43 13 77 
1 33 3 37 7 43 13 77 
0 36 6 40 10 44 77 14 
1 35 5 39 9 44 77 14 
0 38 8 41 11 45 77 15 
4 37 7 41 11 45 77 15 
2 39 40 9 10 42 12 13 14 15 43 44 45 77 
3 33 34 3 4 41 11 43 13 14 15 44 45 77 
4 35 36 5 6 41 42 11 12 44 14 15 45 77 
6 37 38 7 8 41 42 11 12 13 43 15 45 77 
6 39 40 9 10 11 12 13 14 41 42 43 44 77 
0 17 49 19 78 47 
1 16 48 18 46 78 
0 78 47 17 51 21 57 27 
1 46 78 16 50 20 57 27 
0 78 49 19 53 23 58 28 
1 78 48 18 52 22 58 28 
0 78 51 21 55 25 59 29 
1 78 50 20 54 24 59 29 
3 78 53 23 56 26 60 30 
1 78 52 22 56 26 60 30 
2 59 60 78 54 55 24 25 57 27 28 29 30 58 
3 60 78 48 49 18 19 56 26 58 28 29 30 59 
4 78 50 51 20 21 56 57 26 27 59 29 30 60 
5 78 52 53 22 23 56 57 26 27 28 58 30 60 
1 58 59 78 54 55 24 25 26 27 28 29 56 57 
0 32 64 34 62 79 
1 63 33 79 61 31 
0 32 66 36 72 42 79 62 
5 65 35 72 42 79 61 31 
0 64 34 68 38 73 43 79 
1 33 67 37 73 43 79 63 
0 66 36 70 40 74 44 79 
1 65 35 69 39 74 44 79 
0 68 38 71 41 75 45 79 
5 67 37 71 41 75 45 79 
0 69 70 39 40 72 42 43 44 45 73 74 75 79 
3 64 33 34 71 41 73 43 44 45 74 75 79 63 
4 65 66 35 36 71 72 41 42 74 44 45 75 79 
5 67 68 37 38 71 72 41 42 43 73 45 75 79 
6 69 70 39 40 41 42 43 44 71 72 73 74 79 
0 80 49 76 47 
1 48 80 76 46 
0 80 57 51 76 47 
1 80 57 50 76 46 
0 80 49 58 76 53 
1 48 80 58 52 76 
0 80 51 59 76 55 
1 80 50 59 76 54 
5 56 80 60 53 76 
1 56 80 52 60 76 
2 76 80 54 55 57 58 59 60 
1 76 48 49 80 56 58 59 60 
2 76 80 50 51 56 57 59 60 
5 76 80 52 53 56 57 58 60 
6 76 80 54 55 56 57 58 59 
3 64 65 66 67 68 69 70 71 72 73 74 75 77 78 79 80 61 62 63 
5 80 76 78 79 16 17 18 19 20 21 22 23 24 25 26 27 28 29 30 
6 32 33 34 35 36 37 38 39 40 41 42 43 44 45 76 77 79 80 31 
2 80 78 76 77 46 47 48 49 50 51 52 53 54 55 56 57 58 59 60 
4 64 65 66 67 68 69 70 71 72 73 74 75 76 77 78 79 61 62 63 
