56 220
0 2 4 13 15 
1 1 3 12 14 
0 17 2 13 6 
1 16 1 12 5 
0 8 19 4 15 
1 18 3 14 7 
0 17 10 21 6 
1 16 9 20 5 
0 8 11 19 22 
1 18 11 22 7 
2 9 10 20 21 
0 24 2 26 4 
1 1 25 3 23 
0 24 2 28 6 
1 1 27 5 23 
0 8 26 4 30 
1 25 3 29 7 
0 32 10 28 6 
1 9 27 5 31 
0 8 33 11 30 
1 33 11 29 7 
2 32 9 10 31 
0 35 13 37 15 
1 34 12 36 14 
0 17 35 13 39 
1 16 34 12 38 
0 41 19 37 15 
1 40 18 36 14 
0 17 43 21 39 
1 16 42 20 38 
0 41 19 44 22 
1 40 18 44 22 
2 42 43 20 21 
0 24 48 26 46 
1 47 25 45 23 
0 24 50 28 46 
1 49 27 45 23 
0 48 26 52 30 
1 25 51 29 47 
0 32 50 28 54 
1 49 27 53 31 
0 33 52 30 55 
1 33 51 29 55 
2 32 53 54 31 
0 56 35 37 
1 56 34 36 
0 56 35 39 
1 56 34 38 
0 56 41 37 
1 40 56 36 
0 56 43 39 
1 56 42 38 
0 56 41 44 
1 40 56 44 
2 56 42 43 
3 45 46 47 48 49 50 51 52 53 54 55 
