690 13300
0 2 4 134 136 20 116 118 22 
1 1 3 133 135 19 115 21 117 
0 32 128 2 6 134 138 14 146 20 116 24 120 
1 32 1 128 5 133 137 14 146 19 115 23 119 
0 33 129 4 8 136 140 15 147 22 118 26 122 
1 33 129 3 7 135 139 15 147 21 117 25 121 
4 34 130 6 10 138 142 16 148 24 120 28 124 
2 34 130 5 9 137 141 16 148 23 119 27 123 
5 35 131 8 12 140 144 17 149 26 122 30 126 
1 35 131 7 11 139 143 17 149 25 121 29 125 
0 127 36 132 10 13 142 145 18 150 28 124 31 
1 127 36 132 9 13 141 145 18 150 27 123 31 
5 128 129 130 131 132 11 12 14 15 16 17 18 143 144 146 147 148 149 150 29 30 32 33 34 35 36 125 126 
2 129 130 3 4 131 132 135 136 13 15 16 17 18 145 147 21 22 148 149 150 31 33 34 35 36 117 118 127 
4 128 130 131 132 5 6 137 138 13 14 16 17 18 145 146 148 149 23 24 150 31 32 34 35 36 119 120 127 
1 128 129 131 132 7 8 139 140 13 14 15 17 18 145 146 147 149 150 25 26 31 32 33 35 36 121 122 127 
0 128 129 130 132 9 10 13 14 15 16 141 18 142 145 146 147 148 150 27 28 31 32 33 34 36 123 124 127 
6 128 129 130 131 11 12 13 14 15 16 17 143 144 145 146 147 148 149 29 30 31 32 33 34 35 125 126 127 
0 224 2 4 38 40 110 116 118 152 154 
1 224 1 3 37 39 110 115 117 151 153 
0 128 224 2 164 38 6 42 14 110 50 116 120 152 156 
1 128 1 224 164 5 37 41 14 110 50 115 119 151 155 
0 224 129 4 165 8 40 44 110 15 51 118 122 154 158 
1 224 129 3 165 39 7 43 110 15 51 117 121 153 157 
0 160 224 130 6 166 10 42 46 110 16 52 120 124 156 
3 224 130 5 166 9 41 45 110 16 52 119 123 155 159 
3 224 162 131 167 8 12 44 110 48 17 53 122 126 158 
1 224 161 131 7 167 11 43 110 47 17 53 121 125 157 
0 160 224 163 132 168 10 13 46 110 49 18 54 124 127 
1 159 224 163 132 168 9 13 45 110 49 18 54 123 127 
3 128 129 130 131 132 11 12 14 15 16 17 18 161 162 164 165 166 167 168 47 48 50 51 52 53 54 224 110 125 126 
3 129 130 3 4 131 132 13 15 16 17 18 153 154 163 165 166 39 40 167 168 49 51 52 53 54 224 110 117 118 127 
3 128 130 131 132 5 6 13 14 16 17 18 155 156 163 164 166 167 168 41 42 49 50 52 53 54 224 110 119 120 127 
3 128 129 131 132 7 8 13 14 15 17 18 157 158 163 164 165 167 168 43 44 49 50 51 53 54 224 110 121 122 127 
0 128 129 130 132 9 10 13 14 15 16 18 159 160 163 164 165 166 168 45 46 49 50 51 52 54 224 110 123 124 127 
3 128 129 130 131 11 12 13 14 15 16 17 161 162 163 164 165 166 167 47 48 49 50 51 52 53 224 110 125 126 127 
0 225 134 136 170 172 111 20 22 56 58 
1 225 133 135 169 171 111 19 21 55 57 
0 32 225 68 134 138 170 174 111 146 20 182 24 56 60 
1 32 225 68 133 137 169 173 111 146 19 182 55 23 59 
0 33 225 69 136 140 172 111 176 147 22 183 26 58 62 
1 33 225 69 135 139 171 111 175 147 21 183 25 57 61 
0 64 225 34 70 138 142 111 174 178 148 24 184 28 60 
1 225 34 70 137 141 173 111 177 148 23 184 27 59 63 
5 225 66 35 71 140 111 144 176 180 149 185 26 30 62 
1 65 225 35 71 139 111 143 175 179 149 25 185 29 61 
0 64 225 67 36 72 142 111 145 178 181 150 186 28 31 
1 31 225 67 36 72 141 111 145 177 181 150 186 27 63 
5 143 144 146 147 148 149 150 29 30 32 33 34 35 36 179 180 182 183 184 185 186 65 66 68 69 70 71 72 225 111 
5 135 136 145 147 148 21 22 149 150 31 33 34 35 36 171 172 181 183 184 57 58 185 186 67 69 70 71 72 225 111 
5 137 138 145 146 148 149 150 23 24 31 32 34 35 36 173 174 181 182 184 185 186 59 60 67 68 70 71 72 225 111 
5 139 140 145 146 147 149 150 25 26 31 32 33 35 36 175 176 181 182 183 185 186 61 62 67 68 69 71 72 225 111 
5 141 142 145 146 147 148 150 27 28 31 32 33 34 36 177 178 181 182 183 184 186 63 64 67 68 69 70 72 225 111 
6 143 144 145 146 147 148 149 29 30 31 32 33 34 35 179 180 181 182 183 184 185 65 66 67 68 69 70 71 225 111 
0 226 38 40 74 76 112 152 154 188 190 
1 226 37 39 73 75 112 151 153 187 189 
0 192 226 164 38 200 42 74 78 112 50 86 152 156 188 
1 226 164 37 200 41 73 77 112 50 86 151 155 187 191 
0 194 226 165 40 201 44 76 80 112 51 87 154 158 190 
1 193 226 165 39 201 43 75 79 112 51 87 153 157 189 
0 160 192 226 196 166 42 202 46 78 112 82 52 88 156 
1 191 226 195 166 41 202 45 77 112 81 52 88 155 159 
0 162 194 226 198 167 203 44 48 80 112 84 53 89 158 
1 161 193 226 197 167 43 203 79 47 112 83 53 89 157 
0 160 226 163 196 199 168 204 46 112 49 82 85 54 90 
1 226 163 195 199 168 204 45 112 49 81 85 54 90 159 
2 161 162 164 165 166 167 168 47 48 50 51 52 53 54 197 198 200 201 202 203 204 83 84 86 87 88 89 90 226 112 
2 153 154 163 165 166 39 40 167 168 49 51 52 53 54 189 190 199 201 202 75 76 203 204 85 87 88 89 90 226 112 
2 155 156 163 164 166 167 168 41 42 49 50 52 53 54 191 192 199 200 202 203 204 77 78 85 86 88 89 90 226 112 
2 157 158 163 164 165 167 168 43 44 49 50 51 53 54 193 194 199 200 201 203 204 79 80 85 86 87 89 90 226 112 
0 159 160 163 164 165 166 168 45 46 49 50 51 52 54 195 196 199 200 201 202 204 81 82 85 86 87 88 90 226 112 
2 161 162 163 164 165 166 167 47 48 49 50 51 52 53 197 198 199 200 201 202 203 83 84 85 86 87 88 89 226 112 
3 227 170 172 206 208 113 56 58 92 94 
1 227 169 171 205 207 113 55 57 91 93 
3 96 227 68 104 170 174 206 113 210 182 56 218 60 92 
1 227 68 104 169 173 205 113 209 182 55 218 59 91 95 
3 98 227 69 105 172 176 113 208 212 183 58 219 62 94 
1 97 227 69 105 171 175 207 113 211 183 57 219 61 93 
5 64 96 227 100 70 106 174 113 178 210 214 184 60 220 
1 63 99 227 70 106 173 113 177 209 213 184 59 220 95 
6 66 98 227 102 71 107 176 113 180 212 216 185 221 62 
1 65 97 227 101 71 107 175 113 179 211 215 185 61 221 
4 64 67 100 227 103 72 108 113 178 181 214 217 186 222 
1 67 99 227 103 72 108 113 177 181 213 217 186 222 63 
5 179 180 182 183 184 185 186 65 66 68 69 70 71 72 215 216 218 219 220 221 222 227 101 102 104 105 106 107 108 113 
5 171 172 181 183 184 57 58 185 186 67 69 70 71 72 207 208 217 219 220 93 94 221 222 227 103 105 106 107 108 113 
4 173 174 181 182 184 185 186 59 60 67 68 70 71 72 209 210 217 218 220 221 222 95 96 227 103 104 106 107 108 113 
5 175 176 181 182 183 185 186 61 62 67 68 69 71 72 211 212 217 218 219 221 222 97 98 227 103 104 105 107 108 113 
5 177 178 181 182 183 184 186 63 64 67 68 69 70 72 213 214 217 218 219 220 222 99 100 227 103 104 105 106 108 113 
6 179 180 181 182 183 184 185 65 66 67 68 69 70 71 215 216 217 218 219 220 221 227 101 102 103 104 105 106 107 113 
0 228 74 76 109 114 188 190 223 
1 228 73 75 109 114 187 189 223 
0 192 228 200 74 109 78 114 86 188 223 
1 223 228 200 73 77 109 114 86 187 191 
0 194 228 201 76 109 80 114 87 190 223 
1 193 228 201 75 109 79 114 87 189 223 
0 192 196 228 202 109 78 82 114 88 223 
1 223 195 228 202 77 109 81 114 88 191 
0 194 228 198 203 109 80 114 84 89 223 
1 193 228 197 203 109 79 114 83 89 223 
0 196 228 199 204 109 82 114 85 90 223 
1 195 228 199 204 109 81 114 85 90 223 
0 228 197 198 200 201 202 203 204 109 114 83 84 86 87 88 89 90 223 
2 228 199 201 202 75 76 109 203 204 114 85 87 88 89 90 189 190 223 
4 192 223 228 199 200 202 203 204 77 78 109 114 85 86 88 89 90 191 
0 193 194 228 199 200 201 203 204 109 79 80 114 85 86 87 89 90 223 
0 195 196 228 199 200 201 202 204 109 81 82 114 85 86 87 88 90 223 
0 228 197 198 199 200 201 202 203 109 114 83 84 85 86 87 88 89 223 
5 219 222 220 221 205 206 207 208 209 210 211 212 213 214 215 216 217 218 91 92 93 94 95 96 97 98 99 100 101 102 103 104 105 106 107 108 224 110 111 112 113 114 225 226 227 228 
6 133 134 135 136 137 138 139 140 141 142 143 144 145 146 19 20 21 22 23 24 25 26 27 28 29 30 31 32 33 34 35 36 223 225 226 227 147 228 148 109 149 111 112 113 114 150 
2 151 152 153 154 155 156 157 158 159 160 161 162 163 164 37 38 39 40 41 42 43 44 45 46 47 48 49 50 51 52 53 54 165 166 167 168 223 224 226 227 228 109 110 112 113 114 
4 183 184 185 186 169 170 171 172 173 174 175 176 177 178 179 180 181 182 55 56 57 58 59 60 61 62 63 64 65 66 67 68 69 70 71 72 223 224 225 227 228 109 110 111 113 114 
0 204 187 188 189 190 191 192 193 194 195 196 197 198 199 200 73 74 75 76 77 78 79 80 81 82 83 84 85 86 87 88 89 90 223 224 225 226 228 109 110 111 112 114 201 202 203 
3 219 224 222 220 221 205 206 207 208 209 210 211 212 213 214 215 216 217 218 91 92 93 94 95 96 97 98 99 100 101 102 103 104 105 106 107 108 109 110 111 112 113 223 225 226 227 
0 2 4 230 232 686 20 22 248 250 
1 1 3 229 231 686 19 21 247 249 
0 32 2 260 6 230 234 14 686 242 20 24 248 252 
1 32 1 260 5 229 233 14 686 242 19 23 247 251 
0 33 4 261 8 232 236 686 15 243 22 26 250 254 
1 33 3 261 7 231 235 686 15 243 21 25 249 253 
4 256 34 6 262 10 234 238 686 16 244 24 28 252 
7 34 5 262 9 233 237 686 16 244 23 27 251 255 
7 258 35 263 8 12 236 686 240 17 245 26 30 254 
1 257 35 7 263 11 235 686 239 17 245 25 29 253 
0 256 259 36 264 10 13 238 686 241 18 246 28 31 
1 255 259 36 264 9 13 237 686 241 18 246 27 31 
7 257 258 260 261 262 263 264 11 12 14 15 16 17 18 29 30 32 33 34 35 36 686 239 240 242 243 244 245 246 
7 3 4 259 261 262 263 264 13 15 16 17 18 21 22 31 33 34 35 36 686 231 232 241 243 244 245 246 249 250 
4 259 260 5 6 262 263 264 13 14 16 17 18 23 24 31 32 34 35 36 686 233 234 241 242 244 245 246 251 252 
7 259 260 261 7 8 263 264 13 14 15 17 18 25 26 31 32 33 35 36 686 235 236 241 242 243 245 246 253 254 
7 256 259 260 261 262 264 9 10 13 14 15 16 18 27 28 31 32 33 34 36 686 237 238 241 242 243 244 246 255 
6 257 258 259 260 261 262 263 11 12 13 14 15 16 17 29 30 31 32 33 34 35 686 239 240 241 242 243 244 245 
0 2 4 230 38 40 232 266 268 110 686 338 
1 1 3 229 37 39 231 265 267 110 686 338 
0 2 38 6 230 42 234 266 14 110 270 686 50 242 338 278 
1 1 5 37 229 41 233 265 269 14 110 686 50 242 338 278 
0 4 8 40 232 44 236 110 15 268 272 338 51 243 686 279 
1 3 39 7 231 43 235 267 110 15 271 686 338 51 243 279 
4 6 10 42 234 46 110 16 238 270 274 52 244 338 686 280 
3 5 9 41 233 45 110 237 16 269 273 338 52 244 686 280 
7 8 12 44 110 236 48 17 240 272 276 53 245 338 281 686 
1 7 11 43 235 110 47 239 17 271 275 338 53 245 686 281 
0 10 13 46 110 238 49 18 241 274 277 54 246 338 282 686 
1 9 13 45 110 237 49 18 241 273 277 54 246 338 282 686 
7 11 12 14 15 16 17 18 275 276 278 279 280 281 282 686 47 48 50 51 52 53 54 338 110 239 240 242 243 244 245 246 
7 3 4 267 268 13 15 16 17 18 277 279 280 281 282 39 40 686 49 51 52 53 54 338 231 232 110 241 243 244 245 246 
7 5 6 13 14 269 16 17 18 270 277 278 280 281 282 41 42 686 49 50 52 53 54 338 233 234 110 241 242 244 245 246 
7 7 8 13 14 15 271 17 18 272 277 278 279 281 282 43 44 686 49 50 51 53 54 338 235 236 110 241 242 243 245 246 
7 9 10 13 14 15 16 273 18 274 277 278 279 280 282 45 46 686 49 50 51 52 54 338 237 238 110 241 242 243 244 246 
7 11 12 13 14 15 16 17 275 276 277 278 279 280 281 686 47 48 49 50 51 52 53 338 110 239 240 241 242 243 244 245 
0 686 111 339 20 22 56 248 58 250 284 286 
1 686 111 19 339 21 247 55 57 249 283 285 
0 32 288 68 260 296 686 111 339 20 24 56 248 60 252 284 
1 32 68 260 296 686 111 19 339 55 23 247 59 251 283 287 
0 286 33 290 69 261 297 686 111 339 22 26 58 250 62 254 
1 33 289 69 261 297 686 111 339 21 25 57 249 61 253 285 
0 64 256 34 288 292 70 262 298 686 111 339 24 28 60 252 
1 255 287 34 291 70 262 298 686 111 339 23 27 59 251 63 
6 254 66 35 258 290 294 71 263 299 686 111 339 26 30 62 
1 65 257 35 289 293 71 263 299 686 111 339 25 29 61 253 
0 64 256 67 36 259 292 295 72 264 300 686 111 339 28 31 
1 31 255 67 36 259 291 295 72 264 300 686 111 339 27 63 
7 257 258 260 261 262 263 264 29 30 32 33 34 35 36 293 294 296 297 298 299 300 686 65 66 68 69 70 71 72 339 111 
7 259 261 262 263 264 21 22 285 286 31 33 34 35 36 295 297 298 299 300 686 57 58 67 69 70 71 72 339 111 249 250 
7 259 260 262 263 264 23 24 31 32 287 34 35 36 288 295 296 298 299 300 686 59 60 67 68 70 71 72 339 111 251 252 
7 259 260 261 263 264 25 26 31 32 33 289 35 36 290 295 296 297 299 300 686 61 62 67 68 69 71 72 339 111 253 254 
7 256 259 260 261 262 264 27 28 31 32 33 34 291 36 292 295 296 297 298 300 686 63 64 67 68 69 70 72 339 111 255 
6 257 258 259 260 261 262 263 29 30 31 32 33 34 35 293 294 295 296 297 298 299 686 65 66 67 68 69 70 71 339 111 
0 38 40 74 266 76 268 302 686 112 304 340 
1 37 39 73 265 75 267 301 686 303 112 340 
0 38 42 74 266 78 270 112 302 50 306 340 686 86 278 314 
1 37 41 73 265 77 269 301 112 305 50 686 340 86 278 314 
0 40 44 76 268 686 80 112 272 51 304 308 340 87 279 315 
1 39 43 75 267 686 79 112 271 303 51 307 340 87 279 315 
0 42 46 78 112 270 82 274 52 306 310 340 88 280 316 686 
1 41 45 77 269 112 81 273 305 52 309 340 686 88 280 316 
7 44 686 48 80 112 272 84 53 276 308 312 89 281 340 317 
1 43 686 79 47 112 271 83 275 53 307 311 340 89 281 317 
0 46 686 112 49 82 274 340 85 54 277 310 313 90 282 318 
1 45 686 112 49 81 273 340 85 54 277 309 313 90 282 318 
7 275 276 278 279 280 281 282 686 47 48 50 51 52 53 54 311 312 314 315 316 317 318 83 84 340 86 87 88 89 90 112 
7 267 268 277 279 280 281 282 39 40 686 303 304 49 51 52 53 54 313 315 316 317 318 75 76 340 85 87 88 89 90 112 
7 269 270 277 278 280 281 282 41 42 686 49 50 305 52 53 54 306 313 314 316 317 318 77 78 340 85 86 88 89 90 112 
7 271 272 277 278 279 281 282 43 44 686 49 50 51 307 53 54 308 313 314 315 317 318 79 80 340 85 86 87 89 90 112 
7 273 274 277 278 279 280 282 45 46 686 49 50 51 52 309 54 310 313 314 315 316 318 81 82 340 85 86 87 88 90 112 
7 275 276 277 278 279 280 281 686 47 48 49 50 51 52 53 311 312 313 314 315 316 317 83 84 85 86 87 88 89 340 112 
7 320 322 686 113 341 56 58 92 284 94 286 
1 321 686 113 341 55 57 91 283 93 285 319 
7 96 288 320 68 324 104 296 332 686 113 341 56 60 92 284 
1 287 319 323 68 104 296 332 686 113 341 55 59 91 283 95 
7 286 98 290 322 69 326 105 297 333 686 113 341 58 62 94 
1 97 289 321 69 325 105 297 333 686 113 341 57 61 93 285 
7 64 96 288 100 292 70 324 328 106 298 334 686 113 341 60 
1 63 287 99 291 323 70 327 106 298 334 686 113 341 59 95 
6 66 98 290 102 71 294 326 330 107 299 686 335 113 341 62 
1 65 97 289 101 293 71 325 329 107 299 686 335 113 341 61 
4 64 67 100 292 103 72 295 328 331 108 300 686 336 113 341 
1 67 99 291 103 72 295 327 331 108 300 686 336 113 341 63 
7 293 294 296 297 298 299 300 686 65 66 68 69 70 71 72 329 330 332 333 334 335 336 341 101 102 104 105 106 107 108 113 
7 285 286 295 297 298 299 300 686 57 58 321 322 67 69 70 71 72 331 333 334 335 336 341 93 94 103 105 106 107 108 113 
4 287 288 295 296 298 299 300 686 59 60 67 68 323 70 71 72 324 331 332 334 335 336 341 95 96 103 104 106 107 108 113 
7 289 290 295 296 297 299 300 686 61 62 67 68 69 325 71 72 326 331 332 333 335 336 341 97 98 103 104 105 107 108 113 
7 291 292 295 296 297 298 300 686 63 64 67 68 69 70 327 72 328 331 332 333 334 336 341 99 100 103 104 105 106 108 113 
6 293 294 295 296 297 298 299 686 65 66 67 68 69 70 71 329 330 331 332 333 334 335 341 101 102 103 104 105 106 107 113 
0 74 76 109 302 686 304 337 114 342 
1 73 75 109 301 303 686 337 114 342 
0 74 109 302 78 686 337 114 306 86 342 314 
1 73 301 77 109 686 305 114 337 86 342 314 
0 76 109 686 80 304 114 337 308 342 87 315 
1 75 109 686 303 79 337 114 307 342 87 315 
0 109 78 686 337 82 114 306 310 342 88 316 
1 77 109 686 81 114 305 337 309 342 88 316 
0 109 686 80 337 114 84 308 342 312 89 317 
1 109 686 79 337 114 83 307 342 311 89 317 
0 109 686 337 82 114 85 310 342 313 90 318 
1 109 686 81 114 337 85 309 342 313 90 318 
7 317 318 342 109 686 337 114 83 84 86 87 88 89 90 311 312 314 315 316 
7 75 76 109 686 303 304 337 114 85 342 87 88 89 90 313 315 316 317 318 
7 77 78 109 686 305 114 306 337 85 86 342 88 89 90 313 314 316 317 318 
7 109 686 79 80 337 114 307 308 85 86 87 342 89 90 313 314 315 317 318 
7 318 342 109 686 81 82 114 337 85 86 87 88 309 90 310 313 314 315 316 
7 317 342 109 686 337 114 83 84 85 86 87 88 89 311 312 313 314 315 316 
7 686 319 320 321 322 323 324 325 326 327 328 329 330 331 332 333 334 335 336 338 339 340 341 342 91 92 93 94 95 96 97 98 99 100 101 102 103 104 105 106 107 108 110 111 112 113 114 
7 256 257 258 259 260 261 262 263 264 19 20 21 22 23 24 25 26 27 28 29 30 31 32 33 34 35 36 686 337 339 340 341 342 109 111 112 113 114 247 248 249 250 251 252 253 254 255 
7 265 266 267 268 269 270 271 272 273 274 275 276 277 278 279 280 281 282 37 38 39 40 41 42 43 44 45 46 47 48 49 50 51 52 53 54 686 337 338 340 341 342 109 110 112 113 114 
7 283 284 285 286 287 288 289 290 291 292 293 294 295 296 297 298 299 300 686 55 56 57 58 59 60 61 62 63 64 65 66 67 68 69 70 71 72 337 338 339 341 342 109 110 111 113 114 
7 337 301 302 303 304 305 306 307 308 309 310 311 312 313 314 315 316 317 318 73 74 75 76 77 78 79 80 81 82 83 84 85 86 87 88 89 90 338 339 340 342 109 110 111 112 114 686 
7 686 319 320 321 322 323 324 325 326 327 328 329 330 331 332 333 334 335 336 337 338 339 340 341 91 92 93 94 95 96 97 98 99 100 101 102 103 104 105 106 107 108 109 110 111 112 113 
0 134 136 362 364 687 116 118 344 346 
1 133 135 361 363 687 115 117 343 345 
0 128 356 134 138 362 366 687 146 116 374 120 344 348 
1 128 356 133 137 361 365 687 146 115 374 119 343 347 
0 129 357 136 140 364 687 368 147 118 375 122 346 350 
1 129 357 135 139 363 367 687 147 117 375 121 345 349 
0 352 130 358 138 142 366 687 370 148 120 376 124 348 
1 130 358 137 141 365 687 369 148 119 376 123 347 351 
0 354 131 359 140 687 144 368 372 149 377 122 126 350 
1 353 131 359 139 143 367 687 371 149 121 377 125 349 
0 352 355 132 360 142 687 145 370 373 150 378 124 127 
1 351 355 132 360 141 687 145 369 373 150 378 123 127 
2 128 129 130 131 132 143 144 146 147 148 149 150 687 353 354 356 357 358 359 360 371 372 374 375 376 377 378 125 126 
3 129 130 131 132 135 136 145 147 148 149 150 687 345 346 355 357 358 359 360 363 364 117 118 373 375 376 377 378 127 
4 128 130 131 132 137 138 145 146 148 149 150 687 347 348 355 356 358 359 360 365 366 373 374 119 120 376 377 378 127 
5 128 129 131 132 139 140 145 146 147 149 150 687 349 350 355 356 357 359 360 367 368 373 374 375 121 122 377 378 127 
0 128 129 130 132 141 142 145 146 147 148 150 687 351 352 355 356 357 358 360 369 370 373 374 375 376 378 123 124 127 
6 128 129 130 131 143 144 145 146 147 148 149 687 353 354 355 356 357 358 359 371 372 373 374 375 376 377 125 126 127 
0 224 452 687 116 118 152 344 154 346 380 382 
1 224 452 687 115 117 343 151 153 345 379 381 
0 128 224 384 164 356 452 392 687 116 120 152 344 156 348 380 
1 128 224 164 356 452 392 687 115 151 119 343 155 347 379 383 
0 224 129 382 386 452 165 357 393 687 118 122 154 346 158 350 
1 224 129 385 452 165 357 393 687 117 121 153 345 157 349 381 
0 160 224 130 352 384 388 166 358 452 394 687 120 124 156 348 
1 224 351 130 383 387 452 166 358 394 687 119 123 155 347 159 
0 224 350 162 131 354 386 390 167 359 452 395 687 122 126 158 
1 224 161 353 131 385 389 452 167 359 395 687 121 125 157 349 
0 160 224 352 163 132 355 388 391 168 360 452 396 687 124 127 
1 127 224 351 163 132 355 387 391 168 360 452 396 687 123 159 
2 128 129 130 131 132 389 390 392 393 394 395 396 161 162 164 165 166 167 168 687 452 224 353 354 356 357 358 359 360 125 126 
5 129 130 131 132 391 393 394 395 396 153 154 163 165 166 167 168 687 452 345 346 224 355 357 358 359 360 117 118 381 382 127 
4 128 383 130 131 132 384 391 392 394 395 396 155 156 163 164 166 167 168 687 452 347 348 224 355 356 358 359 360 119 120 127 
5 128 129 385 131 132 386 391 392 393 395 396 157 158 163 164 165 167 168 687 452 349 350 224 355 356 357 359 360 121 122 127 
0 128 129 130 387 132 388 391 392 393 394 396 159 160 163 164 165 166 168 687 452 351 224 352 355 356 357 358 360 123 124 127 
6 128 129 130 131 389 390 391 392 393 394 395 161 162 163 164 165 166 167 687 452 224 353 354 355 356 357 358 359 125 126 127 
0 225 453 134 136 170 362 172 364 398 687 400 
1 225 133 453 135 169 361 171 363 397 399 687 
0 225 453 134 138 170 362 174 366 398 687 146 402 182 374 410 
1 225 133 453 137 169 361 173 365 397 687 401 146 182 374 410 
0 225 453 136 140 172 364 687 176 368 400 147 404 183 375 411 
1 225 453 135 139 171 363 175 367 399 687 147 403 183 375 411 
0 225 453 138 142 174 366 687 178 370 148 402 406 184 376 412 
1 225 453 137 141 173 365 687 177 369 401 148 405 184 376 412 
0 225 453 140 687 144 176 368 180 149 372 404 408 185 377 413 
1 225 453 139 175 143 367 687 179 371 149 403 407 185 377 413 
0 225 453 142 687 145 178 370 181 150 373 406 409 186 378 414 
1 225 453 141 687 145 177 369 181 150 373 405 409 186 378 414 
2 143 144 146 147 148 149 150 407 408 410 411 412 413 414 687 179 180 182 183 184 185 186 453 225 371 372 374 375 376 377 378 
3 135 136 399 400 145 147 148 149 150 409 411 412 413 414 171 172 687 181 183 184 185 186 453 225 363 364 373 375 376 377 378 
4 137 138 145 146 401 148 149 150 402 409 410 412 413 414 173 174 687 181 182 184 185 186 453 225 365 366 373 374 376 377 378 
5 139 140 145 146 147 403 149 150 404 409 410 411 413 414 175 176 687 181 182 183 185 186 453 225 367 368 373 374 375 377 378 
0 141 142 145 146 147 148 405 150 406 409 410 411 412 414 687 177 178 181 182 183 184 186 453 225 369 370 373 374 375 376 378 
6 143 144 145 146 147 148 149 407 408 409 410 411 412 413 687 179 180 181 182 183 184 185 453 225 371 372 373 374 375 376 377 
0 416 226 418 454 687 152 154 188 380 190 382 
1 417 226 454 687 151 153 187 379 189 381 415 
0 192 384 226 416 164 420 454 200 392 428 687 152 156 188 380 
1 383 415 226 419 164 454 200 392 428 687 151 155 187 379 191 
0 382 194 226 386 165 418 422 454 201 393 429 687 154 158 190 
1 193 226 385 417 165 421 454 201 393 429 687 153 157 189 381 
0 160 192 226 384 196 388 166 420 424 454 202 394 430 687 156 
1 159 383 226 195 387 419 166 423 454 202 394 430 687 155 191 
0 162 194 226 386 198 167 390 422 426 203 395 454 431 687 158 
1 161 193 226 385 197 389 167 421 425 454 203 395 431 687 157 
0 160 226 163 196 388 454 199 168 391 424 427 204 396 687 432 
1 226 163 195 387 454 199 168 391 423 427 204 396 687 432 159 
2 389 390 392 393 394 395 396 161 162 164 165 166 167 168 425 426 428 429 430 431 432 687 197 198 454 200 201 202 203 204 226 
3 391 393 394 395 396 153 154 417 418 163 165 166 167 168 427 429 430 431 432 687 189 190 454 199 201 202 203 204 226 381 382 
4 384 391 392 394 395 396 155 156 163 164 419 166 167 168 420 427 428 430 431 432 687 191 192 454 199 200 202 203 204 226 383 
5 385 386 391 392 393 395 396 157 158 163 164 165 421 167 168 422 427 428 429 431 432 687 193 194 454 199 200 201 203 204 226 
0 387 388 391 392 393 394 396 159 160 163 164 165 166 423 168 424 427 428 429 430 687 432 195 196 454 199 200 201 202 204 226 
5 389 390 391 392 393 394 395 161 162 163 164 165 166 167 425 426 427 428 429 430 431 687 197 198 199 200 201 202 203 454 226 
0 227 455 170 172 206 398 208 400 434 687 436 
1 227 455 169 171 205 397 207 399 433 687 435 
0 227 455 170 206 174 398 687 210 402 434 182 438 218 410 446 
1 227 455 169 173 205 397 687 209 401 433 437 182 218 410 446 
0 227 455 172 687 176 208 400 212 404 436 183 440 219 411 447 
1 227 455 171 207 175 399 687 211 403 435 183 439 219 411 447 
0 448 227 455 174 687 178 210 402 214 406 184 438 442 220 412 
1 448 227 455 173 687 177 209 401 213 405 437 184 441 220 412 
0 449 227 455 687 176 180 212 404 216 185 408 440 444 221 413 
1 449 227 455 175 687 179 211 403 215 407 185 439 443 221 413 
0 450 227 455 687 178 181 214 406 217 186 409 442 445 222 414 
1 450 227 455 687 177 181 213 405 217 186 409 441 445 222 414 
2 407 408 410 411 412 413 414 687 179 180 182 183 184 185 186 443 444 446 447 448 449 450 455 215 216 218 219 220 221 222 227 
3 399 400 409 411 412 413 414 171 172 687 435 436 181 183 184 185 186 445 447 448 449 450 455 207 208 217 219 220 221 222 227 
4 401 402 409 410 412 413 414 173 174 687 181 182 437 184 185 186 438 445 446 448 449 450 455 209 210 217 218 220 221 222 227 
5 403 404 409 410 411 413 414 175 176 687 181 182 183 439 185 186 440 445 446 447 449 450 455 211 212 217 218 219 221 222 227 
5 405 406 409 410 411 412 414 687 177 178 181 182 183 184 441 186 442 445 446 447 448 450 455 213 214 217 218 219 220 222 227 
6 407 408 409 410 411 412 413 687 179 180 181 182 183 184 185 443 444 445 446 447 448 449 455 215 216 217 218 219 220 221 227 
0 416 418 451 228 456 687 188 190 223 
1 223 417 451 228 456 687 187 189 415 
0 192 416 451 228 420 200 456 428 687 188 223 
1 415 191 419 228 451 200 456 428 687 187 223 
0 194 418 228 451 422 456 201 429 687 190 223 
1 193 417 451 228 421 456 201 429 687 189 223 
0 192 451 196 228 420 424 456 202 430 687 223 
1 191 195 228 419 451 423 456 202 430 687 223 
0 194 451 228 422 198 456 426 203 431 687 223 
1 193 451 228 197 421 456 425 203 431 687 223 
0 451 196 228 199 424 456 427 204 687 432 223 
1 195 228 451 423 199 456 427 204 687 432 223 
2 451 228 197 198 200 201 202 203 204 425 426 428 429 430 431 432 687 456 223 
3 417 418 451 228 199 456 201 202 203 204 427 429 430 431 432 687 189 190 223 
4 192 223 419 228 420 451 199 200 456 202 203 204 427 428 430 431 432 687 191 
5 193 194 451 228 421 422 199 200 201 456 203 204 427 428 429 431 432 687 223 
0 195 196 228 451 199 200 201 202 423 204 424 427 428 429 430 432 687 456 223 
6 451 228 197 198 199 200 201 202 203 425 426 427 428 429 430 431 687 456 223 
5 687 433 434 435 436 437 438 439 440 441 442 443 444 445 446 447 448 449 450 452 453 454 455 456 205 206 207 208 209 210 211 212 213 214 215 216 217 218 219 220 221 222 224 225 226 227 228 
5 133 134 135 136 137 138 139 140 141 142 143 144 145 146 147 148 149 150 687 451 453 454 455 456 223 225 226 227 228 361 362 363 364 365 366 367 368 369 370 371 372 373 374 375 376 377 378 
5 384 385 386 387 388 389 390 391 392 393 394 395 396 151 152 153 154 155 156 157 158 159 160 161 162 163 164 165 166 167 168 687 451 452 454 455 456 223 224 226 227 228 379 380 381 382 383 
6 687 397 398 399 400 401 402 403 404 405 406 407 408 409 410 411 412 413 414 169 170 171 172 173 174 175 176 177 178 179 180 181 182 183 184 185 186 451 452 453 455 456 223 224 225 227 228 
5 415 416 417 418 419 420 421 422 423 424 425 426 427 428 429 430 431 432 687 187 188 189 190 191 192 193 194 195 196 197 198 199 200 201 202 203 204 452 453 454 456 451 223 224 225 226 228 
5 687 433 434 435 436 437 438 439 440 441 442 443 444 445 446 447 448 449 450 451 452 453 454 455 205 206 207 208 209 210 211 212 213 214 215 216 217 218 219 220 221 222 223 224 225 226 227 
0 230 232 458 460 688 248 250 476 478 
1 229 231 457 459 688 247 249 475 477 
0 480 260 230 488 234 458 462 688 242 470 248 252 476 
1 260 229 488 233 457 461 688 242 470 247 251 475 479 
0 482 261 232 489 236 460 464 688 243 471 250 254 478 
1 481 261 231 489 235 459 463 688 243 471 249 253 477 
0 256 480 484 262 234 490 238 462 688 466 244 472 252 
1 479 483 262 233 490 237 461 688 465 244 472 251 255 
2 258 482 486 263 491 236 240 464 688 468 245 473 254 
1 257 481 485 263 235 491 239 463 688 467 245 473 253 
0 256 259 484 487 264 492 238 688 241 466 469 246 474 
1 259 483 487 264 492 237 688 241 465 469 246 474 255 
2 257 258 260 261 262 263 264 688 467 468 470 471 472 473 474 485 486 488 489 490 491 492 239 240 242 243 244 245 246 
3 259 261 262 263 264 688 459 460 469 471 472 473 474 477 478 231 232 487 489 490 491 492 241 243 244 245 246 249 250 
4 259 260 262 263 264 688 461 462 469 470 472 473 474 479 480 487 488 233 234 490 491 492 241 242 244 245 246 251 252 
7 259 260 261 263 264 688 463 464 469 470 471 473 474 481 482 487 488 489 235 236 491 492 241 242 243 245 246 253 254 
7 256 259 260 261 262 264 688 465 466 469 470 471 472 474 483 484 487 488 489 490 492 237 238 241 242 243 244 246 255 
7 257 258 259 260 261 262 263 688 467 468 469 470 471 472 473 485 486 487 488 489 490 491 239 240 241 242 243 244 245 
0 230 232 266 458 268 460 494 496 688 338 566 
1 229 231 265 457 267 459 493 495 688 338 566 
0 230 234 266 458 270 462 494 688 242 338 498 278 470 566 506 
7 229 233 265 457 269 461 493 688 497 242 338 278 470 566 506 
0 232 236 268 460 272 464 338 243 496 500 566 279 471 688 507 
1 231 235 267 459 271 463 495 338 243 499 688 566 279 471 507 
0 234 238 270 462 688 274 338 244 466 498 502 280 472 566 508 
1 233 237 269 461 688 273 338 465 244 497 501 566 280 472 508 
3 688 236 240 272 338 464 276 245 468 500 504 281 473 566 509 
1 688 235 271 239 463 338 275 467 245 499 503 566 281 473 509 
0 238 688 241 274 338 466 277 246 469 502 505 282 474 566 510 
1 237 688 241 273 338 465 277 246 469 501 505 282 474 566 510 
2 275 276 278 279 280 281 282 688 566 338 467 468 470 471 472 473 474 239 240 242 243 244 245 246 503 504 506 507 508 509 510 
3 267 268 277 279 280 281 282 688 566 459 460 338 469 471 472 473 474 231 232 495 496 241 243 244 245 246 505 507 508 509 510 
4 269 270 277 278 280 281 282 688 566 461 462 338 469 470 472 473 474 233 234 241 242 497 244 245 246 498 505 506 508 509 510 
7 271 272 277 278 279 281 282 688 566 463 464 338 469 470 471 473 474 235 236 241 242 243 499 245 246 500 505 506 507 509 510 
7 273 274 277 278 279 280 282 688 566 465 338 466 469 470 471 472 474 237 238 241 242 243 244 501 246 502 505 506 507 508 510 
7 275 276 277 278 279 280 281 688 566 338 467 468 469 470 471 472 473 239 240 241 242 243 244 245 503 504 505 506 507 508 509 
0 512 514 688 339 567 248 250 284 476 286 478 
1 513 688 339 247 567 249 283 475 285 477 511 
0 288 480 512 260 516 296 488 524 688 339 567 248 252 284 476 
1 479 511 515 260 296 488 524 688 339 247 567 251 283 475 287 
0 478 290 482 514 261 518 297 489 525 688 339 567 250 254 286 
1 289 481 513 261 517 297 489 525 688 339 567 249 253 285 477 
0 256 288 480 292 484 262 516 520 298 490 526 688 339 567 252 
1 255 479 291 483 515 262 519 298 490 526 688 339 567 251 287 
7 258 290 482 294 263 486 518 522 299 491 527 688 339 567 254 
1 257 289 481 293 485 263 517 521 299 491 527 688 339 567 253 
0 256 259 292 484 295 264 487 520 523 300 492 528 688 339 567 
1 259 291 483 295 264 487 519 523 300 492 528 688 339 567 255 
2 257 258 260 261 262 263 264 521 522 524 525 526 527 528 293 294 296 297 298 299 300 688 567 339 485 486 488 489 490 491 492 
3 513 514 259 261 262 263 264 523 525 526 527 528 285 286 295 297 298 299 300 688 567 339 477 478 487 489 490 491 492 249 250 
4 259 260 515 262 263 264 516 523 524 526 527 528 287 288 295 296 298 299 300 688 567 339 479 480 487 488 490 491 492 251 252 
7 259 260 261 517 263 264 518 523 524 525 527 528 289 290 295 296 297 299 300 688 567 339 481 482 487 488 489 491 492 253 254 
7 256 259 260 261 262 519 264 520 523 524 525 526 528 291 292 295 296 297 298 300 688 567 339 483 484 487 488 489 490 492 255 
7 257 258 259 260 261 262 263 521 522 523 524 525 526 527 293 294 295 296 297 298 299 688 567 339 485 486 487 488 489 490 491 
0 266 268 302 494 304 496 530 688 340 532 568 
1 265 267 301 493 303 495 529 688 531 340 568 
0 266 302 270 494 688 306 498 340 530 278 534 568 314 506 542 
7 265 269 301 493 688 305 497 529 340 533 278 568 314 506 542 
0 268 272 304 496 688 308 340 500 279 532 536 568 315 507 543 
1 267 303 271 495 688 307 340 499 531 279 535 568 315 507 543 
0 544 270 688 274 306 340 498 310 502 280 534 538 568 316 508 
1 544 269 688 273 305 497 340 309 501 533 280 537 568 316 508 
3 545 272 688 276 308 340 500 312 281 504 536 540 317 509 568 
1 545 271 688 275 307 340 499 311 503 281 535 539 568 317 509 
0 546 688 274 340 277 310 502 568 313 282 505 538 541 318 510 
1 546 688 273 340 277 309 501 568 313 282 505 537 541 318 510 
2 275 276 278 279 280 281 282 539 540 542 543 544 545 546 688 311 312 568 314 315 316 317 318 340 503 504 506 507 508 509 510 
3 267 268 531 532 277 279 280 281 282 541 543 544 545 546 303 304 688 568 313 315 316 317 318 340 495 496 505 507 508 509 510 
4 269 270 277 278 533 280 281 282 534 541 542 544 545 546 688 305 306 568 313 314 316 317 318 340 497 498 505 506 508 509 510 
7 271 272 277 278 279 535 281 282 536 541 542 543 545 546 688 307 308 568 313 314 315 317 318 340 499 500 505 506 507 509 510 
7 273 274 277 278 279 280 537 282 538 541 542 543 544 546 688 309 310 568 313 314 315 316 318 340 501 502 505 506 507 508 510 
7 275 276 277 278 279 280 281 539 540 541 542 543 544 545 688 311 312 313 314 315 316 317 568 340 503 504 505 506 507 508 509 
0 320 512 322 514 548 550 688 341 569 284 286 
1 319 321 513 547 549 688 341 569 283 285 511 
0 288 320 512 324 516 548 296 552 332 524 560 688 341 569 284 
1 287 511 323 515 547 551 296 332 524 560 688 341 569 283 319 
0 290 322 514 326 518 550 297 554 333 525 688 561 341 569 286 
1 289 321 513 325 517 549 297 553 333 525 688 561 341 569 285 
0 288 292 324 516 328 520 298 552 556 334 526 688 562 341 569 
1 291 323 515 327 519 551 298 555 334 526 688 562 341 569 287 
3 290 294 326 518 330 299 522 554 558 335 527 688 563 341 569 
1 289 293 325 517 329 521 299 553 557 335 527 688 563 341 569 
0 292 295 328 520 331 300 523 556 559 336 528 688 564 341 569 
1 291 327 295 519 331 300 523 555 559 336 528 688 564 341 569 
2 521 522 524 525 526 527 528 293 294 296 297 298 299 300 557 558 560 561 562 563 564 688 569 329 330 332 333 334 335 336 341 
3 513 514 523 525 526 527 528 285 286 549 550 295 297 298 299 300 559 688 561 562 563 564 569 321 322 331 333 334 335 336 341 
4 515 516 523 524 526 527 528 287 288 295 296 551 298 299 300 552 559 560 688 562 563 564 569 323 324 331 332 334 335 336 341 
7 517 518 523 524 525 527 528 289 290 295 296 297 553 299 300 554 559 560 561 688 563 564 569 325 326 331 332 333 335 336 341 
7 519 520 523 524 525 526 528 291 292 295 296 297 298 555 300 556 559 560 561 562 688 564 569 327 328 331 332 333 334 336 341 
7 521 522 523 524 525 526 527 293 294 295 296 297 298 299 557 558 559 560 561 562 563 688 569 329 330 331 332 333 334 335 341 
0 302 304 337 530 688 532 565 342 570 
1 301 303 688 337 529 531 565 342 570 
0 302 688 337 306 530 565 342 534 314 570 542 
7 301 688 305 337 529 533 342 565 314 570 542 
0 304 337 688 308 532 342 565 536 570 315 543 
1 303 688 337 307 531 565 342 535 570 315 543 
0 544 688 337 306 565 534 310 342 538 570 316 
1 544 688 305 337 309 342 533 565 537 570 316 
0 545 688 337 308 565 342 312 536 570 540 317 
1 545 688 337 307 565 342 535 311 570 539 317 
0 546 688 337 565 342 310 313 538 570 541 318 
1 546 688 337 309 342 565 313 537 570 541 318 
2 540 542 543 544 545 546 688 337 570 565 342 311 312 314 315 316 317 318 539 
3 543 544 545 546 303 304 337 688 531 532 565 342 313 570 315 316 317 318 541 
4 542 544 545 546 688 305 306 337 533 342 534 565 313 314 570 316 317 318 541 
7 542 543 545 546 688 337 307 308 565 342 535 536 313 314 315 570 317 318 541 
7 541 542 543 544 546 688 337 570 309 310 342 565 313 314 315 316 537 318 538 
7 541 542 543 544 545 688 337 570 565 342 311 312 313 314 315 316 317 539 540 
7 547 548 549 550 551 552 553 554 555 556 557 558 559 560 561 562 563 564 688 566 567 568 569 570 319 320 321 322 323 324 325 326 327 328 329 330 331 332 333 334 335 336 338 339 340 341 342 
7 256 257 258 259 260 261 262 263 264 688 565 567 568 569 570 337 339 340 341 342 475 476 477 478 479 480 481 482 483 484 485 486 487 488 489 490 491 492 247 248 249 250 251 252 253 254 255 
7 265 266 267 268 269 270 271 272 273 274 275 276 277 278 279 280 281 282 688 565 566 568 569 570 337 338 340 341 342 493 494 495 496 497 498 499 500 501 502 503 504 505 506 507 508 509 510 
7 512 513 514 515 516 517 518 519 520 521 522 523 524 525 526 527 528 283 284 285 286 287 288 289 290 291 292 293 294 295 296 297 298 299 300 688 565 566 567 569 570 337 338 339 341 342 511 
7 688 529 530 531 532 533 534 535 536 537 538 539 540 541 542 543 544 545 546 565 301 302 303 304 305 306 307 308 309 310 311 312 313 314 315 316 317 318 566 567 568 570 337 338 339 340 342 
7 688 547 548 549 550 551 552 553 554 555 556 557 558 559 560 561 562 563 564 565 566 567 568 569 319 320 321 322 323 324 325 326 327 328 329 330 331 332 333 334 335 336 337 338 339 340 341 
0 362 364 590 592 689 344 346 572 574 
1 361 363 589 591 689 343 345 571 573 
0 576 356 584 362 366 590 689 594 374 344 602 348 572 
1 356 584 361 365 589 593 689 374 343 602 347 571 575 
0 578 357 585 364 368 592 689 596 375 346 603 350 574 
1 577 357 585 363 367 591 689 595 375 345 603 349 573 
0 352 576 580 358 586 366 689 370 594 598 376 348 604 
1 575 579 358 586 365 369 593 689 597 376 347 604 351 
0 354 578 582 359 587 368 689 372 596 600 377 605 350 
1 353 577 581 359 587 367 689 371 595 599 377 349 605 
0 352 355 580 583 360 588 689 370 373 598 601 378 606 
1 355 579 583 360 588 369 689 373 597 601 378 606 351 
2 689 581 582 584 585 586 587 588 599 600 602 603 604 605 606 353 354 356 357 358 359 360 371 372 374 375 376 377 378 
5 689 573 574 583 585 586 587 588 591 592 345 346 601 603 604 605 606 355 357 358 359 360 363 364 373 375 376 377 378 
4 689 575 576 583 584 586 587 588 593 594 601 602 347 348 604 605 606 355 356 358 359 360 365 366 373 374 376 377 378 
5 689 577 578 583 584 585 587 588 595 596 601 602 603 349 350 605 606 355 356 357 359 360 367 368 373 374 375 377 378 
0 689 579 580 583 584 585 586 588 597 598 601 602 603 604 606 351 352 355 356 357 358 360 369 370 373 374 375 376 378 
6 689 581 582 583 584 585 586 587 599 600 601 602 603 604 605 353 354 355 356 357 358 359 371 372 373 374 375 376 377 
0 608 610 452 680 689 344 346 380 572 382 574 
1 609 452 680 689 343 345 379 571 381 573 607 
0 384 576 608 356 452 612 392 584 680 620 689 344 348 380 572 
1 575 607 611 356 452 392 584 680 620 689 343 347 379 571 383 
0 574 386 578 452 357 610 614 680 393 585 621 689 346 350 382 
1 385 577 609 452 357 613 680 393 585 621 689 345 349 381 573 
0 352 384 576 388 452 358 580 612 616 394 586 680 622 689 348 
1 351 575 387 452 579 358 611 615 680 394 586 622 689 347 383 
0 354 386 452 578 390 359 582 614 618 395 587 680 623 689 350 
1 353 385 577 452 389 581 359 613 617 680 395 587 623 689 349 
0 352 355 388 452 580 391 360 583 616 619 396 588 680 624 689 
1 355 387 452 579 391 360 583 615 619 396 588 680 624 689 351 
2 389 390 392 393 394 395 396 680 689 452 581 582 584 585 586 587 588 353 354 356 357 358 359 360 617 618 620 621 622 623 624 
5 391 393 394 395 396 680 689 573 574 452 583 585 586 587 588 345 346 609 610 355 357 358 359 360 619 621 622 623 624 381 382 
4 384 391 392 394 395 396 680 689 575 576 452 583 584 586 587 588 347 348 355 356 611 358 359 360 612 619 620 622 623 624 383 
5 385 386 391 392 393 395 396 680 689 577 578 452 583 584 585 587 588 349 350 355 356 357 613 359 360 614 619 620 621 623 624 
0 387 388 391 392 393 394 396 680 689 579 580 452 583 584 585 586 588 351 352 355 356 357 358 615 360 616 619 620 621 622 624 
6 389 390 391 392 393 394 395 680 689 452 581 582 583 584 585 586 587 353 354 355 356 357 358 359 617 618 619 620 621 622 623 
0 453 681 362 364 398 590 400 592 626 689 628 
1 453 361 681 363 589 397 399 591 625 689 627 
0 453 681 362 398 366 590 689 402 594 626 374 630 410 602 638 
1 453 361 681 365 397 589 401 593 625 689 629 374 410 602 638 
0 453 681 364 368 400 592 689 404 596 628 375 632 411 603 639 
1 453 681 363 399 367 591 689 403 595 627 375 631 411 603 639 
0 640 453 681 366 689 370 402 594 406 598 376 630 634 412 604 
1 640 453 681 365 369 401 593 689 405 597 629 376 633 412 604 
0 641 453 681 368 689 372 404 596 408 377 600 632 636 413 605 
1 641 453 681 367 689 371 403 595 407 599 377 631 635 413 605 
0 642 453 681 689 370 373 406 598 409 378 601 634 637 414 606 
1 642 453 681 369 689 373 405 597 409 378 601 633 637 414 606 
2 640 641 642 407 408 410 411 412 413 414 681 689 453 599 600 602 603 604 605 606 371 372 374 375 376 377 378 635 636 638 639 
1 640 641 642 399 400 409 411 412 413 414 681 689 453 591 592 601 603 604 605 606 363 364 627 628 373 375 376 377 378 637 639 
4 640 641 642 401 402 409 410 412 413 414 681 689 453 593 594 601 602 604 605 606 365 366 373 374 629 376 377 378 630 637 638 
5 641 642 403 404 409 410 411 413 414 681 689 453 595 596 601 602 603 605 606 367 368 373 374 375 631 377 378 632 637 638 639 
5 640 642 405 406 409 410 411 412 414 681 689 453 597 598 601 602 603 604 606 369 370 373 374 375 376 633 378 634 637 638 639 
6 640 641 407 408 409 410 411 412 413 681 689 453 599 600 601 602 603 604 605 371 372 373 374 375 376 377 635 636 637 638 639 
0 416 608 418 610 644 454 646 682 689 380 382 
1 415 417 609 643 645 454 682 689 379 381 607 
0 384 416 608 420 612 454 644 392 648 682 428 620 656 689 380 
1 383 607 419 611 643 454 647 392 682 428 620 656 689 379 415 
0 386 418 610 422 454 614 393 646 650 682 429 621 657 689 382 
1 385 417 609 421 454 613 645 393 649 682 429 621 657 689 381 
0 384 388 420 454 612 424 616 394 648 652 682 430 622 689 658 
1 387 419 611 454 423 615 647 394 651 682 430 622 689 658 383 
0 386 390 422 454 614 426 395 618 650 654 431 623 682 689 659 
1 385 389 421 454 613 425 617 395 649 653 682 431 623 689 659 
0 388 454 391 424 616 682 427 396 619 652 655 432 624 689 660 
1 387 454 423 391 615 682 427 396 619 651 655 432 624 689 660 
2 389 390 392 393 394 395 396 653 654 656 657 658 659 660 425 426 682 428 429 430 431 432 689 454 617 618 620 621 622 623 624 
5 645 646 391 393 394 395 396 655 657 658 659 660 417 418 682 427 429 430 431 432 689 454 609 610 619 621 622 623 624 381 382 
4 384 391 392 647 394 395 396 648 655 656 658 659 660 419 420 682 427 428 430 431 432 689 454 611 612 619 620 622 623 624 383 
5 385 386 391 392 393 649 395 396 650 655 656 657 659 660 421 422 682 427 428 429 431 432 689 454 613 614 619 620 621 623 624 
0 387 388 391 392 393 394 651 396 652 655 656 657 658 660 423 424 682 427 428 429 430 432 689 454 615 616 619 620 621 622 624 
6 389 390 391 392 393 394 395 653 654 655 656 657 658 659 425 426 427 428 429 430 431 682 689 454 617 618 619 620 621 622 623 
0 455 683 398 400 689 434 626 436 628 662 664 
1 455 683 397 399 433 625 435 627 661 689 663 
0 674 455 683 398 689 402 434 626 438 630 662 410 666 446 638 
1 674 455 683 397 401 433 625 689 437 629 661 665 410 446 638 
0 639 675 455 683 400 689 404 436 628 440 632 664 411 668 447 
1 639 675 455 683 399 689 403 435 627 439 631 663 411 667 447 
0 448 640 676 455 683 689 402 406 438 630 442 634 412 666 670 
1 448 640 676 455 683 401 689 405 437 629 441 633 665 412 669 
0 672 449 641 677 455 683 689 404 408 440 632 444 413 636 668 
1 449 641 677 455 683 689 403 439 407 631 443 635 413 667 671 
0 670 673 450 642 678 455 683 689 406 409 442 634 445 414 637 
1 669 673 450 642 678 455 683 689 405 409 441 633 445 414 637 
2 640 641 642 407 408 410 411 412 413 414 671 672 674 675 676 677 678 683 689 443 444 446 447 448 449 450 455 635 636 638 639 
1 640 641 642 399 400 663 664 409 411 412 413 414 673 675 676 677 678 683 689 435 436 445 447 448 449 450 455 627 628 637 639 
4 640 641 642 401 402 409 410 665 412 413 414 666 673 674 676 677 678 683 689 437 438 445 446 448 449 450 455 629 630 637 638 
5 641 642 403 404 409 410 411 667 413 414 668 673 674 675 677 678 683 689 439 440 445 446 447 449 450 455 631 632 637 638 639 
5 640 642 405 406 409 410 411 412 669 414 670 673 674 675 676 678 683 689 441 442 445 446 447 448 450 455 633 634 637 638 639 
6 640 641 407 408 409 410 411 412 413 671 672 673 674 675 676 677 683 689 443 444 445 446 447 448 449 455 635 636 637 638 639 
0 416 418 451 644 646 679 456 684 689 
1 417 451 643 645 679 456 684 689 415 
0 416 451 420 644 679 456 648 428 684 656 689 
1 419 451 643 647 456 679 428 684 656 689 415 
0 418 451 422 646 456 679 650 684 429 657 689 
1 417 451 421 645 679 456 649 684 429 657 689 
0 451 420 679 424 456 648 652 684 430 689 658 
1 419 451 647 456 423 679 651 684 430 689 658 
0 451 422 679 456 426 650 684 654 431 689 659 
1 451 421 679 456 425 649 684 653 431 689 659 
0 451 679 424 456 427 652 684 655 432 689 660 
1 451 423 456 679 427 651 684 655 432 689 660 
2 451 679 456 425 426 428 429 430 431 432 653 654 656 657 658 659 660 684 689 
5 417 418 451 645 646 679 456 427 684 429 430 431 432 655 657 658 659 660 689 
4 419 420 451 647 456 648 679 427 428 684 430 431 432 655 656 658 659 660 689 
5 451 421 422 679 456 649 650 427 428 429 684 431 432 655 656 657 659 660 689 
0 451 423 424 456 679 427 428 429 430 651 432 652 655 656 657 658 660 684 689 
6 451 679 456 425 426 427 428 429 430 431 653 654 655 656 657 658 659 684 689 
5 689 661 662 663 664 665 666 667 668 669 670 671 672 673 674 675 676 677 678 680 681 682 683 684 433 434 435 436 437 438 439 440 441 442 443 444 445 446 447 448 449 450 452 453 454 455 456 
5 679 681 682 683 684 689 451 453 454 455 456 589 590 591 592 593 594 595 596 597 598 599 600 601 602 603 604 605 606 361 362 363 364 365 366 367 368 369 370 371 372 373 374 375 376 377 378 
5 384 385 386 387 388 389 390 391 392 393 394 395 396 679 680 682 683 684 689 451 452 454 455 456 607 608 609 610 611 612 613 614 615 616 617 618 619 620 621 622 623 624 379 380 381 382 383 
5 640 641 642 397 398 399 400 401 402 403 404 405 406 407 408 409 410 411 412 413 414 679 680 681 683 684 689 451 452 453 455 456 625 626 627 628 629 630 631 632 633 634 635 636 637 638 639 
5 643 644 645 646 647 648 649 650 651 652 653 654 655 656 657 658 659 660 415 416 417 418 419 420 421 422 423 424 425 426 427 428 429 430 431 432 680 681 682 684 689 451 452 453 454 456 679 
5 689 661 662 663 664 665 666 667 668 669 670 671 672 673 674 675 676 677 678 679 680 681 682 683 433 434 435 436 437 438 439 440 441 442 443 444 445 446 447 448 449 450 451 452 453 454 455 
0 458 460 685 690 476 478 
1 457 459 685 690 475 477 
0 480 488 458 685 462 690 470 476 
1 488 457 461 685 690 470 475 479 
0 482 489 460 685 464 690 471 478 
1 481 489 459 685 463 690 471 477 
0 480 484 490 685 462 466 690 472 
1 483 490 461 685 465 690 472 479 
2 482 486 491 685 464 690 468 473 
1 481 485 491 685 463 690 467 473 
0 484 487 492 685 466 690 469 474 
1 483 487 492 685 465 690 469 474 
2 485 486 488 489 490 491 492 685 690 467 468 470 471 472 473 474 
3 487 489 490 459 460 491 492 685 690 469 471 472 473 474 477 478 
3 480 487 488 490 491 492 461 462 685 690 469 470 472 473 474 479 
7 481 482 487 488 489 491 492 685 463 464 690 469 470 471 473 474 
7 483 484 487 488 489 490 492 685 465 466 690 469 470 471 472 474 
6 485 486 487 488 489 490 491 685 690 467 468 469 470 471 472 473 
0 458 460 685 494 496 690 566 
1 457 459 685 493 495 690 566 
0 458 685 494 462 498 690 470 566 506 
7 457 461 493 685 497 690 470 566 506 
0 460 685 464 496 690 500 566 471 507 
1 459 685 495 463 690 499 566 471 507 
0 685 462 466 498 690 502 566 472 508 
1 461 685 465 497 690 501 566 472 508 
3 685 464 690 468 500 566 504 473 509 
1 685 463 690 467 499 566 503 473 509 
0 685 466 690 469 502 566 505 474 510 
1 685 465 690 469 501 566 505 474 510 
2 509 510 566 685 690 467 468 470 471 472 473 474 503 504 506 507 508 
3 459 460 685 495 496 690 469 566 471 472 473 474 505 507 508 509 510 
3 461 462 685 497 498 690 469 470 566 472 473 474 505 506 508 509 510 
7 685 463 464 690 499 500 469 470 471 566 473 474 505 506 507 509 510 
7 510 566 685 465 466 690 469 470 471 472 501 474 502 505 506 507 508 
6 509 566 685 690 467 468 469 470 471 472 473 503 504 505 506 507 508 
0 512 514 685 690 567 476 478 
1 513 685 690 567 475 477 511 
0 480 512 516 488 524 685 690 567 476 
1 479 515 488 524 685 690 567 475 511 
0 482 514 518 489 525 685 690 567 478 
1 481 513 517 489 525 685 690 567 477 
0 480 484 516 520 490 685 526 690 567 
1 483 515 519 490 685 526 690 567 479 
2 482 486 518 522 491 685 527 690 567 
1 481 485 517 521 491 685 527 690 567 
0 484 487 520 523 492 685 528 690 567 
1 483 519 487 523 492 685 528 690 567 
2 485 486 488 489 490 491 492 521 522 524 525 526 527 528 685 690 567 
3 513 514 487 489 490 491 492 523 525 526 527 528 685 690 567 477 478 
3 480 515 516 487 488 490 491 492 523 524 526 527 528 685 690 567 479 
7 481 482 517 518 487 488 489 491 492 523 524 525 527 528 685 690 567 
7 483 484 487 488 489 490 519 492 520 523 524 525 526 528 685 690 567 
6 485 486 487 488 489 490 491 521 522 523 524 525 526 527 685 690 567 
0 685 494 496 530 690 532 568 
1 493 685 495 529 690 531 568 
0 685 494 498 530 690 534 568 506 542 
3 493 685 497 529 690 533 568 506 542 
0 685 496 690 500 532 536 568 507 543 
1 685 495 690 499 531 535 568 507 543 
0 544 685 498 690 502 534 568 538 508 
1 544 685 497 690 501 533 568 537 508 
0 545 685 690 500 504 536 568 540 509 
1 545 685 690 499 535 503 568 539 509 
0 546 685 690 502 568 505 538 541 510 
1 546 685 690 501 568 505 537 541 510 
2 540 542 543 544 545 546 685 690 503 504 568 506 507 508 509 510 539 
3 543 544 545 546 685 495 496 690 531 532 568 505 507 508 509 510 541 
7 542 544 545 546 685 497 498 690 533 534 568 505 506 508 509 510 541 
7 542 543 545 546 685 690 499 500 535 536 505 506 507 568 509 510 541 
3 541 542 543 544 546 685 690 501 502 568 505 506 507 508 537 510 538 
6 541 542 543 544 545 568 685 690 503 504 505 506 507 508 509 539 540 
0 512 514 548 550 685 690 569 
1 513 547 549 685 690 569 511 
0 512 516 548 552 524 685 560 690 569 
1 515 547 551 524 685 560 690 569 511 
0 514 518 550 554 525 685 561 690 569 
1 513 517 549 553 525 685 561 690 569 
0 516 520 552 556 685 526 562 690 569 
1 515 551 519 555 685 526 562 690 569 
3 518 522 554 685 558 527 690 563 569 
1 517 521 553 557 685 527 690 563 569 
0 520 523 556 685 559 528 690 564 569 
1 519 523 555 685 559 528 690 564 569 
2 521 522 524 525 526 527 528 557 558 560 561 562 563 564 685 569 690 
3 513 514 549 550 523 525 526 527 528 559 561 562 563 564 685 690 569 
7 515 516 551 552 523 524 685 526 527 528 559 560 562 563 564 690 569 
7 517 518 553 554 523 524 525 685 527 528 559 560 561 563 564 690 569 
7 519 520 523 524 525 526 555 528 556 559 560 561 562 564 685 690 569 
6 521 522 523 524 525 526 527 557 558 559 560 561 562 563 685 690 569 
0 685 530 690 532 565 570 
1 685 529 690 531 565 570 
0 685 530 690 565 534 570 542 
2 685 529 690 533 565 570 542 
0 685 690 532 565 536 570 543 
1 685 690 531 565 535 570 543 
0 544 685 690 565 534 538 570 
1 544 685 690 533 565 537 570 
0 545 685 690 565 536 570 540 
1 545 685 690 565 535 570 539 
0 546 685 690 565 538 570 541 
1 546 685 690 565 537 570 541 
2 544 545 546 685 690 565 570 539 540 542 543 
3 544 545 546 685 690 531 532 565 570 541 543 
7 544 545 546 685 690 533 534 565 570 541 542 
3 545 546 685 690 565 535 536 570 541 542 543 
7 544 546 685 690 565 537 538 570 541 542 543 
6 544 545 685 690 565 570 539 540 541 542 543 
7 547 548 549 550 551 552 553 554 555 556 557 558 559 560 561 562 563 564 685 566 567 568 569 570 690 
7 685 690 565 567 568 569 570 475 476 477 478 479 480 481 482 483 484 485 486 487 488 489 490 491 492 
7 685 690 565 566 568 569 570 493 494 495 496 497 498 499 500 501 502 503 504 505 506 507 508 509 510 
7 512 513 514 515 516 517 518 519 520 521 522 523 524 525 526 527 528 685 690 565 566 567 569 570 511 
7 529 530 531 532 533 534 535 536 537 538 539 540 541 542 543 544 545 546 685 690 565 566 567 568 570 
7 547 548 549 550 551 552 553 554 555 556 557 558 559 560 561 562 563 564 565 566 567 568 569 690 685 
4 571 572 573 574 575 576 577 578 579 580 581 582 583 584 585 586 587 588 589 590 591 592 593 594 595 596 597 598 599 600 601 602 603 604 605 606 607 608 609 610 611 612 613 614 615 616 617 618 619 620 621 622 623 624 625 626 627 628 629 630 631 632 633 634 635 636 637 638 639 640 641 642 643 644 645 646 647 648 649 650 651 652 653 654 655 656 657 658 659 660 661 662 663 664 665 666 667 668 669 670 671 672 673 674 675 676 677 678 679 680 681 682 683 684 686 687 688 689 690 
2 115 116 117 118 119 120 121 122 123 124 125 126 127 128 129 130 131 132 133 134 135 136 137 138 139 140 141 142 143 144 145 146 147 148 149 150 151 152 153 154 155 156 157 158 159 160 161 162 163 164 165 166 167 168 169 170 171 172 173 174 175 176 177 178 179 180 181 182 183 184 185 186 187 188 189 190 191 192 193 194 195 196 197 198 199 200 201 202 203 204 205 206 207 208 209 210 211 212 213 214 215 216 217 218 219 220 221 222 223 224 225 226 227 228 685 687 688 689 690 
7 685 686 688 689 690 229 230 231 232 233 234 235 236 237 238 239 240 241 242 243 244 245 246 247 248 249 250 251 252 253 254 255 256 257 258 259 260 261 262 263 264 265 266 267 268 269 270 271 272 273 274 275 276 277 278 279 280 281 282 283 284 285 286 287 288 289 290 291 292 293 294 295 296 297 298 299 300 301 302 303 304 305 306 307 308 309 310 311 312 313 314 315 316 317 318 319 320 321 322 323 324 325 326 327 328 329 330 331 332 333 334 335 336 337 338 339 340 341 342 
6 685 686 687 689 690 343 344 345 346 347 348 349 350 351 352 353 354 355 356 357 358 359 360 361 362 363 364 365 366 367 368 369 370 371 372 373 374 375 376 377 378 379 380 381 382 383 384 385 386 387 388 389 390 391 392 393 394 395 396 397 398 399 400 401 402 403 404 405 406 407 408 409 410 411 412 413 414 415 416 417 418 419 420 421 422 423 424 425 426 427 428 429 430 431 432 433 434 435 436 437 438 439 440 441 442 443 444 445 446 447 448 449 450 451 452 453 454 455 456 
3 512 513 514 515 516 517 518 519 520 521 522 523 524 525 526 527 528 529 530 531 532 533 534 535 536 537 538 539 540 541 542 543 544 545 546 547 548 549 550 551 552 553 554 555 556 557 558 559 560 561 562 563 564 565 566 567 568 569 570 685 686 687 688 690 457 458 459 460 461 462 463 464 465 466 467 468 469 470 471 472 473 474 475 476 477 478 479 480 481 482 483 484 485 486 487 488 489 490 491 492 493 494 495 496 497 498 499 500 501 502 503 504 505 506 507 508 509 510 511 
5 571 572 573 574 575 576 577 578 579 580 581 582 583 584 585 586 587 588 589 590 591 592 593 594 595 596 597 598 599 600 601 602 603 604 605 606 607 608 609 610 611 612 613 614 615 616 617 618 619 620 621 622 623 624 625 626 627 628 629 630 631 632 633 634 635 636 637 638 639 640 641 642 643 644 645 646 647 648 649 650 651 652 653 654 655 656 657 658 659 660 661 662 663 664 665 666 667 668 669 670 671 672 673 674 675 676 677 678 679 680 681 682 683 684 685 686 687 688 689 
