114 1082
0 2 4 20 22 
1 1 3 19 21 
0 32 2 6 14 20 24 
1 32 1 5 14 19 23 
0 33 4 8 15 22 26 
1 33 3 7 15 21 25 
0 34 6 10 16 24 28 
1 34 5 9 16 23 27 
5 35 8 12 17 26 30 
1 35 7 11 17 25 29 
0 36 10 13 18 28 31 
6 36 9 13 18 27 31 
2 32 33 34 35 36 11 12 14 15 16 17 18 29 30 
3 33 34 3 4 35 36 13 15 16 17 18 21 22 31 
4 32 34 35 36 5 6 13 14 16 17 18 23 24 31 
5 32 33 35 36 7 8 13 14 15 17 18 25 26 31 
6 32 33 34 36 9 10 13 14 15 16 18 27 28 31 
1 32 33 34 35 11 12 13 14 15 16 17 29 30 31 
0 40 2 4 38 110 
1 1 3 37 110 39 
0 2 38 6 42 14 110 50 
1 1 5 37 41 14 110 50 
0 4 8 40 44 110 15 51 
1 3 39 7 43 110 15 51 
0 6 10 42 46 110 16 52 
1 5 9 41 45 110 16 52 
0 8 12 44 110 48 17 53 
1 7 11 43 110 47 17 53 
0 10 13 46 110 49 18 54 
0 9 13 45 110 49 18 54 
2 110 11 12 14 15 16 17 18 47 48 50 51 52 53 54 
3 3 4 39 40 13 110 15 16 17 18 49 51 52 53 54 
4 5 6 41 42 13 14 110 16 17 18 49 50 52 53 54 
5 7 8 43 44 13 14 15 110 17 18 49 50 51 53 54 
0 9 10 110 13 14 15 16 45 18 46 49 50 51 52 54 
1 110 11 12 13 14 15 16 17 47 48 49 50 51 52 53 
3 56 58 20 22 111 
1 111 57 19 21 55 
6 32 68 111 20 24 56 60 
1 32 68 111 19 55 23 59 
3 33 69 111 22 26 58 62 
1 33 69 111 21 25 57 61 
2 64 34 70 111 24 28 60 
1 34 70 111 23 27 59 63 
3 66 35 71 111 26 30 62 
1 65 35 71 111 25 29 61 
3 64 67 36 72 111 28 31 
3 31 67 36 72 111 27 63 
6 32 33 34 35 36 65 66 68 69 70 71 72 111 29 30 
3 33 34 35 36 67 69 70 71 72 111 21 22 57 58 31 
6 32 34 35 36 67 68 70 71 72 111 23 24 59 60 31 
6 32 33 35 36 67 68 69 71 72 111 25 26 61 62 31 
6 32 33 34 63 36 64 67 68 69 70 72 111 27 28 31 
1 32 33 34 35 65 66 67 68 69 70 71 111 29 30 31 
0 40 112 74 76 38 
1 112 73 75 37 39 
0 38 42 74 78 112 50 86 
1 37 41 73 77 112 50 86 
0 40 44 76 80 112 51 87 
1 39 43 75 79 112 51 87 
0 42 46 78 112 82 52 88 
1 41 45 77 112 81 52 88 
0 44 48 80 112 84 53 89 
1 43 79 47 112 83 53 89 
0 46 112 49 82 85 54 90 
0 45 112 49 81 85 54 90 
2 47 48 112 50 51 52 53 54 83 84 86 87 88 89 90 
0 39 40 75 76 112 49 51 52 53 54 85 87 88 89 90 
0 41 42 77 78 112 49 50 52 53 54 85 86 88 89 90 
5 43 44 79 80 49 50 51 112 53 54 85 86 87 89 90 
0 45 46 112 49 50 51 52 81 54 82 85 86 87 88 90 
1 47 48 49 50 51 52 53 83 84 85 86 87 88 89 112 
0 56 113 58 92 94 
1 57 113 91 93 55 
6 96 68 104 113 56 60 92 
1 68 104 113 55 59 91 95 
6 98 69 105 113 58 62 94 
1 97 69 105 113 57 61 93 
0 64 96 100 70 106 113 60 
1 63 99 70 106 113 59 95 
4 66 98 102 71 107 113 62 
1 65 97 101 71 107 113 61 
4 64 67 100 103 72 108 113 
4 67 99 103 72 108 113 63 
4 65 66 68 69 70 71 72 101 102 104 105 106 107 108 113 
3 67 69 70 71 72 103 105 106 107 108 113 57 58 93 94 
4 96 67 68 70 71 72 103 104 106 107 108 113 59 60 95 
5 97 98 67 68 69 71 72 103 104 105 107 108 113 61 62 
6 64 67 68 69 70 99 72 100 103 104 105 106 108 113 63 
4 65 66 67 68 69 70 71 101 102 103 104 105 106 107 113 
0 74 114 76 109 
1 73 114 75 109 
0 74 114 109 78 86 
1 73 114 77 86 109 
0 80 114 76 109 87 
1 87 114 75 109 79 
0 88 82 114 109 78 
1 88 81 114 77 109 
0 80 89 114 84 109 
1 89 114 83 109 79 
0 82 90 114 85 109 
1 81 90 114 85 109 
2 109 114 83 84 86 87 88 89 90 
2 75 76 109 114 85 87 88 89 90 
0 77 78 109 114 85 86 88 89 90 
2 109 79 80 114 85 86 87 89 90 
2 109 81 82 114 85 86 87 88 90 
0 109 114 83 84 85 86 87 88 89 
5 91 92 93 94 95 96 97 98 99 100 101 102 103 104 105 106 107 108 110 111 112 113 114 
6 19 20 21 22 23 24 25 26 27 28 29 30 31 32 33 34 35 36 109 111 112 113 114 
0 37 38 39 40 41 42 43 44 45 46 47 48 49 50 51 52 53 54 109 110 112 113 114 
3 55 56 57 58 59 60 61 62 63 64 65 66 67 68 69 70 71 72 109 110 111 113 114 
2 73 74 75 76 77 78 79 80 81 82 83 84 85 86 87 88 89 90 109 110 111 112 114 
4 91 92 93 94 95 96 97 98 99 100 101 102 103 104 105 106 107 108 109 110 111 112 113 
