79 312
0 17 2 4 15 
1 16 1 3 14 
0 2 19 6 15 
1 1 18 5 14 
0 8 17 4 21 
1 16 3 20 7 
0 10 19 6 23 
1 9 18 5 22 
0 8 25 12 21 
1 24 11 20 7 
0 10 26 13 23 
1 9 26 13 22 
2 24 25 11 12 
0 2 4 28 30 
1 1 3 27 29 
0 32 2 28 6 
1 1 27 5 31 
0 8 34 4 30 
1 33 3 29 7 
0 32 10 36 6 
1 9 35 5 31 
0 8 34 12 38 
1 33 11 37 7 
0 10 36 13 39 
1 9 35 13 39 
2 11 12 37 38 
0 17 41 43 15 
1 16 40 42 14 
0 41 19 45 15 
1 40 18 44 14 
0 17 43 21 47 
1 16 42 20 46 
0 49 19 45 23 
1 48 18 44 22 
0 25 51 21 47 
1 24 50 20 46 
0 49 26 52 23 
1 48 26 52 22 
2 24 25 50 51 
0 56 28 30 54 
1 27 29 53 55 
0 32 58 28 54 
1 57 27 53 31 
0 56 34 60 30 
1 33 59 29 55 
0 32 58 36 62 
1 57 35 61 31 
0 64 34 60 38 
1 33 59 37 63 
0 65 36 62 39 
1 65 35 61 39 
2 64 37 38 63 
0 41 43 67 69 
1 40 42 66 68 
0 41 67 45 71 
1 40 66 44 70 
0 73 43 69 47 
1 72 42 68 46 
0 49 75 45 71 
1 48 74 44 70 
0 73 51 77 47 
1 72 50 76 46 
0 49 75 52 78 
1 48 74 52 78 
2 50 51 76 77 
0 56 54 79 
1 79 53 55 
0 58 54 79 
1 57 53 79 
0 56 60 79 
1 79 59 55 
0 58 62 79 
1 57 61 79 
0 64 60 79 
1 79 59 63 
0 65 62 79 
1 65 61 79 
2 64 79 63 
3 66 67 68 69 70 71 72 73 74 75 76 77 78 
