475 3590
0 96 2 4 15 17 81 83 94 
1 1 3 14 16 80 82 93 95 
0 2 98 6 15 81 19 85 94 
1 1 97 5 14 80 18 84 93 
0 96 4 100 8 17 83 21 87 
1 3 99 7 16 82 20 86 95 
0 98 6 102 10 19 85 23 89 
1 97 5 101 9 18 84 22 88 
0 100 8 104 12 21 87 25 91 
1 99 7 103 11 20 86 24 90 
0 102 105 10 13 23 89 26 92 
1 101 9 105 13 22 88 26 92 
2 103 104 11 12 24 25 90 91 
0 2 4 107 109 81 83 28 30 
1 1 3 106 108 80 82 27 29 
0 32 2 6 107 111 81 85 28 
1 1 5 106 110 80 84 27 31 
0 34 4 8 109 113 83 87 30 
1 33 3 7 108 112 82 86 29 
0 32 36 6 10 111 115 85 89 
1 35 5 9 110 114 84 88 31 
0 34 38 8 12 113 117 87 91 
1 33 37 7 11 112 116 86 90 
0 36 39 10 13 115 118 89 92 
1 35 39 9 13 114 118 88 92 
2 37 38 11 12 116 117 90 91 
0 96 41 43 15 17 120 122 94 
1 40 42 14 16 119 121 93 95 
0 98 41 45 15 19 120 124 94 
1 97 40 44 14 18 119 123 93 
0 96 100 43 47 17 21 122 126 
1 99 42 46 16 20 121 125 95 
0 128 98 102 45 49 19 23 124 
1 97 101 44 48 18 22 123 127 
0 130 100 104 47 51 21 25 126 
1 129 99 103 46 50 20 24 125 
0 128 131 102 105 49 52 23 26 
1 131 101 105 48 52 22 26 127 
2 129 130 103 104 50 51 24 25 
0 133 135 107 109 54 56 28 30 
1 132 134 106 108 53 55 27 29 
0 32 133 137 107 111 54 58 28 
1 132 136 106 110 53 57 27 31 
0 34 135 139 109 113 56 60 30 
1 33 134 138 108 112 55 59 29 
0 32 36 137 141 111 115 58 62 
1 35 136 140 110 114 57 61 31 
0 64 34 38 139 143 113 117 60 
1 33 37 138 142 112 116 59 63 
0 65 36 39 141 144 115 118 62 
1 65 35 39 140 144 114 118 61 
2 64 37 38 142 143 116 117 63 
0 67 69 41 43 146 148 120 122 
1 66 68 40 42 145 147 119 121 
0 67 71 41 45 146 150 120 124 
1 66 70 40 44 145 149 119 123 
0 69 73 43 47 148 152 122 126 
1 68 72 42 46 147 151 121 125 
0 128 71 75 45 49 150 154 124 
1 70 74 44 48 149 153 123 127 
0 130 73 77 47 51 152 156 126 
1 129 72 76 46 50 151 155 125 
0 128 131 75 78 49 52 154 157 
1 131 74 78 48 52 153 157 127 
2 129 130 76 77 50 51 155 156 
0 133 135 79 54 56 158 
1 132 134 79 53 55 158 
0 133 137 79 54 58 158 
1 132 136 79 53 57 158 
0 135 139 79 56 60 158 
1 134 138 79 55 59 158 
0 137 141 79 58 158 62 
1 136 140 79 57 61 158 
0 64 139 143 79 60 158 
1 138 142 79 59 158 63 
0 65 141 79 144 158 62 
1 65 140 79 144 61 158 
2 64 142 79 143 158 63 
3 145 146 147 148 149 150 151 152 153 154 155 156 157 66 67 68 69 70 71 72 73 74 75 76 77 78 
0 160 2 162 4 173 15 175 17 
1 1 161 3 172 14 174 16 159 
0 160 2 164 6 173 15 177 19 
1 1 163 5 172 14 176 18 159 
0 162 4 166 8 175 17 179 21 
1 161 3 165 7 174 16 178 20 
0 164 6 168 10 177 19 181 23 
1 163 5 167 9 176 18 180 22 
0 166 8 170 12 179 21 183 25 
1 165 7 169 11 178 20 182 24 
0 168 10 171 13 181 23 184 26 
1 167 9 171 13 180 22 184 26 
2 169 170 11 12 182 183 24 25 
0 160 2 162 4 186 28 188 30 
1 1 161 3 185 27 187 29 159 
0 32 160 2 164 6 186 28 190 
1 31 1 163 5 185 27 189 159 
0 192 34 162 4 166 8 188 30 
1 33 161 3 165 7 187 29 191 
0 32 194 36 164 6 168 10 190 
1 193 35 163 5 167 9 189 31 
0 192 34 196 38 166 8 170 12 
1 33 195 37 165 7 169 11 191 
0 194 36 197 39 168 10 171 13 
1 193 35 197 167 39 9 171 13 
2 195 196 37 38 169 170 11 12 
0 199 41 201 43 173 175 15 17 
1 198 40 200 42 172 14 174 16 
0 199 41 203 45 173 15 177 19 
1 198 40 202 44 172 14 176 18 
0 201 43 205 175 47 17 179 21 
1 200 42 204 46 174 16 178 20 
0 203 45 207 49 177 19 181 23 
1 202 44 206 48 176 18 180 22 
0 205 47 209 51 179 21 183 25 
1 204 46 208 50 178 20 182 24 
0 207 49 210 52 181 23 184 26 
1 206 48 210 52 180 22 184 26 
2 208 209 50 51 182 183 24 25 
0 212 54 214 56 186 28 188 30 
1 211 53 213 55 185 27 187 29 
0 32 212 54 216 58 186 28 190 
1 211 53 215 57 185 27 189 31 
0 192 34 214 56 218 60 188 30 
1 33 213 55 217 59 187 29 191 
0 32 194 36 216 58 220 62 190 
1 193 35 215 57 219 61 189 31 
0 64 192 34 196 38 218 60 222 
1 63 33 195 37 217 59 221 191 
0 65 194 36 197 39 220 62 223 
1 65 193 35 197 39 219 61 223 
2 64 195 196 37 38 221 222 63 
0 225 67 227 69 199 41 201 43 
1 224 66 226 68 198 40 200 42 
0 225 67 229 199 71 41 203 45 
1 224 66 228 70 198 40 202 44 
0 227 69 231 73 201 43 205 47 
1 226 68 230 72 200 42 204 46 
0 229 71 233 75 203 45 207 49 
1 228 70 232 74 202 44 206 48 
0 231 73 235 77 205 47 209 51 
1 230 72 234 76 204 46 208 50 
0 233 75 236 78 207 49 210 52 
1 232 74 236 78 206 48 210 52 
2 234 235 76 77 208 209 50 51 
0 237 79 212 214 54 56 
1 237 79 211 53 213 55 
0 237 79 212 54 216 58 
1 237 79 211 53 215 57 
0 237 79 214 56 218 60 
1 237 79 213 55 217 59 
0 237 79 216 58 220 62 
1 237 79 215 57 219 61 
0 64 237 79 218 60 222 
1 237 79 217 59 221 63 
0 65 237 79 220 62 223 
1 65 237 79 219 61 223 
2 64 237 79 221 222 63 
3 66 67 68 69 70 71 72 73 74 75 76 77 78 224 225 226 227 228 229 230 231 232 233 234 235 236 
0 96 239 81 241 83 252 94 254 
1 238 80 240 82 251 93 253 95 
0 256 98 239 81 243 85 252 94 
1 97 238 80 242 84 251 93 255 
0 96 258 100 241 83 245 87 254 
1 257 99 240 82 244 86 253 95 
0 256 98 260 102 243 85 247 89 
1 97 259 101 242 84 246 88 255 
0 258 100 262 104 245 87 249 91 
1 257 99 261 103 244 86 248 90 
0 260 102 263 105 247 89 250 92 
1 259 101 263 105 246 88 250 92 
2 261 262 103 104 248 249 90 91 
0 265 107 267 109 239 81 241 83 
1 264 106 266 108 238 80 240 82 
0 265 107 269 239 111 81 243 85 
1 264 106 268 110 238 80 242 84 
0 267 109 271 113 241 83 245 87 
1 266 108 270 112 240 82 244 86 
0 269 111 273 115 243 85 247 89 
1 268 110 272 114 242 84 246 88 
0 271 113 275 117 245 87 249 91 
1 270 112 274 116 244 86 248 90 
0 273 115 276 118 247 89 250 92 
1 272 114 276 118 246 88 250 92 
2 274 275 116 117 248 249 90 91 
0 96 278 120 280 122 252 94 254 
1 277 119 279 121 251 93 253 95 
0 256 98 278 120 282 124 252 94 
1 97 277 119 281 123 251 93 255 
0 96 258 100 280 122 284 126 254 
1 257 99 279 121 283 125 253 95 
0 128 256 98 260 102 282 124 286 
1 127 97 259 101 281 123 285 255 
0 288 130 258 100 262 104 284 126 
1 129 257 99 261 103 283 125 287 
0 128 289 131 260 102 263 105 286 
1 289 131 259 101 263 105 285 127 
2 288 129 130 261 262 103 104 287 
0 291 133 293 135 265 107 267 109 
1 290 132 292 134 264 106 266 108 
0 291 133 295 137 265 107 269 111 
1 290 132 294 136 264 106 268 110 
0 293 135 297 139 267 109 271 113 
1 292 134 296 138 266 108 270 112 
0 295 137 299 141 269 111 273 115 
1 294 136 298 140 268 110 272 114 
0 297 139 301 271 143 113 275 117 
1 296 138 300 142 270 112 274 116 
0 299 141 302 144 273 115 276 118 
1 298 140 302 144 272 114 276 118 
2 300 301 142 143 274 275 116 117 
0 304 146 306 148 278 120 280 122 
1 303 145 305 147 277 279 119 121 
0 304 146 308 150 278 120 282 124 
1 303 145 307 149 277 119 281 123 
0 306 148 310 152 280 122 284 126 
1 305 147 309 279 151 121 283 125 
0 128 308 150 312 154 282 124 286 
1 307 149 311 153 281 123 285 127 
0 288 130 310 152 314 156 284 126 
1 129 309 151 313 155 283 125 287 
0 128 289 131 312 154 315 157 286 
1 289 131 311 153 315 157 285 127 
2 288 129 130 313 314 155 156 287 
0 291 293 133 135 316 158 
1 290 132 292 134 316 158 
0 291 133 295 137 316 158 
1 290 132 294 136 316 158 
0 293 135 297 139 316 158 
1 292 134 296 138 316 158 
0 295 137 299 141 316 158 
1 294 136 298 140 316 158 
0 297 139 301 143 316 158 
1 296 138 300 142 316 158 
0 299 141 302 144 316 158 
1 298 140 302 144 316 158 
2 300 301 142 143 316 158 
3 145 146 147 148 149 150 151 152 153 154 155 156 157 303 304 305 306 307 308 309 310 311 312 313 314 315 
0 160 320 162 331 173 333 175 318 
1 159 161 330 172 332 174 317 319 
0 160 322 164 331 173 335 177 318 
1 321 163 330 172 334 176 317 159 
0 320 162 324 166 333 175 337 179 
1 161 323 165 332 174 336 178 319 
0 322 164 326 168 335 177 339 181 
1 321 163 325 167 334 176 338 180 
0 324 166 328 170 337 179 341 183 
1 323 165 327 169 336 178 340 182 
0 326 168 329 171 339 181 342 184 
1 325 167 329 171 338 180 342 184 
2 327 328 169 170 340 341 182 183 
0 160 320 162 344 186 346 188 318 
1 159 161 343 185 345 187 317 319 
0 160 322 164 344 186 348 190 318 
1 321 163 343 185 347 189 317 159 
0 192 320 162 324 166 346 188 350 
1 191 161 323 165 345 187 349 319 
0 352 194 322 164 326 168 348 190 
1 193 321 163 325 167 347 189 351 
0 192 354 196 324 166 328 170 350 
1 353 195 323 165 327 169 349 191 
0 352 194 355 197 326 168 329 171 
1 193 355 197 325 167 329 171 351 
2 353 354 195 196 327 328 169 170 
0 357 199 359 201 331 173 333 175 
1 356 198 358 200 330 172 332 174 
0 357 199 361 203 331 173 335 177 
1 356 198 360 202 330 172 334 176 
0 359 201 363 205 333 175 337 179 
1 358 200 362 204 332 174 336 178 
0 361 203 365 335 207 177 339 181 
1 360 202 364 206 334 176 338 180 
0 363 205 367 209 337 179 341 183 
1 362 204 366 208 336 178 340 182 
0 365 207 368 210 339 181 342 184 
1 364 206 368 210 338 180 342 184 
2 366 367 208 209 340 341 182 183 
0 370 212 372 214 344 186 346 188 
1 369 211 371 213 343 185 345 187 
0 370 212 374 216 344 186 348 190 
1 369 211 373 343 215 185 347 189 
0 192 372 214 376 218 346 188 350 
1 371 213 375 217 345 187 349 191 
0 352 194 374 216 378 220 348 190 
1 193 373 215 377 219 347 189 351 
0 192 354 196 376 218 380 222 350 
1 353 195 375 217 379 221 349 191 
0 352 194 355 197 378 220 381 223 
1 223 193 355 197 377 219 381 351 
2 353 354 195 196 379 380 221 222 
0 225 385 227 357 359 199 201 383 
1 224 384 226 356 198 358 200 382 
0 225 387 229 357 199 361 203 383 
1 224 386 228 356 198 360 202 382 
0 385 227 389 359 231 201 363 205 
1 384 226 388 230 358 200 362 204 
0 387 229 391 233 361 203 365 207 
1 386 228 390 232 360 202 364 206 
0 389 231 393 235 363 205 367 209 
1 388 230 392 234 362 204 366 208 
0 391 233 394 236 365 207 368 210 
1 390 232 394 236 364 206 368 210 
2 392 393 234 235 366 367 208 209 
0 395 237 370 212 372 214 
1 395 237 369 211 371 213 
0 395 237 370 212 374 216 
1 395 237 369 211 373 215 
0 395 237 372 214 376 218 
1 395 237 371 213 375 217 
0 395 237 374 216 378 220 
1 395 237 373 215 377 219 
0 395 237 376 218 380 222 
1 395 237 375 217 379 221 
0 395 237 378 220 381 223 
1 395 237 377 219 381 223 
2 395 237 379 380 221 222 
3 384 385 386 387 388 389 390 391 392 393 394 224 225 226 227 228 229 230 231 232 233 234 235 236 382 383 
0 397 399 239 241 410 252 412 254 
1 396 238 398 240 409 251 411 253 
0 256 397 239 401 243 410 252 414 
1 396 238 400 242 409 251 413 255 
0 416 258 399 241 403 245 412 254 
1 257 398 240 402 244 411 253 415 
0 256 418 260 401 243 405 247 414 
1 417 259 400 242 404 246 413 255 
0 416 258 420 262 403 245 407 249 
1 257 419 261 402 244 406 248 415 
0 418 260 421 263 405 247 408 250 
1 417 259 421 263 404 246 408 250 
2 419 420 261 262 406 407 248 249 
0 423 265 425 267 397 399 239 241 
1 422 264 424 266 396 238 398 240 
0 423 265 427 269 397 239 401 243 
1 422 264 426 268 396 238 400 242 
0 425 267 429 399 271 241 403 245 
1 424 266 428 270 398 240 402 244 
0 427 269 431 273 401 243 405 247 
1 426 268 430 272 400 242 404 246 
0 429 271 433 275 403 245 407 249 
1 428 270 432 274 402 244 406 248 
0 431 273 434 276 405 247 408 250 
1 430 272 434 276 404 246 408 250 
2 432 433 274 275 406 407 248 249 
0 436 278 438 280 410 252 412 254 
1 435 277 437 279 409 251 411 253 
0 256 436 278 440 282 410 252 414 
1 435 277 439 281 409 251 413 255 
0 416 258 438 280 442 284 412 254 
1 257 437 279 441 283 411 253 415 
0 256 418 260 440 282 444 286 414 
1 417 259 439 281 443 285 413 255 
0 288 416 258 420 262 442 284 446 
1 287 257 419 261 441 283 445 415 
0 289 418 260 421 263 444 286 447 
1 289 417 259 421 263 443 285 447 
2 288 419 420 261 262 445 446 287 
0 449 291 451 293 423 265 425 267 
1 448 290 450 292 422 264 424 266 
0 449 291 453 423 295 265 427 269 
1 448 290 452 294 422 264 426 268 
0 451 293 455 297 425 267 429 271 
1 450 292 454 296 424 266 428 270 
0 453 295 457 299 427 269 431 273 
1 452 294 456 298 426 268 430 272 
0 455 297 459 301 429 271 433 275 
1 454 296 458 300 428 270 432 274 
0 457 299 460 302 431 273 434 276 
1 456 298 460 302 430 272 434 276 
2 458 459 300 301 432 433 274 275 
0 462 304 464 306 436 278 438 280 
1 461 303 463 305 435 277 437 279 
0 462 304 466 308 436 278 440 282 
1 461 303 465 307 435 277 439 281 
0 464 306 468 310 438 280 442 284 
1 463 305 467 309 437 279 441 283 
0 466 308 470 312 440 282 444 286 
1 465 307 469 439 311 281 443 285 
0 288 468 310 472 314 442 284 446 
1 467 309 471 313 441 283 445 287 
0 289 470 312 473 315 444 286 447 
1 289 469 311 473 315 443 285 447 
2 288 471 472 313 314 445 446 287 
0 449 291 451 293 474 316 
1 448 290 450 292 474 316 
0 449 291 453 295 474 316 
1 448 290 452 294 474 316 
0 451 293 455 297 474 316 
1 450 292 454 296 474 316 
0 453 295 457 299 474 316 
1 452 294 456 298 474 316 
0 455 297 459 301 474 316 
1 454 296 458 300 474 316 
0 457 299 460 302 474 316 
1 456 298 460 302 474 316 
2 458 459 300 301 474 316 
3 303 304 305 306 307 308 309 310 311 312 313 314 315 461 462 463 464 465 466 467 468 469 470 471 472 473 
0 320 331 475 333 318 
1 330 475 332 317 319 
0 322 331 475 318 335 
1 321 330 475 317 334 
0 320 337 475 324 333 
1 336 323 332 475 319 
0 322 339 475 326 335 
1 321 338 475 325 334 
0 328 337 475 324 341 
1 336 323 340 475 327 
0 329 339 475 326 342 
1 329 338 475 325 342 
2 328 475 340 341 327 
0 320 344 346 475 318 
1 343 345 475 317 319 
0 344 322 475 348 318 
1 321 347 475 317 343 
0 320 346 475 324 350 
1 345 323 475 349 319 
0 352 322 475 348 326 
1 321 347 475 325 351 
0 328 354 475 324 350 
1 353 323 475 349 327 
0 352 329 355 475 326 
1 329 355 475 325 351 
2 328 353 354 475 327 
0 331 475 333 357 359 
1 330 475 332 356 358 
0 361 331 475 357 335 
1 360 330 475 356 334 
0 337 363 475 333 359 
1 336 362 475 332 358 
0 361 339 475 365 335 
1 360 338 475 364 334 
0 337 363 475 341 367 
1 336 362 475 340 366 
0 368 339 475 365 342 
1 368 338 475 364 342 
2 475 340 341 366 367 
0 344 346 370 372 475 
1 345 369 371 475 343 
0 344 370 475 348 374 
1 369 347 475 373 343 
0 376 346 475 372 350 
1 345 371 475 349 375 
0 352 378 475 348 374 
1 377 347 475 373 351 
0 376 354 475 380 350 
1 353 379 475 349 375 
0 352 378 355 475 381 
1 377 355 475 381 351 
2 353 354 379 380 475 
0 383 385 475 357 359 
1 384 475 356 358 382 
0 361 387 475 357 383 
1 360 386 475 356 382 
0 385 363 475 389 359 
1 384 362 475 388 358 
0 361 387 475 365 391 
1 360 386 475 364 390 
0 393 363 475 389 367 
1 392 362 475 388 366 
0 368 394 475 365 391 
1 368 394 475 364 390 
2 392 393 475 366 367 
0 370 395 372 475 
1 369 371 395 475 
0 370 395 475 374 
1 369 395 475 373 
0 376 395 372 475 
1 371 395 475 375 
0 378 395 475 374 
1 377 395 475 373 
0 376 395 380 475 
1 379 395 475 375 
0 378 395 475 381 
1 377 395 475 381 
2 379 380 395 475 
3 384 385 386 387 388 389 390 391 392 393 394 475 382 383 
4 396 397 398 399 400 401 402 403 404 405 406 407 408 409 410 411 412 413 414 415 416 417 418 419 420 421 422 423 424 425 426 427 428 429 430 431 432 433 434 435 436 437 438 439 440 441 442 443 444 445 446 447 448 449 450 451 452 453 454 455 456 457 458 459 460 461 462 463 464 465 466 467 468 469 470 471 472 473 474 
