138 986
0 36 
0 45 
0 74 
0 18 
0 36 
0 36 136 74 45 18 21 
0 99 36 135 136 74 138 81 18 116 118 91 
0 18 132 
0 135 136 138 18 83 89 
0 98 95 
0 74 18 36 
0 104 61 95 
0 18 36 103 
0 74 78 135 
0 18 
0 33 36 138 74 18 20 
0 74 20 78 135 
1 130 4 132 6 7 8 9 135 11 136 13 138 15 16 19 20 21 23 26 28 29 31 33 35 36 39 40 41 44 45 46 50 51 53 55 59 62 63 64 68 72 74 75 76 78 79 80 81 83 85 87 88 89 90 91 92 95 96 99 100 103 105 107 108 113 114 116 118 121 123 127 
0 136 138 74 78 18 89 
2 33 130 68 36 135 136 138 74 46 78 16 17 18 21 92 29 30 95 
3 68 36 6 136 138 74 44 78 18 20 92 
0 72 54 95 
0 18 
0 72 116 
0 72 122 95 
0 136 64 18 36 95 
0 30 
0 72 18 36 79 
0 95 135 138 74 18 20 30 127 
1 69 72 74 20 27 29 95 
0 18 
0 101 70 72 73 77 57 
3 64 36 100 72 74 138 78 16 18 20 54 120 89 95 
0 100 61 94 95 
0 64 18 90 
4 1 5 6 7 133 137 135 11 136 13 138 16 18 20 21 26 28 33 37 45 48 51 52 59 64 66 71 72 74 76 77 79 80 81 83 85 89 91 93 95 99 100 103 106 108 115 116 118 125 127 
0 72 36 116 77 95 
0 72 95 
0 18 
0 64 18 62 
0 18 127 
0 133 
0 122 
0 18 74 21 
2 64 127 2 36 6 136 74 138 18 115 82 61 95 
0 130 68 138 74 18 20 
0 72 138 84 95 
0 36 
0 72 137 131 116 133 
0 96 18 
0 99 36 100 76 18 95 
0 106 36 116 
0 18 138 85 118 134 
1 64 33 67 100 70 72 138 77 22 120 57 95 
0 18 123 92 
0 72 
2 32 101 70 72 73 77 54 
0 89 138 85 126 
0 36 135 136 74 138 18 83 
0 74 117 135 
1 34 100 104 12 45 82 94 95 
2 40 64 18 
0 18 83 
5 33 35 36 40 72 138 136 45 18 54 120 26 90 62 95 
0 135 74 95 
0 36 
0 72 77 54 
4 130 74 138 46 18 20 21 
0 30 86 
3 32 101 72 73 77 116 54 57 95 
0 36 
6 131 133 138 18 22 24 25 28 30 32 33 36 37 38 47 49 54 56 57 64 67 70 73 74 77 79 84 85 89 93 95 100 101 102 106 108 109 110 111 112 116 120 122 
1 32 101 70 72 77 57 
5 130 3 6 7 136 135 138 11 14 16 17 18 19 20 21 29 30 33 36 44 45 46 59 60 65 68 72 75 78 81 83 85 89 91 92 95 99 105 108 116 117 119 123 127 
0 18 74 
2 99 36 100 18 51 95 
5 32 67 36 37 70 101 72 73 116 54 57 95 
4 33 99 135 136 74 138 14 17 18 19 20 21 89 123 92 
2 72 18 28 36 95 
0 18 36 
2 99 36 7 135 136 74 138 18 116 91 
0 45 61 95 
2 36 135 136 9 74 138 18 89 59 63 
1 72 102 47 
2 36 134 135 72 136 74 138 108 18 53 118 89 58 126 
1 69 
0 18 
0 18 
7 33 36 135 72 9 74 136 108 138 78 18 19 83 85 58 126 
2 64 18 35 
7 99 36 7 135 136 74 138 81 18 116 
6 74 78 18 20 21 55 123 
0 97 36 72 136 115 95 
2 34 100 61 95 
7 135 136 10 138 12 18 20 22 25 26 29 30 33 34 36 37 38 45 47 51 54 61 64 65 70 72 74 76 77 79 82 93 94 97 98 99 100 104 106 108 109 110 115 116 120 122 124 
2 18 50 
1 115 93 95 
1 10 124 95 
3 36 100 7 135 136 74 138 76 78 81 18 51 116 91 95 
5 33 34 99 36 72 76 110 18 51 54 61 94 95 
4 32 70 72 73 77 57 
0 72 84 
2 18 36 13 
2 12 61 95 
0 18 74 
1 36 133 72 108 116 52 95 
0 18 
0 36 135 72 136 74 106 138 18 85 89 95 
0 72 137 116 133 95 
0 72 100 95 
0 72 133 
0 72 120 138 116 
0 18 
0 18 
3 97 36 136 45 93 95 
8 128 131 133 7 135 137 136 138 18 24 36 37 49 52 70 72 74 77 81 91 95 99 106 109 112 
1 74 60 135 
3 36 7 138 18 53 85 126 
0 74 135 
2 64 33 72 138 112 54 95 
0 18 
1 72 25 43 95 
2 18 74 92 78 55 
0 98 95 
0 36 
1 89 58 138 85 118 
3 36 41 74 138 45 18 29 
0 116 133 
0 135 
3 68 74 138 46 18 20 
1 72 49 116 133 
2 8 18 
2 128 131 36 72 42 106 109 111 49 116 
1 138 53 85 
9 129 7 136 9 138 14 17 18 20 29 36 59 60 65 74 78 81 83 85 89 91 95 99 108 116 117 119 
6 6 7 135 9 138 18 19 20 21 26 36 45 59 64 74 78 81 83 85 89 91 93 95 99 108 115 116 
1 49 36 109 116 
10 130 134 7 135 9 136 16 18 19 20 21 29 33 36 45 46 47 53 54 58 59 64 68 72 74 78 81 83 85 89 91 95 99 108 112 116 118 120 126 127 
