87 812
0 66 4 14 79 83 20 
0 4 7 11 16 19 23 29 32 33 34 35 39 42 43 46 53 54 55 56 58 66 67 72 74 76 79 80 81 83 86 87 
0 33 72 83 22 87 23 58 
1 32 1 2 34 66 74 12 46 14 79 49 18 19 20 21 83 87 55 59 
0 34 83 78 31 
0 83 47 
1 33 2 35 34 19 83 87 58 
0 49 83 71 
0 40 11 76 14 83 57 
0 42 83 
1 2 67 40 9 76 14 83 
0 32 34 4 68 36 74 46 14 83 20 21 52 
0 43 27 85 60 19 
2 32 1 34 66 4 40 9 74 11 12 76 46 79 49 83 20 21 
0 49 83 61 
1 2 67 66 42 76 77 83 22 63 
0 37 73 45 50 19 84 83 87 58 
0 49 59 4 83 71 
2 2 4 7 13 17 23 27 32 34 35 37 42 43 45 46 49 50 51 52 53 55 58 60 66 68 69 71 72 73 74 81 83 84 85 87 
3 32 1 34 66 4 71 74 12 14 46 79 49 83 21 87 59 
8 32 34 66 4 74 12 14 46 79 83 20 
2 3 42 77 16 83 63 
1 33 2 3 35 67 72 43 19 83 87 29 
0 80 66 67 83 
0 83 
0 83 
1 19 43 13 85 60 
0 51 68 69 83 
2 33 2 35 67 72 83 87 23 
0 83 39 
1 34 67 5 44 76 83 
4 2 66 4 34 70 74 12 14 46 19 20 21 83 87 55 
3 2 3 67 7 72 83 23 87 58 29 
6 32 2 35 4 5 66 7 71 70 74 12 14 46 19 20 21 83 87 55 58 31 
3 2 34 66 67 7 72 76 19 83 86 23 87 56 58 54 29 
1 83 12 52 
1 73 45 17 50 19 84 83 87 58 
0 83 
1 2 66 83 30 
3 9 11 76 14 83 57 
0 83 
3 2 66 67 10 43 77 16 81 19 83 53 22 87 63 
4 2 66 72 42 13 81 19 83 53 85 23 87 27 60 
0 83 76 31 
3 37 73 17 50 19 84 83 87 58 
5 32 2 34 4 66 70 71 74 12 14 19 20 21 83 87 55 
1 83 6 
0 83 
4 66 4 68 69 71 8 14 15 79 18 19 20 52 83 59 61 
4 37 73 45 17 19 84 83 87 58 
1 68 69 19 83 85 28 60 
3 36 68 69 12 49 19 83 
1 2 66 42 43 81 19 83 87 
1 2 35 76 67 83 
3 32 2 34 4 66 70 74 46 19 83 87 
1 2 35 83 
1 40 9 83 
5 33 2 3 34 35 37 7 71 69 72 73 45 17 50 19 84 83 87 
2 4 71 49 18 83 20 
3 43 13 19 51 85 27 
1 49 83 15 
0 83 
0 16 42 83 77 22 
0 83 
0 83 
9 1 2 4 14 16 19 20 21 24 32 34 35 39 42 43 46 49 53 55 67 74 76 79 80 81 83 86 87 
4 33 2 35 66 72 42 11 76 16 80 83 54 23 24 87 29 31 
5 69 12 49 19 51 52 83 28 
6 68 71 49 19 51 52 83 58 28 
0 32 34 74 46 83 55 
1 34 69 8 46 49 18 19 20 83 58 59 
6 33 2 3 35 67 43 19 83 23 87 58 29 
6 37 45 17 50 19 84 83 87 58 
7 32 2 34 4 66 70 12 14 46 19 20 21 83 55 87 
0 83 
5 2 35 66 67 40 9 11 44 14 16 80 83 54 31 
4 16 42 83 22 63 
1 83 5 
5 1 2 66 4 14 49 83 20 21 
1 2 66 67 76 83 24 
5 2 66 42 43 19 83 53 87 
0 83 
10 1 2 3 4 5 6 7 8 9 10 11 12 14 15 16 17 18 19 20 21 22 23 24 25 26 28 29 30 31 32 33 34 35 36 37 38 39 40 41 42 43 44 45 46 47 48 49 50 51 52 53 54 55 56 57 58 59 61 62 63 64 65 66 67 68 69 70 71 72 73 74 75 76 77 78 79 80 81 82 84 86 87 
7 37 73 45 17 50 19 83 87 58 
5 43 13 19 51 27 60 
1 2 35 66 83 
8 2 3 4 7 17 19 20 23 29 32 33 34 35 37 42 43 45 46 50 53 55 58 66 67 72 73 74 81 83 84 
