120 1276
0 5 15 16 80 113 20 21 57 89 94 62 
0 6 41 77 54 55 24 92 30 
0 67 100 103 71 105 42 44 115 22 90 91 31 
0 96 99 38 107 12 49 50 84 85 61 63 
1 32 1 34 38 72 76 85 53 56 26 
1 2 41 11 13 14 87 24 55 92 60 
0 64 66 10 75 48 83 51 21 118 120 25 28 
0 98 100 38 71 104 73 46 18 53 86 
0 33 69 70 101 38 17 51 116 119 58 31 
1 64 35 36 7 75 48 83 21 118 120 25 
0 6 41 13 14 54 87 55 60 30 
1 97 35 4 68 102 43 19 117 23 88 29 
2 6 41 11 77 14 54 55 87 60 30 
3 6 41 11 13 77 54 87 55 24 60 
1 1 65 66 37 39 108 112 52 53 88 59 95 
1 1 65 34 47 80 113 57 89 26 27 62 94 
1 33 34 101 69 103 9 42 79 115 28 31 
1 98 100 71 8 73 20 84 86 53 27 93 
0 97 35 102 43 12 80 114 117 23 90 61 29 
2 1 65 67 47 80 113 18 56 89 57 62 94 
2 1 7 10 75 48 83 118 120 25 
1 3 67 39 103 105 42 74 44 90 91 
2 97 35 102 38 43 12 44 19 117 57 27 59 95 
2 2 6 77 14 54 92 60 30 
3 7 10 75 48 50 83 21 118 120 28 31 
0 64 34 5 72 76 109 16 51 56 92 93 
0 65 38 72 76 47 16 113 18 84 23 88 95 
2 32 68 7 75 109 79 17 120 25 58 89 
2 65 37 39 74 12 108 112 19 52 95 
1 2 41 11 13 77 54 55 24 92 93 
2 33 3 70 9 106 110 79 17 51 25 58 
0 36 101 5 69 78 110 79 114 115 85 28 
3 69 38 9 106 110 17 113 51 116 91 31 
2 65 5 37 72 106 76 109 16 17 88 56 26 93 
3 97 102 10 43 12 80 19 117 23 89 
2 32 64 98 10 111 49 115 116 
0 65 34 39 104 108 15 112 52 57 59 29 95 
4 33 4 5 70 8 9 106 81 51 116 23 58 27 
3 65 98 37 15 112 52 117 22 90 59 29 
0 66 73 74 107 45 46 81 82 119 
4 2 6 11 13 14 87 55 60 30 
2 3 67 103 105 106 44 17 22 90 91 
4 97 35 102 70 105 12 111 19 117 23 
3 97 3 67 103 105 42 76 22 23 88 90 91 
1 66 100 40 74 46 81 82 52 117 86 119 
2 66 102 8 40 74 104 45 111 81 82 119 
3 16 113 80 20 89 57 27 59 94 62 
4 7 10 75 114 83 84 21 118 120 25 
1 96 99 4 36 107 76 109 113 50 85 61 63 
2 96 99 4 107 78 49 51 25 61 63 
1 33 38 7 70 9 106 110 50 26 94 31 
4 98 100 37 39 73 108 45 15 59 29 95 
2 98 100 5 71 8 104 73 15 112 18 86 
4 2 11 13 14 77 24 92 30 
5 2 6 41 11 13 14 87 60 30 
3 34 68 5 72 76 109 20 84 88 26 93 
4 1 37 107 47 16 113 20 23 89 62 94 
1 68 101 38 70 9 106 76 110 115 116 28 31 
5 65 66 37 39 108 47 15 112 52 23 89 95 
6 6 41 11 13 14 77 55 24 87 92 
3 96 99 4 107 110 78 49 50 19 85 63 
5 96 1 103 47 16 80 114 20 57 89 94 
4 96 99 4 103 106 107 49 50 61 93 
3 36 70 7 10 114 84 119 120 26 
4 34 37 39 108 76 15 16 112 20 27 59 29 95 
3 68 7 40 74 45 46 15 81 82 119 59 95 
4 3 103 104 105 42 44 20 22 88 90 91 
0 66 69 101 72 12 109 111 56 58 28 
2 32 33 68 101 9 79 111 17 115 
5 64 38 9 43 110 79 51 116 58 31 
3 98 3 100 8 73 104 81 18 53 86 119 
4 97 34 68 5 76 109 83 56 88 26 27 
5 100 71 8 40 104 108 18 52 53 86 88 
4 66 40 45 46 81 82 22 119 29 
5 7 10 48 83 21 118 85 120 25 28 
5 65 34 5 72 44 109 79 49 56 26 27 58 
5 2 13 14 54 87 24 60 92 30 93 
1 32 96 99 107 109 79 50 85 61 
3 32 69 70 76 78 17 116 85 88 28 31 
4 1 35 47 16 113 19 20 86 89 62 94 
5 66 38 71 40 74 45 46 82 119 
6 66 40 104 74 45 46 81 114 86 119 118 
6 7 72 10 75 48 21 118 120 25 
2 64 4 48 18 56 27 93 
2 32 99 4 5 101 75 109 78 79 49 61 
7 98 100 71 8 73 104 45 80 18 82 53 
7 6 41 11 13 14 77 55 60 92 
6 34 67 100 72 73 12 44 15 79 56 89 27 
7 1 35 47 16 80 113 20 88 57 59 28 62 
5 3 67 39 103 105 42 44 19 22 91 
6 33 98 3 67 103 105 42 44 111 22 90 
3 2 6 77 54 87 24 26 60 30 
6 96 34 106 77 18 84 56 26 30 63 
6 1 47 16 80 113 51 20 116 118 117 57 62 
6 65 66 37 108 15 112 52 23 27 59 29 
7 93 99 4 107 78 49 50 61 62 63 
5 35 102 72 43 44 12 108 111 19 117 23 
5 36 100 39 8 71 104 111 18 52 53 86 91 
5 96 4 101 107 78 49 50 85 61 63 
8 98 3 71 8 73 104 45 112 18 52 53 86 88 
3 32 99 68 69 9 110 17 115 116 85 58 
6 97 35 104 43 12 46 114 19 117 23 
7 3 67 105 42 44 17 22 90 91 62 63 
1 98 67 100 37 102 71 8 73 46 82 53 86 
8 3 67 103 42 43 44 112 117 22 90 91 
0 63 33 34 38 42 110 51 116 58 93 31 
6 96 99 4 40 78 110 49 50 57 61 63 
3 65 97 37 73 15 112 113 52 59 29 95 
6 34 68 72 76 78 49 85 56 120 26 28 
4 32 33 101 70 106 107 51 116 58 61 31 
1 97 98 36 68 69 43 46 115 91 
7 65 100 37 39 105 108 15 53 59 29 95 
5 1 33 108 47 16 49 80 20 57 89 27 94 
1 32 64 102 48 82 19 115 62 
4 32 3 36 69 101 111 17 114 58 
7 33 36 101 38 70 9 106 110 79 119 58 94 
7 97 35 102 39 105 43 12 45 19 23 94 
7 7 10 75 48 82 83 21 120 25 94 
8 64 66 71 40 9 74 45 46 81 82 116 
8 64 7 10 75 109 48 83 21 118 25 28 
