561 3256
0 99 452 485 549 164 135 35 555 335 497 178 85 86 119 152 447 
0 64 449 259 391 211 276 244 151 445 447 
0 498 
0 457 411 
0 88 528 244 285 295 
0 44 244 165 
0 262 
0 61 406 
0 457 
0 321 114 317 310 422 
0 416 517 76 78 49 83 219 349 
0 259 164 177 178 85 218 61 62 
0 416 524 549 526 
0 202 
0 356 487 398 558 465 243 244 508 159 
0 429 
0 416 549 262 204 78 207 496 336 49 498 244 53 150 445 510 
0 44 
0 384 451 209 531 184 510 351 
0 492 
0 361 
0 361 
0 202 
0 276 510 
0 416 227 292 361 492 528 433 247 57 285 30 
0 418 150 
0 528 239 
0 452 549 
0 376 
1 416 25 555 222 247 
0 521 61 
0 35 69 300 560 369 368 408 152 222 
0 312 392 
0 416 165 297 108 367 496 147 378 
1 1 261 135 528 408 152 159 32 160 161 291 164 40 300 560 178 61 450 323 452 69 196 327 335 340 341 85 86 222 99 485 368 369 497 244 119 123 254 
0 452 
0 202 
0 473 234 61 511 
0 184 168 
0 160 161 35 452 340 341 123 
0 202 
0 267 203 405 526 452 
0 165 
6 512 6 134 526 400 528 18 276 150 154 285 161 165 549 424 561 452 329 345 218 492 244 510 
0 62 
0 416 192 514 452 104 361 553 330 367 496 410 218 
0 416 
0 297 362 
1 517 262 11 76 141 78 207 336 17 498 83 204 53 534 311 342 219 349 
0 452 425 202 203 502 183 152 155 348 
0 452 285 
0 452 
2 262 204 78 207 336 17 49 498 
0 60 244 
0 400 345 285 
0 528 
1 227 292 492 528 433 25 
0 280 452 
0 212 
1 244 54 
2 259 391 8 521 136 12 525 526 145 402 401 276 406 151 281 154 538 285 286 31 159 161 541 35 38 424 169 428 174 310 441 186 316 445 62 319 447 321 452 202 462 211 473 218 482 483 361 365 497 114 244 504 249 510 
1 130 66 169 73 12 45 492 276 120 538 61 286 318 
0 387 
1 545 2 353 387 549 452 263 491 114 244 277 314 154 189 285 381 
0 526 
0 169 130 276 62 286 
0 321 401 
0 465 487 
2 32 35 300 560 369 368 408 152 222 
0 492 519 
0 423 
0 297 74 99 
0 492 62 
1 72 299 340 99 510 
0 203 
2 517 11 78 49 83 219 349 
0 320 452 
3 517 262 103 11 76 235 204 207 336 17 49 83 498 53 219 349 414 
0 274 518 
0 162 
0 154 
0 496 
4 517 11 76 555 78 49 219 349 
0 452 
2 1 35 99 485 164 135 12 335 177 178 86 119 
3 1 35 99 485 164 135 335 178 85 119 447 
0 203 285 405 526 
1 528 244 5 
0 202 549 
0 476 
0 416 
0 557 
0 
0 165 
0 452 356 489 202 365 400 244 475 
0 340 452 
0 496 
0 274 398 
4 1 35 164 549 165 485 72 135 74 335 528 178 85 86 119 152 
0 321 
0 244 471 
0 137 426 363 554 244 542 479 
0 78 
1 192 553 330 267 46 
0 244 
0 518 
0 468 244 
1 416 34 165 297 202 367 496 528 147 244 378 380 445 415 
0 424 391 
0 202 
0 281 447 
0 472 260 405 367 
0 555 
3 387 259 10 267 526 528 277 150 154 285 545 549 298 314 189 61 64 452 203 353 228 361 491 381 
0 264 497 480 132 
0 
0 165 202 398 244 285 415 
0 150 495 
5 1 35 99 485 164 135 335 178 85 86 447 
0 62 
0 202 
0 526 
2 160 161 35 452 549 40 528 340 244 150 380 285 159 
0 202 
0 528 185 549 150 253 
0 231 313 150 391 
0 264 
0 530 259 
0 361 
2 66 62 
0 308 165 150 
1 480 386 264 202 365 497 115 244 
0 374 
0 161 211 44 259 
6 1 35 99 485 164 335 178 85 86 119 
0 528 61 
1 102 426 363 554 244 542 479 
0 244 
0 332 263 
0 269 397 
0 49 
0 496 
0 452 
0 285 
0 61 174 
0 464 551 
2 416 385 34 549 165 357 297 555 108 492 171 367 528 400 496 150 536 378 410 285 
0 496 510 
0 506 
4 258 131 259 526 400 17 528 147 276 533 152 26 283 285 416 418 419 546 162 549 165 555 44 301 308 185 447 452 326 201 331 460 208 211 350 231 492 367 496 495 114 498 244 242 118 376 123 125 126 510 
5 159 2 259 526 211 61 445 447 
3 1 267 526 276 150 408 410 155 157 32 416 35 549 425 171 300 555 560 50 180 309 437 183 188 447 196 69 452 203 207 464 348 222 99 357 492 368 369 496 498 502 510 
0 400 
4 64 161 290 259 452 198 361 202 267 44 203 526 81 114 310 281 345 61 285 287 
1 452 425 203 50 502 183 152 348 
0 528 215 
0 152 
0 452 
3 35 452 391 487 15 431 211 276 151 218 123 412 61 510 
3 161 35 163 452 40 396 340 123 447 
9 259 134 526 400 154 285 160 35 165 549 40 297 555 44 61 452 211 340 345 480 496 244 501 123 510 
1 389 366 80 150 376 377 507 
0 160 452 
7 1 35 99 485 135 12 335 177 178 85 86 119 
3 131 6 395 397 398 400 528 147 403 150 285 415 416 161 34 549 552 297 43 44 555 302 304 436 308 440 452 329 202 467 217 346 345 94 350 352 223 99 230 360 108 492 367 496 498 244 117 245 372 378 510 383 
0 202 
0 251 492 
1 184 39 
3 66 276 61 62 
0 521 393 462 286 
0 416 385 357 555 267 526 496 147 152 378 410 222 
0 198 
0 555 
1 145 61 
0 452 
0 512 321 317 
1 512 178 12 85 164 
8 1 35 99 164 485 135 12 335 177 85 86 119 
0 240 507 389 
0 152 
0 452 
0 452 
2 416 452 425 203 50 502 152 155 348 
2 321 39 168 393 19 445 
1 125 150 253 
0 538 276 61 
0 306 
0 152 496 434 549 
0 64 545 353 387 452 549 491 114 277 314 285 381 
0 528 
0 361 
2 104 553 330 46 
0 202 
0 538 525 
0 202 
0 35 261 457 202 208 244 152 
0 452 
1 154 172 
0 416 452 
0 361 
0 150 
5 259 132 264 397 14 526 528 400 398 275 277 23 279 154 539 540 285 415 37 165 166 424 41 549 555 294 559 50 306 438 61 193 195 196 452 457 458 333 463 207 337 89 474 95 481 226 484 230 108 365 110 492 496 498 499 244 117 373 121 124 380 
5 259 265 267 526 528 405 152 154 155 285 288 297 42 425 50 183 452 330 75 87 348 114 502 247 
4 262 78 526 336 17 49 498 207 53 
0 361 
0 549 
6 262 202 204 492 78 336 17 49 498 53 533 152 380 255 
1 259 196 549 526 150 510 
1 384 19 451 510 
0 445 549 
6 385 2 259 516 134 276 150 151 159 161 420 549 422 307 443 61 445 447 452 461 344 225 357 501 510 
1 59 
0 285 
0 545 
1 156 431 
0 416 
0 165 
4 259 391 12 397 526 528 400 276 281 410 285 286 159 416 424 555 44 46 61 319 330 464 483 361 365 367 496 497 244 506 510 
5 416 517 11 76 78 496 49 83 349 
0 345 361 285 
0 528 303 
4 32 416 35 69 357 517 171 300 267 526 555 560 369 496 368 152 408 410 30 
0 165 
0 285 
0 211 
0 202 
2 292 492 528 433 25 57 
0 114 
0 361 
0 202 244 165 397 492 
1 313 126 150 
0 424 391 
0 528 268 
1 473 38 511 
0 78 
0 361 
0 361 
0 
1 432 27 286 
1 179 507 389 
0 361 
0 331 150 
1 15 
11 380 510 2 259 132 5 6 264 137 138 267 396 397 526 15 400 17 529 273 398 528 150 276 285 542 415 416 161 35 291 165 421 549 424 426 554 44 555 558 561 54 60 61 316 64 448 196 452 457 202 459 468 470 471 88 218 475 95 479 356 101 102 230 105 107 108 363 365 492 497 370 117 123 379 508 382 255 
0 165 
0 482 483 276 
2 416 361 203 25 285 30 
0 361 
0 61 406 
0 285 
1 492 167 
0 285 
2 185 125 
0 488 361 35 
0 244 492 207 
0 281 
0 549 
0 150 
8 128 2 134 267 12 526 530 276 150 151 537 154 538 285 286 161 297 555 61 445 447 452 329 202 203 208 211 218 480 364 368 497 114 244 510 
1 112 405 
2 35 196 291 327 
5 452 7 204 78 207 400 17 49 336 498 53 345 
2 64 139 332 
2 480 132 202 497 115 244 127 
0 203 
0 361 
2 416 259 452 357 104 42 171 203 555 526 368 496 114 464 244 405 466 152 154 410 222 
1 233 
1 140 508 413 397 
0 528 
0 345 427 527 
0 452 
0 244 
1 398 521 98 286 79 
0 202 
12 2 259 391 528 150 24 281 152 538 159 424 169 44 428 186 443 445 61 62 447 66 211 218 482 483 365 497 244 246 510 
2 64 545 353 387 452 549 202 491 334 114 314 189 285 381 
0 285 
0 202 
1 58 452 
1 256 111 276 154 218 61 287 
0 528 
0 150 
0 361 
12 380 259 387 5 526 398 144 400 528 147 277 150 278 25 154 541 415 416 161 545 547 165 550 295 296 297 549 555 44 51 55 314 61 189 64 452 328 202 203 213 87 345 218 220 476 224 353 480 361 491 492 494 367 496 114 498 244 117 247 250 123 252 381 510 509 
3 66 259 452 483 521 170 462 239 432 274 218 61 62 319 
0 281 154 
0 203 
0 424 391 
0 154 
0 35 244 261 
3 227 492 528 433 25 57 
0 405 
0 202 
1 5 285 
0 285 
4 416 161 34 259 355 165 322 452 72 480 362 203 108 555 367 48 496 147 378 442 285 
0 114 
0 74 340 510 
5 32 35 69 359 560 369 368 152 408 222 
0 150 
0 165 
1 528 221 
0 165 
0 510 
1 202 187 397 
0 211 516 
1 131 165 150 
0 152 453 
1 321 422 10 154 61 445 317 
0 49 
1 392 33 
2 126 231 
4 64 545 353 387 452 549 491 114 277 189 285 381 
0 375 
0 244 61 462 
2 176 321 10 310 422 
0 62 390 
0 218 483 61 286 
1 452 77 
3 67 100 422 423 10 176 401 469 310 184 344 61 317 
0 297 549 
0 450 35 
0 330 
0 492 
0 546 150 
0 35 261 
0 285 
0 259 165 549 44 528 372 
3 192 417 416 324 104 361 553 203 46 367 496 405 218 410 
1 242 150 
1 139 263 
0 202 
0 277 
9 1 35 99 164 485 135 178 85 86 119 
7 262 204 78 207 17 49 498 53 
0 202 
0 528 
0 513 
4 96 160 161 35 452 40 74 299 123 510 
2 40 35 555 
0 49 
0 500 
0 321 211 422 
2 161 452 165 262 361 427 44 271 400 527 528 55 154 220 285 
0 165 
0 472 361 505 452 548 
4 452 425 203 50 502 183 152 155 
6 517 11 76 78 49 83 219 
0 452 165 150 
1 19 
0 165 
5 64 545 387 452 549 491 114 277 314 189 285 381 
0 555 452 
0 297 
1 558 398 15 244 508 95 
1 416 385 420 171 267 555 526 496 147 211 152 378 410 222 
0 452 
0 300 
0 165 
1 129 266 528 21 22 25 154 410 284 285 541 416 549 555 46 430 61 191 452 200 330 205 345 218 347 220 229 236 237 367 496 241 114 498 247 248 254 
1 48 297 
2 102 137 426 554 244 542 479 
0 259 
3 386 132 452 202 397 462 244 276 218 475 538 61 95 
0 162 
5 416 34 165 297 330 361 108 555 46 112 496 498 147 400 528 150 218 378 410 285 
6 32 35 259 69 549 517 452 267 300 526 560 369 152 408 410 222 510 
7 32 35 69 300 368 560 152 408 222 
0 448 244 
0 416 466 
1 329 452 165 
0 202 
1 133 
1 315 492 
2 162 492 528 533 150 29 510 
0 162 
6 416 385 34 165 357 297 171 108 367 496 147 410 446 
0 244 
0 452 549 202 108 207 528 244 123 285 415 
6 64 353 545 387 452 549 491 114 277 314 189 285 
0 244 477 
0 165 
2 209 19 451 510 
3 420 357 171 496 147 211 378 410 
0 132 365 
7 64 353 381 545 452 549 491 114 277 314 285 189 63 
0 549 
2 240 162 179 507 
1 318 
1 510 289 2 232 424 109 276 218 538 61 126 159 
2 312 33 
1 184 170 522 
0 452 
0 165 
0 160 244 452 
2 165 230 424 202 140 269 365 398 492 306 244 532 218 538 
4 98 356 165 549 202 555 492 397 558 15 528 274 244 117 508 285 415 
0 
1 515 262 526 528 147 150 153 285 161 165 549 555 44 55 452 202 345 218 95 492 367 496 498 244 
1 321 67 61 
0 504 61 
0 165 
0 549 
4 260 293 452 42 203 267 330 526 112 496 87 
1 8 249 61 
0 513 
8 32 35 69 300 368 369 560 152 222 
0 416 
11 416 385 357 361 330 171 267 555 46 367 368 526 496 147 152 218 378 222 
1 457 4 
0 159 
0 508 269 
0 78 
2 165 202 108 398 244 117 380 285 
9 517 11 267 13 524 526 17 147 150 152 25 409 410 285 30 34 165 549 297 171 555 46 47 434 183 452 199 330 466 216 218 91 219 222 478 357 361 108 492 367 496 371 244 247 378 
0 330 
1 26 150 
0 452 150 
0 385 211 357 
0 244 
4 321 10 211 310 344 317 
1 321 71 
3 289 391 232 202 523 44 109 397 525 244 276 532 218 538 61 510 541 
6 452 203 50 502 183 152 155 348 
3 102 137 554 363 244 542 479 
1 527 345 271 
0 276 61 
1 16 469 
0 361 
0 215 159 
0 528 286 239 
4 227 292 492 528 25 57 
1 416 188 549 478 
0 447 
0 165 
0 152 
0 202 
0 498 
0 165 
0 61 525 
0 297 
0 538 211 276 
0 452 
3 2 259 108 526 17 210 211 276 310 151 184 537 61 447 
0 378 
1 160 1 2 259 452 549 551 526 111 497 211 276 435 86 119 150 151 152 61 445 510 
1 370 244 
1 2 
2 35 323 
3 384 209 19 510 
10 1 526 527 528 532 535 28 544 545 35 36 549 40 42 555 44 556 46 50 51 52 58 61 64 77 84 95 96 114 123 143 150 152 154 155 158 159 160 161 163 165 175 181 182 183 189 197 199 202 203 211 244 259 262 267 272 277 280 285 286 297 314 320 340 345 347 348 350 353 354 358 361 365 368 372 380 381 387 394 396 400 405 416 419 425 444 447 456 476 480 489 491 492 493 497 501 502 503 510 
1 309 
0 492 
0 498 
0 452 
2 4 196 9 202 244 411 
0 202 
0 244 
0 150 
0 211 519 
1 521 170 365 316 61 286 
0 202 
1 551 267 555 146 152 218 
1 487 68 15 
1 416 267 371 
0 165 
1 107 244 
0 321 429 
0 244 
1 244 101 
1 112 505 347 548 
3 234 538 61 38 511 
0 202 
1 244 365 95 
1 90 452 285 
1 382 
0 416 434 549 
4 102 137 426 363 554 244 542 
3 161 259 132 452 264 297 555 497 115 285 
0 202 
1 512 483 276 61 246 
6 482 276 246 218 61 286 319 
0 202 
10 1 35 99 164 135 335 178 85 86 119 
0 492 
2 159 465 68 15 
1 254 
1 491 452 526 95 
0 528 
9 64 353 545 387 452 549 489 526 114 277 314 189 285 381 
7 397 398 400 528 147 20 533 150 152 25 285 543 416 292 165 549 167 555 44 433 57 62 452 325 70 454 73 202 207 227 230 486 496 244 375 376 506 251 510 255 
0 452 
0 285 
1 118 150 
10 385 267 142 526 400 17 528 147 148 405 150 152 410 285 541 416 161 34 165 549 297 171 555 46 188 202 330 82 218 219 222 97 357 361 108 492 367 498 378 
9 480 1 35 132 259 452 264 115 244 276 218 61 510 447 
11 3 262 400 17 528 150 152 285 541 165 549 555 49 53 439 455 202 204 78 207 336 361 367 496 
0 202 
1 343 
0 161 211 452 
7 452 425 203 50 183 152 155 348 
0 452 
1 402 61 
2 472 347 548 
1 218 492 149 
3 240 162 179 389 
2 356 269 398 15 558 244 413 
0 285 
5 384 259 391 528 17 19 148 276 150 24 152 538 285 159 161 165 549 424 299 44 305 61 447 451 452 74 208 209 211 340 218 492 368 497 244 376 
2 473 234 38 
2 176 177 482 538 44 
1 339 407 
1 46 
0 400 
1 211 307 
7 416 11 76 555 78 368 49 83 219 349 222 
1 106 79 
1 461 70 
0 
4 170 462 274 61 286 31 
0 393 
0 424 
1 416 13 549 526 
1 424 441 194 61 
7 259 267 524 13 400 528 405 150 151 152 154 410 538 285 416 161 549 551 42 171 44 555 61 445 447 65 452 202 203 204 208 87 218 222 357 489 491 368 496 114 244 122 
3 345 427 452 271 
9 5 136 270 398 400 526 147 276 533 150 25 282 27 156 285 541 35 292 165 549 555 44 303 432 433 561 56 57 190 452 329 202 203 338 88 345 218 221 99 227 233 361 490 108 492 367 496 114 498 244 376 123 380 125 510 
0 244 
1 128 259 
1 19 
0 424 452 397 
0 376 528 492 150 207 
0 49 
0 452 
0 147 
0 259 445 
4 512 194 259 391 424 365 397 526 276 473 186 443 61 62 510 
0 202 
0 202 
0 549 424 361 555 496 528 498 61 285 
5 102 137 426 363 554 244 479 
0 492 
0 452 
11 64 353 387 452 549 491 114 277 214 314 285 189 381 
1 150 326 
0 285 
3 472 505 347 
8 1 257 387 388 524 13 398 526 400 17 528 147 404 277 150 152 28 285 541 416 161 545 165 555 44 434 314 188 189 447 64 322 452 329 202 206 208 210 211 89 478 353 99 361 491 492 368 496 114 498 244 123 380 125 381 510 
0 285 
2 464 146 526 447 
0 165 
4 104 192 330 46 
7 102 137 426 363 244 542 479 
6 1 259 517 267 398 526 400 528 147 150 152 410 285 30 541 416 161 165 549 297 171 173 452 202 464 83 341 218 222 480 354 357 361 492 367 496 113 498 244 
0 452 
1 92 
3 508 244 356 398 15 
0 202 
9 32 35 69 300 368 369 152 408 222 
0 528 44 244 
