80 508
0 14 
0 75 37 14 
0 33 5 37 69 40 73 44 46 54 57 25 27 60 28 63 
0 34 66 68 7 72 9 47 79 50 19 
1 3 37 39 10 17 20 22 28 
0 35 37 72 16 48 55 57 58 28 
1 66 34 4 68 38 72 9 47 79 15 50 19 
0 72 56 
2 66 35 4 37 38 7 72 68 34 47 79 15 50 19 28 
0 5 37 39 17 20 22 
0 72 42 
0 14 
0 43 
1 32 1 2 65 37 41 75 12 80 24 
0 33 34 66 68 37 38 7 72 9 76 77 79 48 19 23 57 26 59 29 
1 35 6 72 48 55 57 58 
2 37 5 39 10 20 22 
0 48 57 44 
3 34 66 4 68 38 7 72 9 15 79 47 50 
3 5 37 39 10 17 22 
0 
4 5 37 39 10 17 20 
1 77 15 
0 14 
1 33 3 69 40 73 27 63 
1 59 77 29 15 
2 33 3 69 40 73 25 63 
3 64 3 35 5 6 37 72 9 43 44 46 55 57 58 59 30 31 
2 36 37 77 45 15 26 59 
0 59 28 37 
0 28 37 
0 14 
3 3 69 40 73 15 25 27 59 63 
4 66 4 68 38 7 72 9 15 47 79 50 19 48 
4 37 6 9 44 16 48 55 57 58 28 
0 29 
5 2 3 5 6 9 10 14 15 17 20 22 28 29 30 31 35 39 43 44 46 53 55 57 58 59 60 61 62 64 66 67 70 72 75 77 78 
5 34 66 68 7 72 9 15 79 48 19 52 
6 5 37 10 17 20 22 
4 33 3 69 73 25 27 63 
0 14 
1 72 11 
1 28 13 37 78 
1 3 35 37 74 48 18 55 57 58 59 28 
0 76 29 
1 3 28 37 54 
5 34 66 4 7 72 9 19 
2 34 35 6 38 44 15 16 18 55 57 58 
0 
5 34 66 4 68 7 72 9 79 19 
0 57 
0 38 
0 37 
2 3 46 
6 35 37 6 72 44 16 48 57 58 28 
1 8 
7 3 35 37 6 72 44 76 15 16 48 18 51 55 58 59 28 
8 35 37 6 72 44 16 48 55 57 28 
4 64 33 37 44 77 15 57 26 28 29 30 
1 3 37 
0 37 
0 37 
5 33 3 69 40 73 25 27 
0 59 28 37 
0 14 
6 34 4 37 38 7 68 9 72 15 47 79 50 19 
0 37 
7 34 66 4 38 7 72 9 15 79 50 19 
6 33 3 40 73 25 27 63 
0 37 
0 
9 4 6 7 8 9 11 15 16 19 28 34 37 38 42 47 50 55 57 58 66 68 79 
7 33 3 69 40 25 27 63 
0 44 77 
2 2 37 14 
1 57 45 15 
3 37 74 15 23 26 59 29 
0 43 37 
8 34 66 4 68 38 7 72 9 15 50 19 
0 14 
