128 4226
0 128 12 27 31 32 33 37 44 47 55 57 64 67 70 72 74 76 79 80 88 90 98 102 103 105 108 109 110 114 117 119 120 122 
11 128 6 7 8 10 13 20 22 23 24 25 28 30 36 38 41 45 46 52 53 58 60 61 62 64 66 68 69 70 71 75 76 82 83 84 86 88 89 91 92 93 94 96 99 107 111 113 115 116 118 122 123 126 127 
0 32 35 4 5 104 9 42 11 48 81 50 49 18 85 21 87 16 26 59 124 63 
1 3 5 104 40 9 77 15 48 49 18 21 54 26 59 124 29 
2 32 33 3 4 37 35 104 9 12 77 48 81 16 21 87 29 63 
1 2 10 13 23 41 56 60 64 67 70 71 75 76 84 89 93 95 96 106 107 111 113 122 127 
1 128 2 8 14 19 20 25 27 28 39 43 45 46 52 58 62 66 68 69 73 76 78 83 88 91 92 94 99 100 101 107 110 113 114 115 123 125 126 
2 128 2 7 10 14 19 20 27 28 39 43 45 52 58 62 64 65 66 68 69 73 74 75 76 78 79 83 88 90 91 92 94 97 99 100 101 102 105 107 108 110 113 114 115 117 122 123 125 126 
3 3 4 5 104 40 42 77 15 48 81 49 18 85 54 87 21 26 59 124 29 
30 2 6 8 13 20 22 24 25 28 30 36 38 41 45 46 52 53 58 61 62 66 68 69 71 75 76 82 83 84 86 88 91 92 93 94 96 99 107 111 113 115 116 118 123 126 127 
1 3 104 42 81 50 49 17 85 59 63 
1 1 5 16 31 32 33 35 37 44 47 48 55 74 79 80 87 90 98 102 103 108 109 110 112 117 120 
29 2 6 10 23 24 30 41 45 56 60 64 67 70 71 75 76 84 89 93 95 96 106 107 111 113 122 123 127 
0 128 7 8 19 27 28 39 43 45 52 62 65 66 68 69 73 76 78 83 88 91 92 94 97 99 100 101 114 115 123 125 126 
0 4 104 9 40 77 112 49 48 18 21 54 26 124 29 
3 3 5 12 32 33 35 37 47 48 65 74 79 80 87 90 97 102 105 110 114 117 121 125 
0 42 11 81 50 49 85 59 63 
2 3 4 104 9 40 77 15 49 21 54 26 59 124 29 
3 128 7 8 14 27 28 39 43 51 52 62 65 66 68 73 74 76 78 79 88 90 91 92 97 99 100 101 105 108 110 114 115 117 123 125 126 
22 128 2 7 8 10 22 24 25 28 30 36 38 41 43 45 46 52 53 58 61 62 66 68 69 75 76 82 83 84 86 88 91 92 93 94 96 99 107 111 113 115 116 118 123 126 127 
4 3 4 5 104 9 42 40 77 15 48 81 18 49 54 26 59 124 29 
20 2 10 20 24 25 30 36 38 41 45 46 52 53 58 61 66 69 82 83 86 93 94 113 115 116 118 123 126 
3 2 6 13 55 56 57 60 64 67 70 71 75 76 84 89 95 96 106 107 111 122 127 
3 2 10 13 20 22 25 28 30 36 38 41 45 46 52 53 58 61 62 66 68 69 71 75 82 83 84 86 88 91 92 93 94 96 99 107 111 113 115 116 118 123 126 127 
16 2 7 10 20 22 24 28 30 36 38 41 45 46 52 53 58 61 62 66 68 69 75 82 83 84 86 91 92 93 94 99 107 111 113 115 116 118 123 126 127 
5 3 4 104 9 40 77 15 49 18 21 54 59 124 29 
4 128 1 7 8 14 19 28 31 39 43 45 52 55 57 62 64 66 67 68 69 70 73 74 75 76 78 79 80 83 88 90 91 92 97 98 99 100 101 102 103 105 107 108 109 110 113 114 115 117 122 123 125 126 127 
25 128 2 7 8 10 14 19 20 24 25 27 30 36 38 39 41 43 45 46 52 53 58 61 62 64 66 68 69 73 74 75 76 78 79 82 83 86 88 91 92 93 94 96 99 100 101 107 108 110 111 113 114 115 116 118 123 125 126 127 
6 4 5 104 9 40 77 15 112 49 18 48 21 54 26 124 
4 2 10 13 20 22 24 25 28 36 38 41 45 46 52 53 58 61 62 66 68 69 75 76 82 83 84 86 88 91 92 93 94 96 99 107 111 113 115 116 118 123 126 127 
2 1 12 27 32 33 37 44 47 55 57 64 67 72 74 79 80 90 98 102 103 108 109 110 117 119 120 122 
4 1 3 5 12 16 31 33 35 37 47 48 74 79 80 87 90 98 102 109 112 117 120 
5 1 5 12 16 31 32 35 37 39 47 48 65 74 78 79 80 87 90 97 102 105 108 109 110 114 117 120 121 125 
0 97 65 35 51 121 125 
6 32 33 34 3 97 5 65 105 74 12 16 48 117 87 121 63 
28 2 10 20 22 24 25 28 30 38 41 45 46 52 53 58 61 66 69 75 82 83 86 93 94 111 113 115 116 118 123 126 127 
6 32 1 33 98 5 102 103 72 12 109 44 47 16 112 80 48 87 120 31 
9 2 10 20 22 24 25 28 30 36 41 45 46 52 53 58 61 62 66 68 69 75 82 83 84 86 91 92 93 94 96 99 107 111 113 115 116 118 123 126 127 
7 128 7 8 14 19 27 28 33 43 51 52 62 65 66 68 73 74 76 78 79 80 88 90 91 92 97 99 100 101 102 105 108 109 110 114 117 121 125 
7 4 104 9 77 15 49 18 21 54 26 59 124 29 
8 2 6 10 13 20 22 24 25 28 30 36 38 45 46 52 53 58 61 66 68 69 71 75 82 83 84 86 92 93 94 96 99 107 111 113 115 116 118 123 126 127 
2 3 104 9 11 17 81 50 49 21 85 59 63 
5 128 7 8 14 19 20 27 28 39 45 52 62 64 65 66 68 69 73 74 76 78 79 80 83 88 90 91 92 94 97 99 100 101 102 105 107 108 109 110 113 114 115 117 122 123 125 126 
3 1 12 31 37 47 55 57 64 67 70 72 79 80 90 98 102 103 108 109 110 119 120 122 
23 128 2 7 8 10 13 14 20 22 24 25 27 28 30 36 38 41 43 46 52 53 58 61 62 66 68 69 71 73 75 76 82 83 84 86 88 91 92 93 94 96 99 100 107 111 113 115 116 118 123 126 127 
2 2 7 10 20 22 24 25 28 30 36 38 41 45 52 53 58 61 62 66 68 69 75 82 83 86 91 92 93 94 99 107 111 113 115 116 118 123 126 127 
7 32 1 33 98 37 102 103 72 12 44 109 16 112 80 119 120 57 55 31 
7 32 33 3 4 5 35 37 9 12 77 15 16 112 21 54 87 29 
8 3 4 40 9 42 11 104 77 15 17 18 81 50 21 85 54 26 59 124 29 63 
3 3 104 42 11 17 49 81 85 59 63 
1 97 34 65 100 101 39 105 74 73 78 114 19 117 121 125 
10 128 2 7 8 10 14 19 20 22 24 25 27 28 30 36 38 39 41 43 45 46 53 58 61 62 64 66 68 69 73 75 76 78 79 82 83 84 86 88 91 92 93 94 96 99 100 101 107 108 110 111 113 114 115 116 118 123 126 127 
12 2 10 20 22 24 25 28 30 36 38 41 45 46 52 58 61 62 66 68 69 75 82 83 84 86 88 91 92 93 94 96 99 107 111 113 115 116 118 123 126 127 
9 4 40 9 104 77 15 48 49 18 112 21 26 124 29 
5 128 1 12 23 27 31 44 47 57 64 67 70 72 76 79 80 88 90 98 102 103 108 109 110 119 120 122 
0 96 95 64 67 6 71 70 106 13 111 84 23 89 122 60 127 
1 128 1 23 27 31 44 47 55 64 67 70 72 76 79 80 88 89 90 98 102 103 108 109 110 119 120 122 
5 2 7 8 10 20 22 24 25 28 30 36 38 41 45 46 52 53 61 62 66 68 69 75 82 83 84 86 88 91 92 93 94 99 107 111 113 115 116 118 123 126 127 
6 3 4 40 9 42 11 104 17 18 49 50 21 85 81 26 124 63 
4 96 95 2 67 64 6 71 70 106 107 75 13 111 84 23 56 89 122 93 127 
21 2 10 20 22 24 25 28 30 36 38 41 45 46 52 53 58 66 68 69 75 82 83 84 86 92 93 94 107 111 113 115 116 118 123 126 127 
8 128 2 7 8 10 14 19 20 24 25 27 28 30 38 39 43 45 46 52 53 58 64 66 68 69 73 74 75 76 78 79 82 83 88 90 91 92 93 94 97 99 100 101 105 107 108 110 113 114 115 116 117 122 123 125 126 127 
4 3 35 5 104 42 11 17 49 50 81 85 59 
7 128 1 2 6 8 13 23 27 28 31 43 44 52 55 56 57 60 62 67 68 70 71 75 76 79 80 84 88 89 90 91 92 96 98 100 103 107 108 109 110 114 119 122 123 127 
4 8 14 16 19 33 34 35 39 43 51 73 74 78 79 90 97 100 101 102 105 114 117 121 125 
24 128 2 7 8 10 14 19 20 22 24 25 27 28 30 36 38 39 41 43 45 46 52 53 58 61 62 68 69 73 75 76 82 83 84 86 88 91 92 93 94 96 99 100 101 107 110 111 113 114 115 116 118 123 126 127 
6 128 1 6 13 23 27 31 44 55 56 57 60 64 68 70 71 72 76 79 80 88 89 90 96 98 103 108 109 110 119 120 122 
29 128 2 7 8 10 14 19 20 24 25 27 28 30 38 39 41 43 45 46 52 53 58 61 62 64 66 67 69 70 71 73 74 75 76 78 79 82 83 84 88 90 91 92 93 94 96 99 100 101 102 107 108 109 110 111 113 114 115 116 122 123 125 126 127 
7 128 2 7 8 10 14 20 22 24 25 27 28 30 36 38 41 43 45 46 52 53 58 61 62 66 68 73 75 76 82 83 84 86 88 91 92 93 94 96 99 100 107 111 113 115 116 118 123 126 127 
8 128 1 2 6 13 23 27 44 55 56 57 60 64 67 68 71 75 76 84 88 89 92 95 96 98 103 106 107 108 109 110 111 122 127 
9 2 6 10 13 23 24 41 45 56 60 64 67 68 70 75 76 84 88 89 92 93 95 96 106 107 111 113 122 123 126 127 
4 1 98 67 37 102 103 44 109 108 47 80 55 120 57 119 31 
9 128 7 8 14 19 27 28 39 43 45 51 52 62 65 66 68 69 74 76 78 79 83 88 90 91 92 97 99 100 101 105 108 110 114 115 117 123 125 126 
10 128 1 8 12 16 19 27 28 31 32 33 35 39 43 51 62 65 68 73 76 78 79 80 88 90 91 97 98 100 101 102 105 108 109 110 114 117 121 125 
20 128 2 6 8 10 13 20 23 24 25 27 28 30 36 38 41 45 46 52 53 58 60 61 62 64 66 68 69 70 71 76 82 83 84 86 88 89 91 92 93 94 96 99 107 111 113 115 116 118 122 123 126 127 
12 128 1 2 6 7 8 10 13 14 19 20 23 27 28 30 39 43 45 52 55 57 62 64 66 67 68 69 70 71 73 74 75 78 79 80 83 88 89 90 91 92 93 94 96 99 100 101 102 105 107 108 109 110 111 113 114 115 117 122 123 125 126 127 
10 4 5 40 9 104 15 48 49 18 112 21 54 26 124 29 
11 128 7 8 14 19 27 28 33 39 43 51 52 62 65 68 73 74 76 79 80 88 90 91 92 97 99 100 101 102 105 108 109 110 114 117 121 125 
14 128 1 8 12 16 19 27 28 31 32 33 39 43 44 52 55 57 62 64 65 67 68 73 74 76 78 80 88 90 91 92 97 98 99 100 101 102 103 105 108 109 110 114 117 125 
8 128 1 12 16 27 31 32 33 37 39 43 44 47 55 57 64 67 72 74 76 78 79 88 90 97 98 100 102 103 105 108 109 110 114 117 119 120 125 
5 3 5 104 9 42 11 17 49 50 21 85 59 63 
18 2 10 20 22 24 25 28 30 36 38 41 45 46 52 53 58 61 62 66 68 69 75 83 84 86 92 93 94 99 111 113 115 116 118 123 126 127 
6 128 2 7 8 10 14 20 22 24 25 27 28 30 36 38 41 43 45 46 52 53 58 61 62 66 68 69 73 75 76 82 86 88 91 92 93 94 99 100 107 111 113 115 116 118 123 126 127 
6 2 6 10 13 20 23 24 25 30 38 41 45 52 53 56 58 60 61 64 66 68 69 70 71 75 82 86 89 92 93 94 95 96 106 107 111 113 115 116 122 123 126 127 
7 3 104 9 42 11 17 49 50 81 59 63 
29 2 10 20 22 24 25 28 30 36 38 41 45 46 52 53 58 61 66 69 75 82 83 84 92 93 94 111 113 115 116 118 123 126 127 
8 32 33 3 35 5 37 9 12 16 48 
16 128 1 2 7 8 10 14 19 20 24 27 28 30 39 43 45 52 53 55 57 58 62 64 66 67 68 69 70 71 73 74 75 76 78 79 80 83 90 91 92 93 94 96 99 100 101 102 105 107 108 109 110 113 114 115 116 117 122 123 125 126 127 
5 2 6 13 23 56 57 60 64 67 70 71 75 76 84 93 95 96 106 107 111 122 127 
13 128 1 8 12 16 19 27 31 32 33 39 43 44 55 57 62 64 65 67 68 73 74 76 78 79 80 88 91 92 97 98 100 101 102 103 105 108 109 110 114 117 120 125 
21 128 2 7 8 10 14 19 20 24 25 27 28 30 38 39 43 45 46 52 53 58 62 64 66 68 69 73 74 75 76 78 79 83 88 90 92 93 94 97 99 100 101 105 107 108 110 113 114 115 116 117 122 123 125 126 127 
28 128 2 7 8 10 14 19 20 24 25 27 28 30 38 39 41 43 45 46 52 53 58 61 62 64 66 68 69 70 71 73 75 76 78 79 82 83 84 86 88 90 91 93 94 96 99 100 101 107 108 110 111 113 114 115 116 118 122 123 126 127 
17 2 6 10 13 20 22 24 25 28 30 36 38 41 45 46 52 53 58 60 61 62 66 68 69 71 75 76 82 83 84 86 88 89 91 92 94 96 99 107 111 113 115 116 118 123 126 127 
15 128 2 7 8 10 14 20 22 24 25 28 30 36 38 41 43 45 46 52 53 58 61 62 66 68 69 75 76 82 83 84 86 88 91 92 93 99 107 111 113 115 116 118 123 126 127 
7 96 70 6 71 106 13 84 23 56 89 122 60 127 
15 2 6 10 13 20 23 24 28 30 38 41 45 52 53 56 60 64 66 67 68 69 70 71 75 76 84 88 89 92 93 95 106 107 111 113 115 116 122 123 126 127 
12 128 8 14 16 19 27 33 34 35 39 43 51 62 65 73 74 78 79 80 90 91 100 101 102 105 108 109 110 114 117 121 125 
9 128 1 12 27 31 32 37 44 47 55 57 64 67 70 72 74 79 80 90 102 103 108 109 110 119 120 122 
26 128 2 7 8 10 14 19 20 24 25 27 28 30 38 39 41 43 45 46 52 53 58 62 66 68 69 73 75 76 78 79 82 83 88 91 92 93 94 100 101 107 110 113 114 115 116 118 123 126 127 
15 128 7 8 14 19 27 28 39 43 45 51 52 62 64 65 66 68 69 73 74 76 78 79 80 83 88 90 91 92 97 99 101 102 105 107 108 110 114 115 117 123 125 126 
19 128 7 8 14 19 27 28 39 43 51 52 62 65 66 68 73 74 76 78 79 88 90 91 92 97 99 100 105 110 114 115 117 125 
17 128 1 8 12 16 27 31 32 33 37 39 43 44 47 55 57 65 68 72 74 76 78 79 80 88 90 97 98 100 103 105 108 109 110 114 117 120 125 
10 1 12 27 31 37 44 47 55 57 64 67 70 72 79 80 90 98 102 108 109 110 119 120 122 
11 3 4 5 40 9 42 11 77 15 49 18 50 81 21 54 85 26 59 124 29 63 
18 128 1 8 16 19 27 33 35 39 43 51 62 65 73 74 76 78 79 80 88 90 91 97 100 101 102 108 109 110 114 117 121 125 
10 96 70 6 71 13 84 23 56 89 60 95 
18 128 2 6 7 8 10 13 20 23 24 25 27 28 30 38 41 43 45 46 52 53 58 60 61 62 64 66 68 69 70 71 75 76 83 84 88 89 91 92 93 94 96 99 100 110 111 113 115 116 122 123 126 127 
19 128 1 8 12 19 27 28 31 33 39 43 44 52 55 57 62 64 67 68 70 72 73 74 76 78 79 80 88 90 91 92 97 98 100 102 103 105 109 110 114 117 120 122 125 
15 128 1 12 27 31 32 33 37 39 43 44 47 55 57 64 67 68 70 72 74 76 78 79 80 88 90 97 98 102 103 105 108 110 114 117 119 120 122 
20 128 1 7 8 12 16 19 27 28 31 33 39 43 44 52 55 57 62 64 66 67 68 70 73 74 76 78 79 80 88 90 91 92 97 98 99 100 101 102 103 105 107 108 109 114 117 122 123 125 126 
26 2 6 10 13 20 23 24 25 28 30 36 38 41 45 46 52 53 56 58 60 61 66 68 69 70 71 75 76 82 83 84 86 89 92 93 94 96 107 113 115 116 118 122 123 126 127 
2 32 37 12 77 47 15 48 54 120 29 
0 128 2 6 7 8 10 13 20 22 24 25 27 28 30 36 38 41 43 45 46 52 53 58 61 62 66 68 69 71 75 76 82 83 84 86 88 91 92 93 94 96 99 107 111 115 116 118 123 126 127 
22 128 1 7 8 14 16 19 27 28 33 39 43 51 52 62 64 65 66 68 73 74 76 78 79 80 88 90 91 92 97 99 100 101 102 105 108 109 110 115 117 123 125 126 
14 128 2 7 8 10 14 19 20 22 24 25 27 28 30 36 38 41 43 45 46 52 53 58 61 62 66 68 69 73 75 76 82 83 84 86 88 91 92 93 94 96 99 100 101 107 111 113 114 116 118 123 126 127 
1 2 10 20 22 24 25 28 30 36 38 41 45 46 52 53 58 61 62 66 68 69 75 82 83 84 86 88 91 92 93 94 96 99 107 111 113 115 118 123 126 127 
23 128 1 8 12 16 19 27 31 32 33 35 39 43 51 62 65 73 74 76 78 79 80 88 90 91 97 100 101 102 105 108 109 110 114 121 125 
27 2 10 20 22 24 25 28 30 36 38 41 45 46 52 53 58 61 66 69 75 82 83 86 92 93 94 99 111 113 115 116 123 126 
11 64 1 98 67 103 72 44 109 47 80 55 120 57 122 31 
12 32 1 33 67 98 37 102 103 72 12 44 108 47 80 109 112 55 119 57 90 31 
2 33 34 35 65 97 39 105 74 78 16 51 117 125 
13 128 1 2 6 8 13 23 27 31 43 44 55 56 57 60 62 64 67 68 70 71 75 76 84 88 89 91 92 95 96 98 103 107 108 109 110 111 119 127 
13 128 2 7 8 10 13 14 19 20 22 24 25 27 28 30 36 38 41 43 45 46 52 53 58 61 62 64 66 68 69 71 73 75 76 82 83 84 86 88 91 92 93 94 96 99 100 107 110 111 113 114 115 116 118 126 127 
12 3 4 40 9 104 77 15 49 18 21 54 26 59 29 
24 128 7 8 14 16 19 27 28 33 34 39 43 51 62 65 68 73 74 76 78 79 80 88 90 91 97 100 101 102 105 108 110 114 117 121 
19 128 2 7 8 10 14 19 20 22 24 25 27 28 30 36 38 41 43 45 46 52 53 58 61 62 66 68 69 71 73 75 76 82 83 84 86 88 91 92 93 94 96 99 100 107 110 111 113 114 115 116 118 123 127 
27 2 6 10 13 20 23 24 25 27 28 30 36 38 41 45 46 52 53 56 58 60 61 62 64 66 68 69 70 71 75 76 82 83 84 86 88 89 91 92 93 94 95 96 99 107 111 113 115 116 122 123 126 
30 1 2 7 8 14 19 20 27 28 39 43 45 52 55 57 62 64 66 67 68 69 70 73 74 75 76 78 79 80 83 88 90 91 92 94 97 98 99 100 101 102 105 107 108 109 110 113 114 115 117 122 123 125 126 
