128 6432
0 128 8 12 16 19 23 27 28 31 32 33 37 39 43 44 47 55 57 62 64 65 67 68 70 72 73 74 76 78 79 80 88 90 91 92 97 98 100 102 103 105 108 109 110 114 117 119 120 122 125 
21 128 6 7 8 10 13 14 19 20 22 23 24 25 27 28 30 36 38 41 43 45 46 52 53 56 58 60 61 62 64 66 67 68 69 70 71 73 75 76 82 83 84 86 88 89 91 92 93 94 95 96 99 100 101 106 107 108 110 111 113 114 115 116 118 122 123 126 127 
0 4 5 9 11 12 15 16 17 18 21 26 29 32 33 34 35 37 40 42 48 49 50 54 59 63 77 81 85 87 104 121 124 
1 3 5 9 11 15 17 18 21 26 29 40 42 48 49 50 54 59 63 77 81 85 87 104 112 124 
2 3 4 9 11 12 15 16 18 21 26 29 32 33 35 37 40 42 47 48 49 50 54 59 63 74 77 81 85 87 102 104 112 117 121 124 
1 128 2 8 10 13 20 23 24 27 28 30 38 41 45 52 53 55 56 57 60 62 64 66 67 68 69 70 71 75 76 84 88 89 91 92 93 95 96 98 103 106 107 108 110 111 113 115 116 122 123 126 127 
13 128 2 8 10 14 19 20 22 24 25 27 28 30 36 38 39 41 43 45 46 51 52 53 58 61 62 64 65 66 68 69 73 74 75 76 78 79 82 83 86 88 90 91 92 93 94 97 99 100 101 102 105 107 108 110 111 113 114 115 116 117 118 122 123 125 126 127 
2 128 1 2 6 7 10 13 14 16 19 20 24 25 27 28 30 33 36 38 39 41 43 45 46 51 52 53 55 57 58 61 62 64 65 66 67 68 69 70 71 73 74 75 76 78 79 80 82 83 84 86 88 89 90 91 92 93 94 96 97 98 99 100 101 102 103 105 107 108 109 110 111 113 114 115 116 117 118 122 123 125 126 127 
3 3 4 5 11 15 17 18 21 26 29 40 42 48 49 50 54 59 63 77 81 85 87 104 112 124 
32 128 2 6 7 8 13 14 19 20 22 23 24 25 27 28 30 36 38 41 43 45 46 52 53 56 58 60 61 62 64 66 68 69 70 71 73 75 76 82 83 84 86 88 89 91 92 93 94 96 99 100 107 110 111 113 114 115 116 118 122 123 126 127 
4 3 4 5 35 104 9 42 40 81 50 49 18 85 21 17 26 59 124 63 
1 128 1 3 5 16 27 29 31 32 33 35 37 39 44 47 48 55 57 67 72 74 78 79 80 87 90 97 98 102 103 105 108 109 110 112 114 117 119 120 121 125 
14 128 2 6 8 10 20 23 24 25 27 28 30 38 41 45 52 53 55 56 57 58 60 61 62 64 66 67 68 69 70 71 75 76 82 84 86 88 89 91 92 93 94 95 96 103 106 107 108 111 113 115 116 122 123 126 127 
11 128 2 7 8 10 19 20 24 25 27 28 30 38 39 43 45 46 51 52 53 58 62 65 66 68 69 73 74 75 76 78 79 82 83 86 88 90 91 92 93 94 97 99 100 101 105 107 108 110 113 114 115 116 117 118 123 125 126 127 
4 3 4 5 37 104 9 40 77 112 49 48 18 21 54 26 59 124 29 
3 128 1 3 5 8 12 19 27 31 32 33 34 35 37 39 43 44 47 48 51 65 73 74 78 79 80 87 90 97 98 100 101 102 105 108 109 110 114 117 120 121 125 
2 3 4 104 9 42 11 81 50 49 85 21 59 63 
5 3 4 5 9 11 15 21 26 29 40 42 48 49 50 54 59 63 77 81 85 87 104 112 124 
5 128 1 2 7 8 10 14 16 20 27 28 30 33 34 39 43 45 51 52 58 62 64 65 66 67 68 69 73 74 75 76 78 79 80 83 88 90 91 92 94 97 99 100 101 102 105 107 108 109 110 113 114 115 117 121 122 123 125 126 
15 128 2 6 7 8 10 13 14 19 22 24 25 27 28 30 36 38 39 41 43 45 46 52 53 58 61 62 64 66 68 69 71 73 75 76 82 83 84 86 88 89 91 92 93 94 96 99 100 101 107 110 111 113 114 115 116 118 122 123 126 127 
6 3 4 5 9 11 15 17 18 26 29 40 42 48 49 50 54 59 63 77 81 85 87 104 112 124 
2 2 7 10 20 24 25 28 30 36 38 41 45 46 52 53 58 61 62 66 68 69 75 82 83 84 86 91 92 93 94 99 107 111 113 115 116 118 123 126 127 
2 128 1 2 6 10 13 24 27 28 41 44 45 52 55 56 57 60 62 64 66 67 68 70 71 72 75 76 84 88 89 91 92 93 95 96 98 103 106 107 108 109 110 111 113 119 122 123 126 127 
31 128 2 6 7 8 10 13 14 20 22 23 25 27 28 30 36 38 41 43 45 46 52 53 58 60 61 62 64 66 68 69 70 71 73 75 76 82 83 84 86 88 89 91 92 93 94 96 99 100 107 111 113 115 116 118 122 123 126 127 
7 128 2 7 8 10 13 14 20 22 24 27 28 30 36 38 41 43 45 46 52 53 58 61 62 66 68 69 71 73 75 76 82 83 84 86 88 91 92 93 94 96 99 100 107 111 113 115 116 118 123 126 127 
7 3 4 5 9 11 15 18 21 29 40 42 48 49 50 54 59 63 77 81 85 87 104 112 124 
8 1 2 6 7 8 10 12 13 14 16 19 20 23 24 25 28 30 31 32 33 38 39 41 43 44 45 46 52 53 55 57 58 60 62 64 65 66 67 68 69 70 71 72 73 74 75 76 78 79 80 83 84 88 89 90 91 92 93 94 96 97 98 99 100 101 102 103 105 107 108 109 110 111 113 114 115 116 117 119 120 122 123 125 126 127 128 
16 128 1 2 6 7 8 10 13 14 19 20 22 23 24 25 27 30 36 38 39 41 43 45 46 52 53 55 58 61 62 64 65 66 67 68 69 70 71 73 74 75 76 78 79 80 82 83 84 86 88 89 90 91 92 93 94 96 97 99 100 101 102 105 107 108 109 110 111 113 114 115 116 117 118 122 123 125 126 127 
8 3 4 5 9 12 15 18 21 26 32 37 40 47 48 49 54 59 77 87 104 112 124 
35 128 2 6 7 8 10 13 14 19 20 22 24 25 27 28 36 38 41 43 45 46 52 53 58 60 61 62 64 66 68 69 70 71 73 75 76 82 83 84 86 88 89 91 92 93 94 96 99 100 107 111 113 114 115 116 118 122 123 126 127 
2 128 1 12 16 27 32 33 37 39 43 44 47 55 57 64 67 70 72 74 76 78 79 80 88 90 97 98 102 103 105 108 109 110 112 114 117 119 120 122 125 
4 128 1 3 5 12 16 27 29 31 33 35 37 39 44 47 48 55 57 65 72 74 79 80 87 90 97 98 102 103 105 108 109 110 112 114 117 120 121 
6 128 1 3 5 8 12 16 19 27 31 32 34 35 37 39 43 44 47 48 51 55 57 62 65 72 73 74 76 78 79 80 87 88 90 91 97 98 100 101 102 103 105 108 109 110 112 114 117 120 121 125 
1 3 16 19 33 35 39 50 51 63 65 73 74 78 81 87 97 101 105 114 117 121 125 
5 3 5 11 12 16 32 33 34 37 39 42 47 48 50 51 63 65 74 78 79 80 81 87 90 97 102 105 114 117 121 125 
4 2 7 8 10 20 22 24 25 28 30 38 41 45 46 52 53 58 61 62 66 68 69 75 82 83 84 86 88 91 92 93 94 96 99 107 111 113 115 116 118 123 126 127 
7 1 3 5 12 15 16 29 31 32 33 35 44 47 48 54 55 57 72 74 77 79 80 87 90 98 102 103 105 108 109 110 112 117 119 120 
5 128 2 6 7 8 10 13 14 20 22 24 25 27 28 30 36 41 43 45 46 52 53 58 60 61 62 66 68 69 71 75 76 82 83 84 86 88 89 91 92 93 94 96 99 100 107 111 113 115 116 118 122 123 126 127 
7 128 1 7 8 12 14 16 19 20 27 28 31 32 33 34 35 43 45 51 52 55 57 62 64 65 66 68 69 73 74 76 78 79 80 83 88 90 91 92 94 97 98 99 100 101 102 103 105 107 108 109 110 113 114 115 117 121 122 123 125 126 
9 3 4 5 104 9 42 11 77 15 112 81 18 49 48 21 85 54 26 59 124 29 
11 128 2 6 7 8 10 13 20 22 23 24 25 27 28 30 36 38 43 45 46 52 53 56 58 60 61 62 66 68 69 70 71 75 76 82 83 84 86 88 89 91 92 93 94 96 99 107 111 113 115 116 118 122 123 126 127 
8 3 4 5 35 40 9 104 11 48 17 18 81 50 21 85 87 49 26 59 124 63 
26 128 1 2 7 8 10 14 16 19 20 24 25 27 28 30 31 33 38 39 41 45 46 51 52 53 55 57 58 62 64 65 66 67 68 69 70 71 73 74 75 76 78 79 80 82 83 86 88 90 91 92 93 94 96 97 98 99 100 101 102 103 105 107 108 109 110 111 113 114 115 116 117 118 122 123 125 126 127 
5 128 1 12 16 23 27 31 32 33 37 47 55 57 64 67 70 71 72 74 76 79 80 88 89 90 98 102 103 105 108 109 110 112 114 117 119 120 122 
34 128 2 6 7 8 10 13 14 19 20 22 23 24 25 27 28 30 36 38 39 41 43 46 52 53 58 60 61 62 64 66 68 69 70 71 73 74 75 76 78 79 82 83 84 86 88 89 90 91 92 93 94 96 99 100 101 107 108 110 111 113 114 115 116 118 122 123 125 126 127 
23 128 2 7 8 10 14 20 22 24 25 27 28 30 36 38 41 43 45 52 53 58 61 62 66 68 69 73 75 76 82 83 84 86 88 91 92 93 94 96 99 100 107 111 113 115 116 118 123 126 127 
9 1 5 12 16 29 31 32 33 35 37 44 48 54 55 57 67 72 74 77 79 80 87 90 98 102 103 108 109 110 112 117 119 120 
10 3 4 5 9 12 15 16 18 21 26 29 32 33 35 37 40 42 47 49 54 63 77 81 87 104 112 124 
11 3 4 5 9 11 15 17 18 21 26 29 40 42 48 50 54 59 63 77 81 85 104 124 
9 34 3 4 5 35 104 9 42 11 17 18 49 81 21 85 87 26 59 124 63 
0 128 7 8 14 16 19 33 34 35 39 43 62 65 73 74 78 79 80 90 91 97 100 101 102 105 110 114 117 121 125 
28 128 2 6 7 8 10 13 14 19 20 22 23 24 25 27 28 30 36 38 39 41 43 45 46 53 55 58 61 62 64 66 67 68 69 70 71 73 74 75 76 78 79 80 82 83 84 86 88 89 90 91 92 93 94 96 97 99 100 101 102 105 107 108 109 110 111 113 114 115 116 117 118 122 123 125 126 127 
25 128 2 6 7 8 10 13 14 20 22 24 25 27 28 30 36 38 41 43 45 46 52 58 61 62 66 68 69 71 73 75 76 82 83 84 86 88 91 92 93 94 96 99 100 107 111 113 114 115 116 118 123 126 127 
12 3 4 5 37 40 9 104 77 15 47 48 18 49 112 21 87 26 124 29 
3 128 1 6 8 12 13 23 27 28 31 32 33 37 39 43 44 47 52 56 57 60 62 64 67 68 70 71 72 73 74 75 76 78 79 80 88 89 90 91 92 96 97 98 100 102 103 105 107 108 109 110 114 117 119 120 122 127 
5 2 6 10 13 23 41 55 57 60 64 67 70 71 75 76 84 89 93 95 96 106 107 111 113 122 127 
10 128 1 6 8 12 13 23 27 31 32 33 37 39 43 44 47 55 56 60 62 64 67 68 70 71 72 74 76 79 80 88 89 90 91 92 95 96 98 100 102 103 105 107 108 109 110 114 117 119 120 122 127 
1 128 2 7 8 10 13 14 19 20 22 24 25 27 28 30 36 38 41 43 45 46 52 53 61 62 66 68 69 71 73 75 76 82 83 84 86 88 91 92 93 94 96 99 100 107 111 113 114 115 116 118 123 126 127 
10 3 4 5 9 11 15 17 18 21 26 29 40 42 49 50 63 77 81 85 87 104 124 
6 128 2 6 10 13 23 24 27 30 38 41 45 55 56 57 64 67 68 70 71 75 76 84 88 89 92 93 95 96 103 106 107 111 113 122 123 126 127 
8 2 7 8 10 13 20 22 24 25 28 30 36 38 41 45 46 52 53 58 62 66 68 69 71 75 76 82 83 84 86 88 91 92 93 94 96 99 107 111 113 115 116 118 123 126 127 
40 128 1 2 6 7 8 10 13 14 19 20 22 23 24 25 27 28 30 33 36 38 39 41 43 45 46 51 52 53 55 57 58 61 64 65 66 67 68 69 70 71 73 74 75 76 78 79 80 82 83 84 86 88 89 90 91 92 93 94 96 97 98 99 100 101 102 103 105 107 108 109 110 111 113 114 115 116 117 118 122 123 125 126 127 
12 3 4 5 9 11 17 18 21 26 34 35 42 48 49 50 59 81 85 87 104 121 124 
11 128 1 2 6 7 8 10 13 19 20 23 24 27 28 30 31 39 43 44 45 52 55 56 57 60 62 66 67 68 69 70 71 72 73 74 75 76 78 79 80 84 88 89 90 91 92 93 95 96 98 99 100 101 102 103 105 106 107 108 109 110 111 113 114 115 117 119 120 122 123 125 126 127 
10 128 1 7 8 14 16 19 27 28 32 33 34 35 39 43 51 62 68 73 74 76 78 79 80 87 88 90 91 97 99 100 101 102 105 108 109 110 114 117 121 125 
20 128 2 6 7 8 10 13 14 19 20 22 23 24 25 27 28 30 36 38 39 41 43 45 46 52 53 58 61 62 64 67 68 69 70 71 73 74 75 76 78 79 82 83 84 86 88 89 90 91 92 93 94 96 97 99 100 101 102 105 107 108 109 110 111 113 114 115 116 117 118 122 123 125 126 127 
7 128 1 2 6 8 12 13 19 23 27 28 31 43 44 47 52 55 56 57 60 62 64 66 68 70 71 72 73 74 75 76 79 80 84 88 89 90 91 92 95 96 98 99 100 102 103 106 107 108 109 110 111 114 115 117 119 120 122 123 126 127 
9 128 1 2 6 7 8 10 13 14 19 20 22 23 24 25 27 28 30 36 38 39 41 43 45 46 52 53 55 57 58 60 61 62 64 65 66 67 69 70 71 73 74 75 76 78 79 80 82 83 84 86 88 89 90 91 92 93 94 96 97 98 99 100 101 102 103 105 107 108 109 110 111 113 114 115 116 117 118 122 123 125 126 127 
38 128 2 6 7 8 10 13 14 19 20 22 24 25 27 28 30 36 38 39 41 43 45 46 52 53 58 61 62 64 66 68 70 71 73 74 75 76 78 79 82 83 84 86 88 91 92 93 94 96 99 100 101 107 108 110 111 113 114 115 116 118 122 123 125 126 127 
15 128 1 2 6 8 10 13 23 24 27 28 30 31 41 43 44 45 52 55 56 57 60 62 64 66 67 68 69 71 72 75 76 79 80 84 88 89 90 91 92 93 95 96 98 99 100 102 103 106 107 108 109 110 111 113 114 115 119 120 122 123 126 127 
22 128 2 6 8 10 13 20 23 24 25 27 28 30 38 41 43 44 45 52 53 55 56 57 58 60 61 62 64 66 67 68 69 70 75 76 84 86 88 89 91 92 93 94 95 96 98 99 103 106 107 108 110 111 113 115 116 122 123 126 127 
12 1 12 23 27 31 32 33 37 44 47 55 57 64 67 70 79 80 90 98 102 103 108 109 110 112 119 120 122 
22 128 1 2 7 8 10 14 16 19 20 24 25 27 28 30 33 34 39 43 45 46 51 52 53 55 58 62 64 65 66 67 68 69 74 75 76 78 79 80 83 88 90 91 92 94 97 99 100 101 102 105 107 108 109 110 113 114 115 116 117 121 122 123 125 126 127 
15 128 1 5 7 8 12 14 16 19 27 28 31 32 33 34 35 37 39 43 44 45 47 51 52 55 57 62 64 65 66 67 68 69 73 76 78 79 80 87 88 90 91 92 97 98 99 100 101 102 103 105 108 109 110 114 115 117 120 121 123 125 126 
0 128 2 6 7 8 10 13 14 19 20 22 23 24 25 27 28 30 36 38 41 43 45 46 52 53 55 56 58 60 61 62 64 66 67 68 69 70 71 73 76 79 82 83 84 86 88 89 91 92 93 94 95 96 99 100 101 106 107 108 110 111 113 114 115 116 118 122 123 126 127 
4 1 2 6 7 8 10 13 14 19 20 23 24 25 27 28 30 31 33 38 39 41 43 44 45 46 52 53 55 56 57 58 60 61 62 64 65 66 67 68 69 70 71 73 74 75 78 79 80 82 83 84 86 88 89 90 91 92 93 94 95 96 97 98 99 100 101 102 103 105 107 108 109 110 111 113 114 115 116 117 118 122 123 125 126 127 128 
13 3 4 5 37 40 9 104 15 47 48 18 49 112 21 54 87 26 59 124 29 
17 128 1 7 8 12 14 16 19 27 28 31 33 34 35 39 43 45 51 52 55 62 64 65 66 68 69 73 74 76 79 80 83 88 90 91 92 97 98 99 100 101 102 105 107 108 109 110 114 115 117 121 123 125 126 
18 128 1 7 8 12 14 16 19 27 28 31 32 33 35 37 39 43 44 45 47 51 52 55 57 62 64 65 66 67 68 69 70 72 73 74 75 76 78 80 83 87 88 90 91 92 97 98 99 100 101 102 103 105 107 108 109 110 114 115 117 119 120 121 122 123 125 126 
14 128 1 8 12 16 19 27 28 31 32 33 35 37 39 43 44 47 51 52 55 57 62 64 65 67 68 70 72 73 74 76 78 79 87 88 90 91 92 97 98 99 100 101 102 103 105 108 109 110 114 117 119 120 122 125 
13 3 4 5 9 11 17 18 21 26 34 35 40 42 48 49 50 59 63 85 87 104 124 
37 128 2 7 8 10 13 14 20 22 24 25 28 30 36 38 41 43 45 46 52 53 58 61 62 66 68 69 75 76 83 84 86 88 91 92 93 94 96 99 107 111 113 115 116 118 123 126 127 
14 128 2 7 8 10 14 19 20 22 24 25 27 28 30 36 38 39 41 43 45 46 52 53 58 61 62 66 68 69 73 75 76 78 79 82 84 86 88 91 92 93 94 96 99 100 101 107 108 110 111 113 114 115 116 118 123 125 126 127 
26 128 2 6 8 10 13 20 22 23 24 25 27 28 30 36 38 41 45 46 52 53 56 58 60 61 62 64 66 67 68 69 70 71 75 76 82 83 86 88 89 91 92 93 94 95 96 99 106 107 111 113 115 116 118 122 123 126 127 
14 3 4 5 40 9 42 11 104 17 18 49 50 21 81 26 59 124 63 
39 2 7 8 10 13 14 20 22 24 25 28 30 36 38 41 43 45 46 52 53 58 61 62 66 68 69 71 75 76 82 83 84 88 91 92 93 94 96 99 107 111 113 115 116 118 123 126 127 
11 3 4 5 9 12 16 18 21 26 29 32 33 34 35 37 42 47 48 50 54 59 63 65 74 77 79 80 81 90 97 102 104 105 112 117 121 124 
27 128 1 2 6 7 8 10 13 14 19 20 23 24 25 27 28 30 31 33 36 38 39 41 43 44 45 46 52 53 55 57 58 60 61 62 64 65 66 67 68 69 70 71 73 74 75 76 78 79 80 82 83 84 86 89 90 91 92 93 94 96 97 98 99 100 101 102 103 105 107 108 109 110 111 113 114 115 116 117 118 122 123 125 126 127 
17 128 2 6 8 10 13 20 23 24 27 28 30 38 41 44 45 52 55 56 57 60 62 64 66 67 68 70 71 75 76 84 88 91 92 93 95 96 98 103 106 107 108 110 111 113 115 116 119 122 123 126 127 
21 128 1 7 8 12 14 16 19 27 28 31 32 33 35 37 39 43 44 45 47 51 52 55 57 62 64 65 66 67 68 70 72 73 74 76 78 79 80 87 88 91 92 97 98 99 100 101 102 103 105 107 108 109 110 114 115 117 119 120 121 122 123 125 126 
29 128 1 2 6 7 8 10 13 14 19 20 22 23 24 25 27 28 30 33 36 38 39 41 43 45 46 51 52 53 55 57 58 61 62 64 65 66 67 68 69 70 71 73 74 75 76 78 79 80 82 83 84 86 88 89 90 92 93 94 96 97 98 99 100 101 102 105 107 108 109 110 111 113 114 115 116 117 118 122 123 125 126 127 
33 128 1 2 6 7 8 10 13 14 19 20 22 23 24 25 27 28 30 36 38 39 41 43 45 46 52 53 55 57 58 60 61 62 64 66 67 68 69 70 71 73 74 75 76 78 79 80 82 83 84 86 88 89 90 91 93 94 96 97 98 99 100 101 102 105 107 108 109 110 111 113 114 115 116 117 118 122 123 125 126 127 
10 128 2 6 7 8 10 13 14 20 22 23 24 25 27 28 30 36 38 41 43 45 46 52 53 56 58 60 61 62 64 66 68 69 70 71 75 76 82 83 84 86 88 89 91 92 94 95 96 99 100 106 107 111 113 115 116 118 122 123 126 127 
17 128 2 7 8 10 13 14 19 20 22 24 25 27 28 30 36 38 39 41 43 45 46 52 53 58 61 62 66 68 69 71 73 75 76 82 83 84 86 88 91 92 93 96 99 100 101 107 110 111 113 114 115 116 118 123 126 127 
3 2 6 13 23 56 57 60 64 67 70 71 75 76 84 89 93 96 106 107 111 122 127 
13 128 2 6 8 10 13 20 23 24 25 27 28 30 36 38 41 43 45 46 52 53 55 56 57 58 60 61 62 64 66 67 68 69 70 71 75 76 82 83 84 86 88 89 91 92 93 94 95 99 106 107 108 110 111 113 115 116 118 122 123 126 127 
24 128 1 7 8 12 14 16 19 27 28 31 32 33 34 35 39 43 51 52 55 62 65 66 68 73 74 76 78 79 80 87 88 90 91 92 98 99 100 101 102 105 108 109 110 114 117 121 125 
16 128 1 6 8 12 16 23 27 31 32 33 37 39 43 44 47 55 57 62 64 67 68 70 71 72 74 76 78 79 80 88 89 90 91 92 97 100 102 103 105 108 109 110 112 114 117 119 120 122 125 
6 128 2 7 8 10 14 19 20 22 24 25 27 28 30 36 38 39 41 43 45 46 52 53 58 61 62 64 65 66 67 68 69 70 71 73 74 75 76 78 79 80 82 83 84 86 88 90 91 92 93 94 96 97 100 101 102 105 107 108 109 110 111 113 114 115 116 117 118 122 123 125 126 127 
37 128 1 2 7 8 10 14 16 19 20 24 25 27 28 30 33 38 39 43 45 46 51 52 53 55 57 58 62 64 65 66 67 68 69 70 73 74 75 76 78 79 80 83 88 90 91 92 93 94 97 98 99 101 102 105 107 108 109 110 113 114 115 116 117 121 122 123 125 126 127 
30 128 2 7 8 14 16 19 20 27 28 33 34 39 43 45 51 52 62 64 65 66 68 69 73 74 75 76 78 79 80 83 88 90 91 92 94 97 99 100 102 105 107 108 109 110 113 114 115 117 121 123 125 126 
23 128 1 5 7 8 12 16 19 27 28 31 32 33 35 37 39 43 44 47 51 52 55 57 62 64 65 66 67 68 70 72 73 74 76 78 79 80 87 88 90 91 92 97 98 99 100 101 103 105 107 108 109 110 114 117 119 120 121 122 123 125 126 
19 128 1 6 8 12 13 23 27 31 32 33 37 39 43 44 47 55 57 60 62 64 67 68 70 71 72 74 76 79 80 88 89 90 98 102 105 108 109 110 114 117 119 120 122 
15 3 4 5 9 11 15 17 18 21 26 29 40 42 48 49 50 54 59 63 77 81 85 87 124 
25 128 1 7 8 12 14 16 19 27 28 31 32 33 34 35 37 39 43 44 51 52 55 57 62 64 65 66 68 73 74 76 78 79 80 87 88 90 91 92 97 98 99 100 101 102 103 108 109 110 114 115 117 121 123 125 126 
8 64 96 2 67 127 6 70 71 75 107 13 111 84 23 56 89 122 60 93 95 
36 128 2 6 7 8 10 13 14 19 20 22 23 24 25 27 28 30 36 38 39 41 43 45 46 52 53 55 56 57 58 60 61 62 64 66 67 68 69 70 71 73 75 76 78 79 82 83 84 86 88 89 90 91 92 93 94 95 96 99 100 101 102 106 108 109 110 111 113 114 115 116 118 122 123 126 127 
31 128 1 2 6 7 8 12 13 14 16 19 23 27 28 31 32 33 37 39 43 44 45 47 52 55 57 62 64 65 66 67 68 69 70 71 72 73 74 75 76 78 79 80 83 88 89 90 91 92 96 97 98 99 100 101 102 103 105 107 109 110 113 114 115 117 119 120 122 123 125 126 127 
32 128 1 8 12 16 19 23 27 28 31 32 33 37 39 43 44 47 52 55 57 62 64 65 66 67 68 70 72 73 74 76 78 79 80 88 90 91 92 97 98 99 100 101 102 103 105 107 108 110 114 117 119 120 122 123 125 126 
35 128 1 2 6 7 8 10 12 14 16 19 20 23 27 28 31 32 33 37 39 43 44 45 47 51 52 55 57 62 64 65 66 67 68 69 70 71 72 73 74 75 76 78 79 80 83 88 89 90 91 92 94 96 97 98 99 100 101 102 103 105 107 108 109 113 114 115 117 119 120 122 123 125 126 127 
12 128 2 6 7 8 10 13 20 22 23 24 25 27 28 30 36 38 41 43 45 46 52 53 56 58 60 61 62 64 66 67 68 69 70 71 75 76 82 83 84 86 88 89 91 92 93 94 95 96 99 106 107 113 115 116 118 122 123 126 127 
0 4 5 9 12 15 18 21 26 29 31 32 33 37 40 44 47 48 54 72 77 87 98 120 124 
24 128 2 6 7 8 10 13 14 19 20 22 23 24 25 27 28 30 36 38 39 41 43 45 46 52 53 56 58 60 61 62 64 66 68 69 70 71 73 75 76 82 83 84 86 88 89 91 92 93 94 96 99 100 101 107 108 110 111 114 115 116 118 122 123 126 127 
12 128 1 2 7 8 10 12 14 16 19 20 27 28 30 31 32 33 34 35 39 43 44 45 51 52 53 55 57 58 62 64 65 66 67 68 69 70 73 74 75 76 78 79 80 83 88 90 91 92 94 97 98 99 100 101 102 103 105 107 108 109 110 113 115 117 121 122 123 125 126 127 
41 128 2 6 7 8 10 13 14 19 20 22 24 25 27 28 30 36 38 39 41 43 45 46 52 53 58 61 62 64 66 67 68 69 70 71 73 74 75 76 78 79 82 83 84 86 88 89 90 91 92 93 94 96 99 100 101 105 107 108 110 111 113 114 116 117 118 122 123 125 126 127 
18 128 2 6 7 8 10 13 14 20 22 24 25 27 28 30 36 38 41 43 45 46 52 53 58 61 62 66 68 69 71 73 75 76 82 83 84 86 88 89 91 92 93 94 96 99 100 107 111 113 115 118 123 126 127 
34 128 1 5 7 8 12 14 16 19 27 28 31 32 33 34 35 37 39 43 44 47 51 52 55 57 62 64 65 66 67 68 73 74 76 78 79 80 87 88 90 91 92 97 98 99 100 101 102 103 105 108 109 110 114 115 120 121 123 125 126 
22 2 7 8 10 14 20 22 24 25 28 30 36 38 41 43 45 46 52 53 58 61 62 66 68 69 75 76 82 83 84 86 88 91 92 93 94 96 99 107 111 113 115 116 123 126 127 
4 1 12 23 27 31 37 44 47 55 57 64 67 70 72 79 80 89 90 98 102 103 108 109 110 120 122 
13 1 12 16 27 31 32 33 37 44 47 55 57 64 67 70 72 74 79 80 90 98 102 103 108 109 110 112 117 119 122 
8 3 5 12 16 19 32 33 34 35 39 51 63 65 73 74 78 79 87 90 97 100 101 102 105 114 117 125 
25 128 1 2 6 7 8 10 13 19 20 23 24 27 28 30 31 38 39 41 43 44 45 52 55 56 57 60 62 64 66 67 68 69 70 71 72 73 75 76 79 80 84 88 89 90 91 92 93 95 96 98 99 100 102 103 106 107 108 109 110 111 113 114 115 119 120 123 126 127 
3 128 2 6 7 8 10 13 14 19 20 22 23 24 25 27 28 30 36 38 39 41 43 45 46 52 53 58 60 61 62 64 66 67 68 69 70 71 73 74 75 76 78 79 82 83 84 86 88 89 90 91 92 93 94 96 99 100 101 102 105 107 108 109 110 111 113 114 115 116 117 118 122 125 126 127 
16 3 4 5 9 11 15 18 21 26 29 40 42 48 49 50 54 59 63 77 81 85 87 104 112 
36 128 1 7 8 12 14 16 19 27 28 31 33 34 35 39 43 45 51 52 62 64 65 66 68 69 73 74 76 78 79 80 83 88 90 91 92 97 98 99 100 101 102 105 108 109 110 114 115 117 121 123 126 
19 128 2 6 7 8 10 13 14 19 20 22 23 24 25 27 28 30 36 38 39 41 43 45 46 52 53 58 60 61 62 64 66 67 68 69 70 71 73 74 75 76 78 79 82 83 84 86 88 89 90 91 92 93 94 96 99 100 101 102 105 107 108 109 110 111 113 114 115 116 117 118 122 123 125 127 
30 128 2 6 7 8 10 13 14 20 22 23 24 25 27 28 30 36 38 41 43 45 46 52 53 55 56 57 58 60 61 62 64 66 67 68 69 70 71 73 75 76 82 83 84 86 88 89 91 92 93 94 95 96 99 100 106 107 108 110 111 113 114 115 116 118 122 123 126 
39 1 2 6 7 8 10 12 13 14 16 19 20 23 24 25 27 28 30 31 32 33 38 39 41 43 44 45 46 51 52 53 55 57 58 60 62 64 65 66 67 68 69 70 71 73 74 75 76 78 79 80 82 83 84 88 89 90 91 92 93 94 96 97 98 99 100 101 102 103 105 107 108 109 110 111 113 114 115 116 117 122 123 125 126 127 
