128 774
0 80 31 98 109 55 
0 10 75 45 111 113 123 93 127 
0 5 
0 104 40 9 18 21 26 124 
1 48 3 87 
0 23 89 60 13 71 
0 99 91 14 
0 128 100 73 43 19 88 91 62 
1 104 18 4 124 21 
1 2 38 41 75 45 111 113 116 53 20 24 93 30 
0 17 50 59 42 85 
0 32 37 
1 96 89 60 6 71 
1 7 
0 40 77 54 29 
0 33 
1 50 11 85 
2 4 104 9 40 21 26 124 
1 100 101 39 8 73 43 78 
0 30 69 38 10 45 46 113 82 115 116 53 24 25 58 126 94 
3 4 104 9 40 49 18 26 124 
0 82 36 61 118 86 
1 56 89 60 6 71 
7 38 41 10 113 20 116 53 93 61 30 
7 36 38 46 82 20 116 86 118 53 58 61 94 30 
1 4 104 40 18 21 124 
0 128 88 108 76 110 
0 66 99 68 115 52 91 123 92 126 62 
1 77 54 15 
3 38 41 10 113 82 20 116 53 24 25 58 93 61 
1 120 1 98 44 103 
1 12 37 
1 16 
0 121 
0 
2 38 82 86 22 118 25 61 
2 32 12 47 
4 36 41 10 113 82 20 116 86 53 24 25 61 30 
0 100 105 73 78 114 19 125 
4 4 15 18 21 26 124 
0 38 10 116 53 24 30 
1 11 81 50 85 59 63 
2 128 100 8 73 114 19 91 62 
0 98 103 72 119 120 57 31 
2 2 66 69 10 113 115 20 52 123 92 126 
2 82 83 20 53 118 25 58 94 
0 37 
0 5 
0 104 21 
2 42 11 17 81 85 63 
0 
1 62 66 99 68 69 45 115 123 28 92 126 91 
5 69 38 41 10 46 113 82 20 116 86 24 25 58 61 30 94 
2 29 77 15 
1 1 98 67 57 103 
0 95 89 106 60 23 
2 103 98 67 44 55 
4 69 46 82 83 20 53 118 116 86 25 61 30 94 
2 42 11 85 
2 6 71 106 13 23 56 89 95 
6 36 38 82 116 53 22 118 24 25 58 86 30 
3 99 68 8 43 76 52 88 91 28 92 
0 81 42 50 
0 122 67 70 
0 97 125 
3 68 69 45 115 52 123 28 92 126 
3 64 57 122 55 
2 66 76 52 88 123 28 92 62 91 
6 66 45 115 20 52 53 83 58 123 126 94 
1 64 122 
3 96 6 13 23 89 60 
1 120 44 119 
3 100 101 39 8 43 78 19 
0 105 114 97 117 79 
2 2 10 107 111 113 93 127 
1 128 68 88 27 92 62 
3 29 54 15 
2 97 100 101 39 73 105 114 19 125 
1 74 90 108 110 102 
1 1 90 109 102 
3 42 50 63 
1 36 38 46 20 53 22 118 116 25 58 86 61 30 94 
0 58 69 46 94 
0 111 96 93 127 
3 17 42 11 50 59 
3 36 38 82 116 53 22 118 25 58 61 
0 5 
4 128 68 8 76 27 92 91 62 
4 6 71 13 23 56 60 
0 102 108 109 110 79 80 
5 99 68 7 8 43 52 88 28 92 62 
6 66 68 107 76 45 115 52 88 91 28 123 62 126 
4 2 10 75 111 113 84 24 30 127 
3 69 46 82 83 20 53 116 25 58 
1 56 106 60 
2 127 111 84 13 71 
1 65 105 74 78 117 125 
3 1 103 44 109 55 57 31 
2 91 28 52 62 7 
4 101 39 8 73 43 78 114 19 
0 73 19 100 78 
2 80 90 79 
4 55 57 98 44 31 
4 4 9 49 18 21 26 124 
3 97 39 74 78 117 125 
3 56 60 95 
0 75 92 127 
2 90 27 109 110 79 
4 80 1 90 98 108 
3 90 27 108 79 
3 96 2 10 75 84 93 127 
0 
6 2 38 10 75 45 115 20 53 116 24 123 93 30 126 
1 74 43 100 78 39 
4 66 69 45 113 20 52 123 28 92 126 
2 38 41 10 113 82 20 53 86 24 25 58 61 30 94 
2 97 74 105 
5 36 46 82 22 86 25 58 61 
2 72 44 
2 72 44 31 
1 34 
2 64 67 70 
5 2 66 68 69 45 113 115 52 28 92 126 
5 4 40 9 104 18 21 26 
4 65 97 105 78 39 
7 66 69 45 113 115 20 52 123 28 92 
1 96 2 75 107 111 84 93 
3 8 88 27 43 76 
