128 2340
0 98 67 102 103 72 108 109 110 79 80 44 55 120 57 90 31 
14 10 20 24 25 28 30 38 41 45 52 53 58 61 66 68 69 75 82 84 92 93 94 96 107 111 113 115 116 123 126 127 
0 48 81 9 5 87 
0 104 40 9 77 15 49 18 21 54 26 124 29 
1 48 32 3 87 
0 96 127 70 71 106 13 111 84 23 56 89 122 60 95 
17 128 28 66 99 68 101 8 73 43 14 115 83 52 19 88 123 92 91 126 62 
1 128 7 14 19 27 28 39 43 52 62 66 68 73 74 76 78 88 91 92 99 100 101 110 114 115 123 125 126 
1 3 4 104 40 49 18 21 26 124 29 
1 2 20 24 25 28 30 36 38 41 45 46 52 53 58 61 66 69 75 82 84 86 92 93 94 96 107 111 113 115 116 118 123 126 127 
0 42 81 50 17 85 59 63 
0 32 33 37 102 47 80 16 31 
1 96 95 6 71 70 106 75 111 84 23 56 89 122 60 93 127 
2 99 100 101 7 8 73 43 19 52 91 28 62 
1 4 40 77 18 21 54 26 124 29 
1 32 33 35 102 74 12 117 87 
1 42 11 81 50 85 59 63 
2 4 104 9 40 77 15 49 21 26 124 
3 128 97 65 100 101 7 8 105 74 73 43 39 14 78 114 88 91 125 62 
2 2 10 22 24 25 28 30 36 38 41 45 46 52 53 58 61 66 68 69 75 82 83 86 92 93 94 111 113 115 116 118 123 126 127 
3 4 104 9 40 77 15 49 18 26 124 29 
0 36 38 46 82 83 20 116 86 118 53 25 58 24 61 94 30 
2 96 64 67 6 71 70 106 13 56 89 122 60 95 
3 2 10 20 22 25 30 36 38 41 45 46 52 53 58 61 66 69 75 82 83 84 86 93 94 111 113 115 116 118 123 126 127 
4 2 10 20 22 24 30 36 38 41 45 46 52 53 58 61 66 69 82 83 86 93 94 113 115 116 118 123 126 
4 4 104 9 40 77 15 49 18 21 54 124 29 
0 128 8 28 39 43 52 62 64 68 73 76 79 80 88 90 91 92 100 102 108 109 110 114 122 
3 128 2 7 8 10 14 20 27 30 43 45 52 53 58 62 66 68 69 73 75 76 83 88 91 92 94 99 100 107 113 115 123 126 
2 4 40 9 77 15 112 21 54 26 124 
5 2 10 20 22 24 25 28 36 38 41 45 46 52 53 58 61 66 69 75 82 83 84 86 92 93 94 111 113 115 116 118 123 126 127 
1 1 98 102 103 72 12 109 108 47 80 44 119 120 57 90 55 
2 33 5 37 12 47 16 48 87 
3 32 35 37 102 74 12 16 80 117 87 90 
0 121 65 51 
0 16 33 87 
6 69 38 41 10 46 113 82 20 116 22 118 24 25 86 58 53 61 30 94 
1 32 33 12 47 
7 2 10 20 22 24 25 30 36 41 45 46 53 58 61 66 69 75 82 83 86 93 94 111 113 115 116 118 123 126 127 
2 128 97 65 100 101 8 105 74 73 43 110 79 78 114 19 117 90 27 91 125 62 
5 4 104 9 77 15 49 18 21 54 26 124 29 
8 2 10 20 24 25 30 36 38 45 46 53 58 61 66 69 75 82 84 86 93 94 96 111 113 115 116 118 123 126 127 
2 11 17 81 50 85 59 63 
4 128 7 8 14 19 27 28 39 52 62 66 68 73 74 76 78 79 88 91 92 99 100 101 105 110 114 115 117 125 
2 1 98 67 103 72 109 80 119 120 57 55 31 
6 2 10 20 24 25 28 30 38 41 46 52 53 58 61 62 66 68 69 75 76 82 83 88 91 92 93 94 99 107 111 113 115 116 123 126 127 
9 10 20 22 24 25 30 36 38 41 45 52 53 58 61 66 69 82 83 86 94 113 115 116 118 123 126 
3 32 37 12 112 120 31 
3 32 3 5 87 
6 4 40 9 104 81 18 21 26 59 124 
3 42 11 17 81 85 59 63 
1 97 34 65 105 78 121 125 
7 128 2 7 8 10 14 20 24 25 27 28 30 43 45 46 53 58 62 66 68 69 75 76 83 88 91 92 94 99 100 107 113 115 116 123 126 
10 2 10 20 22 24 25 28 30 36 38 41 45 46 52 58 61 66 69 75 82 83 86 93 94 111 113 115 116 118 123 126 
3 4 40 77 15 112 26 29 
3 64 1 98 67 70 103 72 44 109 110 108 80 119 120 57 122 31 
3 6 71 106 13 23 89 60 95 
4 64 1 98 67 70 103 72 44 109 108 55 120 119 122 31 
11 2 10 20 22 24 25 28 30 36 38 41 45 46 52 53 61 66 69 82 83 86 93 94 113 115 116 118 123 126 
4 104 42 11 17 49 50 81 85 63 
4 96 6 71 70 106 13 84 23 56 89 95 
12 2 10 20 22 24 25 30 36 38 41 45 46 53 58 69 82 83 86 93 94 113 116 118 126 
5 128 7 8 14 19 27 28 39 43 45 52 66 68 69 73 76 83 88 91 92 99 100 101 107 114 115 123 126 
5 42 11 17 50 81 85 59 
1 128 67 70 103 71 108 76 110 55 23 57 122 27 89 88 
4 97 34 101 39 105 74 78 114 19 51 117 121 125 
12 2 7 8 10 20 24 25 28 30 38 41 43 45 46 52 53 58 62 68 69 75 76 82 83 88 91 92 93 94 99 107 113 115 116 123 126 
5 64 1 98 70 103 44 108 55 23 57 122 
8 128 2 7 8 20 27 28 43 45 52 62 66 69 73 75 76 83 88 91 92 94 99 100 107 110 113 115 123 126 127 
13 2 10 20 24 25 28 30 36 38 41 45 46 52 53 58 61 62 66 68 75 82 83 86 91 92 93 94 99 107 113 115 116 118 123 126 
6 64 96 67 6 71 13 55 23 57 122 89 60 
5 64 96 95 6 70 106 107 75 13 111 84 23 56 89 122 60 127 
5 1 98 103 44 55 120 57 119 31 
6 128 7 8 14 19 27 28 39 43 62 68 74 76 78 88 91 97 100 101 105 114 125 
0 128 8 16 19 33 39 43 65 73 78 79 80 90 97 100 101 102 105 108 109 110 114 117 125 
4 2 10 13 20 24 28 30 38 41 45 52 53 66 68 69 71 84 92 93 96 107 111 113 115 116 123 126 127 
2 128 8 27 28 43 45 52 62 64 66 68 73 79 88 90 91 92 99 100 107 108 110 114 115 122 123 126 
6 4 40 15 18 21 54 26 124 29 
5 128 65 97 100 101 39 8 73 74 43 105 110 79 114 19 51 117 125 
1 128 1 27 39 43 74 76 78 80 88 90 97 98 100 102 105 108 109 110 114 117 125 
4 1 33 98 102 103 105 74 12 44 110 79 109 108 117 55 90 27 31 
7 3 42 11 17 49 50 85 59 63 
19 2 10 20 22 24 25 30 36 38 41 45 46 53 58 61 66 69 83 86 93 94 113 115 116 118 126 
1 7 20 22 24 25 28 30 38 45 46 52 53 58 61 62 66 68 69 82 86 91 92 94 99 113 115 116 118 123 126 
2 96 2 6 71 41 10 75 107 13 111 113 24 89 60 93 30 127 
6 42 11 17 50 81 59 63 
14 93 36 69 38 41 10 46 113 82 83 20 53 22 118 24 25 58 116 61 30 94 
4 32 33 3 35 5 16 48 
9 128 7 8 19 27 28 43 45 52 62 64 66 68 73 76 79 90 91 92 99 100 107 108 110 114 115 123 126 
7 64 96 95 6 70 71 106 13 84 23 56 122 60 127 
5 128 1 33 98 97 102 39 105 74 76 109 110 79 80 108 114 117 88 27 31 
10 128 7 8 14 19 27 28 39 43 45 52 62 66 68 69 73 76 83 88 92 99 100 101 107 114 115 123 126 
11 128 2 7 8 10 20 27 28 30 43 45 52 62 66 68 69 75 76 83 88 91 94 99 100 107 113 115 123 126 127 
9 2 10 13 20 24 25 30 38 41 45 53 58 61 66 69 75 82 84 86 94 96 107 111 113 115 116 123 126 127 
16 2 10 20 22 24 25 28 30 36 38 41 45 46 52 53 58 61 66 68 69 82 83 86 92 93 99 113 115 116 118 123 126 
6 6 71 106 13 23 56 89 60 
3 2 6 70 71 41 10 75 107 13 111 113 84 23 89 122 60 93 127 
7 65 100 101 102 39 73 74 105 78 79 114 19 51 117 90 125 
6 1 67 102 103 72 44 109 110 79 80 108 55 120 57 90 119 31 
14 128 7 8 14 28 43 45 52 62 66 68 69 76 83 88 91 92 94 100 107 115 123 126 
12 128 8 14 19 27 28 39 43 52 62 68 73 74 76 78 79 88 91 92 97 99 101 105 114 117 125 
8 128 65 97 100 39 8 7 73 43 74 105 14 78 114 19 91 125 62 
2 128 1 33 97 98 105 74 12 109 110 79 16 80 114 108 117 90 27 31 
7 64 1 98 67 72 44 109 108 80 55 120 57 119 31 
7 4 40 9 49 18 21 26 59 124 
9 65 97 100 101 102 39 73 74 43 78 79 80 110 114 19 51 117 90 125 
8 6 71 13 23 56 89 60 95 
15 2 10 28 45 52 62 66 68 69 71 75 76 84 88 91 92 93 96 99 111 113 115 123 126 127 
8 64 1 98 67 128 102 103 74 76 109 110 79 80 114 55 88 57 90 27 31 
9 1 98 102 103 74 44 108 110 79 80 55 57 90 27 31 
7 128 1 8 27 39 43 55 64 68 74 76 78 79 80 88 90 98 102 105 108 109 114 117 
11 2 6 10 13 20 24 30 38 41 45 53 71 75 84 93 96 107 113 116 123 126 127 
0 29 54 47 
17 2 10 20 24 25 28 30 36 38 41 45 46 52 53 58 61 66 68 69 75 82 83 84 86 92 93 94 96 107 111 115 116 118 123 126 127 
11 128 8 19 27 39 43 62 65 73 74 76 78 79 88 90 91 97 100 101 102 105 108 110 117 125 
18 2 7 8 10 20 24 25 28 30 38 41 43 45 46 52 53 58 62 66 68 69 75 76 82 83 88 91 92 93 94 99 107 113 116 123 126 127 
15 2 10 20 22 24 25 30 36 38 41 45 46 52 53 58 61 66 69 75 82 83 86 93 94 111 113 115 118 123 126 
6 33 65 97 100 102 39 105 74 43 78 79 16 80 110 114 90 125 
18 36 69 38 41 10 46 113 82 83 20 53 22 86 24 25 58 116 61 30 94 
0 98 103 72 44 55 120 57 31 
8 1 98 103 72 44 47 55 119 57 31 
2 65 34 51 
8 64 96 67 6 70 71 76 13 55 23 57 89 27 
19 128 2 7 8 10 20 24 25 28 30 38 41 45 46 52 53 58 62 66 68 69 75 76 83 88 91 92 93 94 99 107 111 113 115 116 126 127 
8 4 40 9 104 77 15 49 18 21 26 29 
10 65 97 100 101 39 8 73 74 43 105 78 79 114 19 51 117 
0 2 7 8 10 20 24 25 28 30 38 41 45 46 52 53 58 61 62 66 68 69 75 76 82 83 88 91 92 93 94 99 107 111 113 115 116 123 127 
10 2 6 10 13 20 24 30 38 41 45 68 71 75 84 89 92 93 96 107 111 113 115 123 126 
13 7 8 19 27 28 39 43 52 62 64 68 73 74 76 78 79 88 90 91 92 99 100 101 102 108 110 114 123 
