196 8372
0 2 3 4 5 6 7 136 8 9 10 11 12 13 14 16 15 141 151 155 29 31 166 169 43 46 181 183 57 61 196 71 76 85 91 99 106 113 121 127 
4 128 1 3 4 5 6 7 8 137 9 10 11 12 13 15 14 17 16 142 152 156 30 32 167 170 44 47 182 184 58 62 72 77 86 92 100 107 114 122 
14 1 2 129 4 5 6 7 8 9 138 10 11 12 13 14 16 17 18 143 153 29 157 31 33 168 171 45 48 185 59 63 73 78 87 93 101 108 115 123 
11 1 2 3 130 5 6 7 8 9 10 139 11 12 13 14 144 17 18 19 154 30 158 32 34 43 172 46 49 186 60 64 74 79 88 94 102 109 116 124 
7 1 2 3 4 131 6 7 8 9 10 11 140 12 13 14 145 18 19 20 31 159 33 35 44 173 47 50 57 187 61 65 75 80 89 95 103 110 117 125 
3 1 2 3 4 5 132 7 8 9 10 11 12 13 14 146 19 20 21 32 160 34 36 45 174 48 51 58 188 62 66 71 76 81 90 96 104 111 118 126 
9 1 2 3 4 5 6 133 8 9 10 11 12 13 14 147 20 21 22 33 161 35 37 46 175 49 52 59 189 63 67 72 77 82 85 91 97 105 112 119 
1 1 2 3 4 5 6 7 134 9 10 11 12 13 14 148 21 22 23 34 162 36 38 47 176 50 53 60 190 64 68 73 78 83 86 92 98 99 106 120 
2 1 2 3 4 5 6 7 8 135 10 11 12 13 14 149 22 23 24 35 163 37 39 48 177 51 54 61 191 65 69 74 79 84 87 93 100 107 113 121 
6 1 2 3 4 5 6 7 8 9 136 11 12 13 14 150 23 24 25 36 164 38 40 49 178 52 55 62 192 66 70 75 80 88 94 101 108 114 122 127 
10 128 1 2 3 4 5 6 7 8 9 10 137 12 141 13 14 151 24 25 26 37 165 39 41 50 179 53 56 63 193 67 76 81 89 95 102 109 115 123 
12 1 2 3 4 5 6 7 8 9 10 11 129 13 142 14 138 152 25 26 27 155 38 166 40 42 51 180 54 64 194 68 77 82 90 96 103 110 116 124 
5 1 2 3 4 5 6 7 8 9 10 11 12 139 14 130 143 153 26 27 28 156 39 167 169 41 52 181 55 65 195 69 78 83 91 97 104 111 117 125 
13 1 2 3 4 5 6 7 8 9 10 11 12 13 140 144 131 154 27 28 157 40 168 170 42 53 182 183 56 66 196 70 79 84 92 98 105 112 118 126 
8 1 2 135 141 16 17 18 19 20 21 150 22 23 24 25 26 27 28 30 29 155 165 169 43 45 180 183 57 60 195 71 75 85 90 99 105 113 120 127 
10 128 1 2 3 136 142 15 17 18 19 20 21 22 151 23 24 25 26 27 29 28 31 30 156 166 170 44 46 181 184 58 61 196 72 76 86 91 100 106 114 121 
12 129 2 3 4 137 15 16 143 18 19 20 21 22 23 152 24 25 26 27 28 30 31 32 157 167 43 171 45 47 182 185 59 62 73 77 87 92 101 107 115 122 
9 130 3 4 5 138 15 16 17 144 19 20 21 22 23 24 153 25 26 27 28 158 31 32 33 168 44 172 46 48 57 186 60 63 74 78 88 93 102 108 116 123 
14 131 4 5 6 139 15 16 17 18 145 20 21 22 23 24 25 154 26 27 28 159 32 33 34 45 173 47 49 58 187 61 64 71 75 79 89 94 103 109 117 124 
13 132 5 6 7 140 15 16 17 18 19 146 21 22 23 24 25 26 27 28 160 33 34 35 46 174 48 50 59 188 62 65 72 76 80 85 90 95 104 110 118 125 
0 133 6 7 8 15 16 17 18 19 20 147 22 23 24 25 26 27 28 161 34 35 36 47 175 49 51 60 189 63 66 73 77 81 86 91 96 99 105 111 119 126 
4 134 7 8 9 15 16 17 18 19 20 21 148 23 24 25 26 27 28 162 35 36 37 48 176 50 52 61 190 64 67 74 78 82 87 92 97 100 106 112 113 120 
15 135 8 9 10 15 16 17 18 19 20 21 22 149 24 25 26 27 28 163 36 37 38 49 177 51 53 62 191 65 68 75 79 83 88 93 98 101 107 114 121 127 
1 128 136 9 10 11 141 15 16 17 18 19 20 21 22 23 150 25 26 27 28 164 37 38 39 50 178 52 54 63 192 66 69 76 80 84 89 94 102 108 115 122 
11 129 137 10 11 12 142 15 16 17 18 19 20 21 22 23 24 151 26 155 27 28 165 38 39 40 51 179 53 55 64 193 67 70 77 81 90 95 103 109 116 123 
3 130 138 11 12 13 15 16 17 18 19 20 21 22 23 24 25 152 27 156 28 166 39 40 41 169 52 180 54 56 65 194 68 78 143 82 91 96 104 110 117 124 
7 131 139 12 13 14 15 16 17 18 19 20 21 22 23 24 25 26 153 28 157 167 40 41 42 170 53 181 183 55 66 195 69 79 83 144 92 97 105 111 118 125 
6 132 140 13 14 15 16 17 18 19 20 21 22 23 24 25 26 27 154 158 168 41 42 171 54 182 184 56 67 196 70 80 84 145 93 98 106 112 119 126 
3 1 3 134 141 15 16 149 155 30 31 32 33 34 35 164 36 37 38 39 40 41 42 44 43 169 179 183 57 59 194 71 74 85 89 99 104 113 119 127 
5 128 2 4 135 142 15 16 17 150 156 29 31 32 33 34 35 36 165 37 38 39 40 41 43 42 45 44 170 180 184 58 60 195 72 75 86 90 100 105 114 120 
13 1 129 3 5 136 143 16 17 18 151 29 30 157 32 33 34 35 36 37 166 38 39 40 41 42 44 45 46 171 181 57 185 59 61 196 73 76 87 91 101 106 115 121 
10 2 130 4 6 137 144 17 18 19 152 29 30 31 158 33 34 35 36 37 38 167 39 40 41 42 172 45 46 47 182 58 186 60 62 71 74 77 88 92 102 107 116 122 
15 3 131 5 7 138 145 18 19 20 153 29 30 31 32 159 34 35 36 37 38 39 168 40 41 42 173 46 47 48 59 187 61 63 72 75 78 85 89 93 103 108 117 123 
8 4 132 6 8 139 146 19 20 21 154 29 30 31 32 33 160 35 36 37 38 39 40 41 42 174 47 48 49 60 188 62 64 73 76 79 86 90 94 99 104 109 118 124 
6 5 133 7 9 140 147 20 21 22 29 30 31 32 33 34 161 36 37 38 39 40 41 42 175 48 49 50 61 189 63 65 74 77 80 87 91 95 100 105 110 113 119 125 
2 6 134 8 10 148 21 22 23 29 30 31 32 33 34 35 162 37 38 39 40 41 42 176 49 50 51 62 190 64 66 75 78 81 88 92 96 101 106 111 114 120 126 127 
7 128 7 135 9 11 141 149 22 23 24 29 30 31 32 33 34 35 36 163 38 39 40 41 42 177 50 51 52 63 191 65 67 76 79 82 89 93 97 102 107 112 115 121 
9 129 8 136 10 12 142 150 23 24 25 155 29 30 31 32 33 34 35 36 37 164 39 40 41 42 178 51 52 53 64 192 66 68 77 80 83 90 94 98 103 108 116 122 
12 130 9 137 11 13 143 151 24 25 26 156 29 30 31 32 33 34 35 36 37 38 165 40 169 41 42 179 52 53 54 65 193 67 69 78 81 84 91 95 104 109 117 123 
1 131 10 138 12 14 144 157 152 25 26 27 29 30 31 32 33 34 35 36 37 38 39 166 41 170 42 180 53 54 55 183 66 194 68 70 79 82 92 96 105 110 118 124 
4 132 158 11 139 13 145 153 26 27 28 29 30 31 32 33 34 35 36 37 38 39 40 167 42 171 181 54 55 56 184 67 195 69 80 83 93 97 106 111 119 125 
0 133 12 140 14 146 154 27 28 29 30 31 32 33 34 35 36 37 38 39 40 41 159 168 172 182 55 56 185 68 196 70 81 84 94 98 107 112 120 126 
9 1 4 133 141 15 17 148 155 29 30 163 169 44 45 46 47 48 49 178 50 51 52 53 54 55 56 58 57 183 193 71 73 85 88 99 103 113 118 127 
6 128 2 5 134 142 16 18 149 156 29 30 31 164 170 43 45 46 47 48 49 50 179 51 52 53 54 55 57 56 59 58 184 194 72 74 86 89 100 104 114 119 
7 129 3 6 135 15 143 17 19 150 157 30 31 32 165 43 44 171 46 47 48 49 50 51 180 52 53 54 55 56 58 59 60 185 195 71 73 75 87 90 101 105 115 120 
2 1 130 4 7 136 16 144 18 20 151 158 31 32 33 166 43 44 45 172 47 48 49 50 51 52 181 53 54 55 56 186 59 60 61 196 72 74 76 85 88 91 102 106 116 121 
3 2 131 5 8 137 17 145 19 21 152 159 32 33 34 167 43 44 45 46 173 48 49 50 51 52 53 182 54 55 56 187 60 61 62 73 75 77 86 89 92 99 103 107 117 122 
10 3 132 6 9 138 18 146 20 22 153 160 33 34 35 168 43 44 45 46 47 174 49 50 51 52 53 54 55 56 188 61 62 63 74 76 78 87 90 93 100 104 108 113 118 123 
4 4 133 7 10 139 19 147 21 23 154 161 34 35 36 43 44 45 46 47 48 175 50 51 52 53 54 55 56 189 62 63 64 75 77 79 88 91 94 101 105 109 114 119 124 127 
0 128 5 134 8 11 140 141 20 148 22 24 162 35 36 37 43 44 45 46 47 48 49 176 51 52 53 54 55 56 190 63 64 65 76 78 80 89 92 95 102 106 110 115 120 125 
5 129 6 135 9 12 142 21 149 23 25 155 163 36 37 38 43 44 45 46 47 48 49 50 177 52 53 54 55 56 191 64 65 66 77 79 81 90 93 96 103 107 111 116 121 126 
14 130 7 136 10 13 143 22 150 24 26 156 164 37 38 39 169 43 44 45 46 47 48 49 50 51 178 53 54 55 56 192 65 66 67 78 80 82 91 94 97 104 108 112 117 122 
8 131 8 137 11 14 144 23 151 25 27 157 165 38 39 40 170 43 44 45 46 47 48 49 50 51 52 179 54 183 55 56 193 66 67 68 79 81 83 92 95 98 105 109 118 123 
11 132 9 138 12 145 24 152 26 28 158 166 39 40 41 43 44 45 46 47 48 49 50 51 52 53 180 55 184 56 194 67 68 69 80 82 84 93 171 96 106 110 119 124 
15 133 10 139 13 146 25 153 27 159 167 40 41 42 43 44 45 46 47 48 49 50 51 52 53 54 181 56 185 195 68 69 70 81 83 94 97 172 107 111 120 125 
1 134 11 140 14 147 26 154 28 160 168 41 42 43 44 45 46 47 48 49 50 51 52 53 54 55 182 186 196 69 70 82 84 95 98 173 108 112 121 126 
2 1 132 5 141 15 18 147 155 29 31 162 169 43 44 177 183 58 59 60 61 62 63 192 64 65 66 67 68 69 70 72 71 85 87 99 102 113 117 127 
1 128 2 133 6 142 16 19 148 156 30 32 163 170 43 44 45 178 184 57 59 60 61 62 63 64 193 65 66 67 68 69 71 70 73 72 86 88 100 103 114 118 
0 129 3 134 7 143 17 20 149 29 157 31 33 164 171 44 45 46 179 57 58 185 60 61 62 63 64 65 194 66 67 68 69 70 72 73 74 85 87 89 101 104 115 119 
14 130 4 135 8 15 144 18 21 150 30 158 32 34 165 172 45 46 47 180 57 58 59 186 61 62 63 64 65 66 195 67 68 69 70 73 74 75 86 88 90 99 102 105 116 120 
9 1 131 5 136 9 16 145 19 22 151 31 159 33 35 166 173 46 47 48 181 57 58 59 60 187 62 63 64 65 66 67 196 68 69 70 74 75 76 87 89 91 100 103 106 113 117 121 
7 2 132 6 137 10 17 146 20 23 152 32 160 34 36 167 174 47 48 49 182 57 58 59 60 61 188 63 64 65 66 67 68 69 70 75 76 77 88 90 92 101 104 107 114 118 122 127 
8 128 3 133 7 138 11 141 18 147 21 24 153 33 161 35 37 168 175 48 49 50 57 58 59 60 61 62 189 64 65 66 67 68 69 70 76 77 78 89 91 93 102 105 108 115 119 123 
15 129 4 134 8 139 12 142 19 148 22 25 154 155 34 162 36 38 176 49 50 51 57 58 59 60 61 62 63 190 65 66 67 68 69 70 77 78 79 90 92 94 103 106 109 116 120 124 
11 130 5 135 9 140 13 143 20 149 23 26 156 35 163 37 39 169 177 50 51 52 57 58 59 60 61 62 63 64 191 66 67 68 69 70 78 79 80 91 93 95 104 107 110 117 121 125 
12 131 6 136 10 14 144 21 150 24 27 157 36 164 38 40 170 178 51 52 53 183 57 58 59 60 61 62 63 64 65 192 67 68 69 70 79 80 81 92 94 96 105 108 111 118 122 126 
13 132 7 137 11 145 22 151 25 28 158 37 165 39 41 171 179 52 53 54 184 57 58 59 60 61 62 63 64 65 66 193 68 69 70 80 81 82 93 95 97 106 109 112 119 123 
10 133 8 138 12 146 23 152 26 159 185 38 166 40 42 172 180 53 54 55 57 58 59 60 61 62 63 64 65 66 67 194 69 70 81 82 83 94 96 98 107 110 120 124 
3 134 9 139 13 147 24 153 27 160 39 186 41 167 173 181 54 55 56 57 58 59 60 61 62 63 64 65 66 67 68 195 70 82 83 84 95 97 108 111 121 125 
4 135 10 140 14 148 25 154 28 161 40 168 42 187 174 182 55 56 57 58 59 60 61 62 63 64 65 66 67 68 69 196 83 84 96 98 109 112 122 126 
12 1 131 6 141 15 146 19 155 29 32 161 169 43 45 176 183 57 58 191 72 73 74 75 76 77 78 79 80 81 82 83 84 85 86 99 101 113 116 127 
14 128 2 132 7 142 16 147 20 156 30 33 162 170 44 46 177 184 57 58 59 192 71 73 74 75 76 77 78 79 80 81 82 83 84 85 86 87 100 102 114 117 
15 129 3 133 8 143 17 148 21 157 31 34 163 43 171 45 47 178 185 58 59 60 193 71 72 74 75 76 77 78 79 80 81 82 83 84 86 87 88 99 101 103 115 118 
5 130 4 134 9 144 18 149 22 29 158 32 35 164 44 172 46 48 179 186 59 60 61 194 71 72 73 75 76 77 78 79 80 81 82 83 84 87 88 89 100 102 104 113 116 119 
1 131 5 135 10 15 145 19 150 23 30 159 33 36 165 45 173 47 49 180 187 60 61 62 195 71 72 73 74 76 77 78 79 80 81 82 83 84 88 89 90 101 103 105 114 117 120 127 
6 128 1 132 6 136 11 141 16 146 20 151 24 31 160 34 37 166 46 174 48 50 181 188 61 62 63 196 71 72 73 74 75 77 78 79 80 81 82 83 84 89 90 91 102 104 106 115 118 121 
2 129 2 133 7 137 12 142 17 147 21 152 25 155 32 161 35 38 167 47 175 49 51 182 189 62 63 64 71 72 73 74 75 76 78 79 80 81 82 83 84 90 91 92 103 105 107 116 119 122 
13 130 3 134 8 138 13 143 18 148 22 153 26 156 33 162 36 39 168 169 48 176 50 52 190 63 64 65 71 72 73 74 75 76 77 79 80 81 82 83 84 91 92 93 104 106 108 117 120 123 
3 131 4 135 9 139 14 144 19 149 23 154 27 157 34 163 37 40 170 49 177 51 53 183 191 64 65 66 71 72 73 74 75 76 77 78 80 81 82 83 84 92 93 94 105 107 109 118 121 124 
8 132 5 136 10 140 145 20 150 24 28 158 35 164 38 41 171 50 178 52 54 184 192 65 66 67 71 72 73 74 75 76 77 78 79 81 82 83 84 93 94 95 106 108 110 119 122 125 
7 133 6 137 11 146 21 151 25 159 36 165 39 42 172 51 179 53 55 185 193 66 67 68 71 72 73 74 75 76 77 78 79 80 82 83 84 94 95 96 107 109 111 120 123 126 
0 134 7 138 12 147 22 152 26 160 37 166 40 173 52 180 54 56 186 194 67 68 69 71 72 73 74 75 76 77 78 79 80 81 83 84 95 96 97 108 110 112 121 124 
11 135 8 139 13 148 23 153 27 161 38 167 41 174 53 181 55 187 195 68 69 70 71 72 73 74 75 76 77 78 79 80 81 82 84 96 97 98 109 111 122 125 
9 136 9 140 14 149 24 154 28 162 39 168 42 175 54 182 56 188 196 69 70 71 72 73 74 75 76 77 78 79 80 81 82 83 97 98 110 112 123 126 
4 1 130 7 141 15 145 20 155 29 160 33 169 43 46 175 183 57 59 190 71 72 86 87 88 89 90 91 92 93 94 95 96 97 98 99 100 113 115 127 
13 128 2 131 8 142 16 146 21 156 30 161 34 170 44 47 176 184 58 60 191 71 72 73 85 87 88 89 90 91 92 93 94 95 96 97 98 99 100 101 114 116 
8 129 3 132 9 143 17 147 22 157 31 162 35 171 45 48 177 57 185 59 61 192 72 73 74 85 86 88 89 90 91 92 93 94 95 96 97 98 100 101 102 113 115 117 
3 130 4 133 10 144 18 148 23 158 32 163 36 43 172 46 49 178 58 186 60 62 193 73 74 75 85 86 87 89 90 91 92 93 94 95 96 97 98 101 102 103 114 116 118 127 
12 128 131 5 134 11 141 145 19 149 24 29 159 33 164 37 44 173 47 50 179 59 187 61 63 194 74 75 76 85 86 87 88 90 91 92 93 94 95 96 97 98 102 103 104 115 117 119 
0 129 132 6 135 12 142 15 146 20 150 25 155 30 160 34 165 38 45 174 48 51 180 60 188 62 64 195 75 76 77 85 86 87 88 89 91 92 93 94 95 96 97 98 103 104 105 116 118 120 
7 1 130 133 7 136 13 143 16 147 21 151 26 156 31 161 35 166 39 169 46 175 49 52 181 61 189 63 65 196 76 77 78 85 86 87 88 89 90 92 93 94 95 96 97 98 104 105 106 117 119 121 
6 2 131 134 8 137 14 144 17 148 22 152 27 157 32 162 36 167 40 170 47 176 50 53 182 183 62 190 64 66 77 78 79 85 86 87 88 89 90 91 93 94 95 96 97 98 105 106 107 118 120 122 
1 3 132 135 9 138 145 18 149 23 153 28 158 33 163 37 168 41 171 48 177 51 54 184 63 191 65 67 78 79 80 85 86 87 88 89 90 91 92 94 95 96 97 98 106 107 108 119 121 123 
5 4 133 136 10 139 146 19 150 24 154 159 34 164 38 42 172 49 178 52 55 185 64 192 66 68 79 80 81 85 86 87 88 89 90 91 92 93 95 96 97 98 107 108 109 120 122 124 
15 5 134 137 11 140 147 20 151 25 160 35 165 39 173 50 179 53 56 186 65 193 67 69 80 81 82 85 86 87 88 89 90 91 92 93 94 96 97 98 108 109 110 121 123 125 
14 6 135 138 12 148 21 152 26 161 36 166 40 174 51 180 54 187 66 194 68 70 81 82 83 85 86 87 88 89 90 91 92 93 94 95 97 98 109 110 111 122 124 126 
10 7 136 139 13 149 22 153 27 162 37 167 41 175 52 181 55 188 67 195 69 82 83 84 85 86 87 88 89 90 91 92 93 94 95 96 98 110 111 112 123 125 
2 8 137 140 14 150 23 154 28 163 38 168 42 176 53 182 56 189 68 196 70 83 84 85 86 87 88 89 90 91 92 93 94 95 96 97 111 112 124 126 
7 1 129 8 141 15 144 21 155 29 159 34 169 43 174 47 183 57 60 189 71 73 85 86 100 101 102 103 104 105 106 107 108 109 110 111 112 113 114 127 
0 128 2 130 9 142 16 145 22 156 30 160 35 170 44 175 48 184 58 61 190 72 74 85 86 87 99 101 102 103 104 105 106 107 108 109 110 111 112 113 114 115 
5 129 3 131 10 143 17 146 23 157 31 161 36 171 45 176 49 185 59 62 191 71 73 75 86 87 88 99 100 102 103 104 105 106 107 108 109 110 111 112 114 115 116 127 
13 128 130 4 132 11 141 144 18 147 24 158 32 162 37 172 46 177 50 57 186 60 63 192 72 74 76 87 88 89 99 100 101 103 104 105 106 107 108 109 110 111 112 115 116 117 
4 129 131 5 133 12 142 145 19 148 25 155 159 33 163 38 43 173 47 178 51 58 187 61 64 193 73 75 77 88 89 90 99 100 101 102 104 105 106 107 108 109 110 111 112 116 117 118 
15 130 132 6 134 13 143 146 20 149 26 156 29 160 34 164 39 169 44 174 48 179 52 59 188 62 65 194 74 76 78 89 90 91 99 100 101 102 103 105 106 107 108 109 110 111 112 117 118 119 
10 131 133 7 135 14 15 144 147 21 150 27 157 30 161 35 165 40 170 45 175 49 180 53 183 60 189 63 66 195 75 77 79 90 91 92 99 100 101 102 103 104 106 107 108 109 110 111 112 118 119 120 
12 1 132 134 8 136 16 145 148 22 151 28 158 31 162 36 166 41 171 46 176 50 181 54 184 61 190 64 67 196 76 78 80 91 92 93 99 100 101 102 103 104 105 107 108 109 110 111 112 119 120 121 
14 2 133 135 9 137 17 146 149 23 152 159 32 163 37 167 42 172 47 177 51 182 55 185 62 191 65 68 77 79 81 92 93 94 99 100 101 102 103 104 105 106 108 109 110 111 112 120 121 122 
11 3 134 136 10 138 18 147 150 24 153 160 33 164 38 168 173 48 178 52 56 186 63 192 66 69 78 80 82 93 94 95 99 100 101 102 103 104 105 106 107 109 110 111 112 121 122 123 
1 4 135 137 11 139 19 148 151 25 154 161 34 165 39 174 49 179 53 187 64 193 67 70 79 81 83 94 95 96 99 100 101 102 103 104 105 106 107 108 110 111 112 122 123 124 
2 5 136 138 12 140 20 149 152 26 162 35 166 40 175 50 180 54 188 65 194 68 80 82 84 95 96 97 99 100 101 102 103 104 105 106 107 108 109 111 112 123 124 125 
6 6 137 139 13 21 150 153 27 163 36 167 41 176 51 181 55 189 66 195 69 81 83 96 97 98 99 100 101 102 103 104 105 106 107 108 109 110 112 124 125 126 
8 7 138 140 14 22 151 154 28 164 37 168 42 177 52 182 56 190 67 196 70 82 84 97 98 99 100 101 102 103 104 105 106 107 108 109 110 111 125 126 
1 128 1 9 141 15 143 22 155 29 158 35 169 43 173 48 183 57 188 61 71 74 85 87 99 100 114 115 116 117 118 119 120 121 122 123 124 125 126 127 
12 128 129 2 10 142 16 144 23 156 30 159 36 170 44 174 49 184 58 189 62 72 75 86 88 99 100 101 113 115 116 117 118 119 120 121 122 123 124 125 126 127 
11 128 129 130 3 11 141 143 17 145 24 157 31 160 37 171 45 175 50 185 59 190 63 73 76 85 87 89 100 101 102 113 114 116 117 118 119 120 121 122 123 124 125 126 
8 129 130 131 4 12 142 144 18 146 25 155 158 32 161 38 172 46 176 51 186 60 191 64 71 74 77 86 88 90 101 102 103 113 114 115 117 118 119 120 121 122 123 124 125 126 
10 130 131 132 5 13 143 145 19 147 26 156 159 33 162 39 169 173 47 177 52 57 187 61 192 65 72 75 78 87 89 91 102 103 104 113 114 115 116 118 119 120 121 122 123 124 125 126 
2 131 132 133 6 14 144 146 20 148 27 157 160 34 163 40 170 43 174 48 178 53 183 58 188 62 193 66 73 76 79 88 90 92 103 104 105 113 114 115 116 117 119 120 121 122 123 124 125 126 
14 132 133 134 7 145 147 21 149 28 29 158 161 35 164 41 171 44 175 49 179 54 184 59 189 63 194 67 74 77 80 89 91 93 104 105 106 113 114 115 116 117 118 120 121 122 123 124 125 126 
3 133 134 135 8 15 146 148 22 150 30 159 162 36 165 42 172 45 176 50 180 55 185 60 190 64 195 68 75 78 81 90 92 94 105 106 107 113 114 115 116 117 118 119 121 122 123 124 125 126 
4 1 134 135 136 9 16 147 149 23 151 31 160 163 37 166 173 46 177 51 181 56 186 61 191 65 196 69 76 79 82 91 93 95 106 107 108 113 114 115 116 117 118 119 120 122 123 124 125 126 
13 2 135 136 137 10 17 148 150 24 152 32 161 164 38 167 174 47 178 52 182 187 62 192 66 70 77 80 83 92 94 96 107 108 109 113 114 115 116 117 118 119 120 121 123 124 125 126 
6 3 136 137 138 11 18 149 151 25 153 33 162 165 39 168 175 48 179 53 188 63 193 67 78 81 84 93 95 97 108 109 110 113 114 115 116 117 118 119 120 121 122 124 125 126 
7 4 137 138 139 12 19 150 152 26 154 34 163 166 40 176 49 180 54 189 64 194 68 79 82 94 96 98 109 110 111 113 114 115 116 117 118 119 120 121 122 123 125 126 
9 5 138 139 140 13 20 151 153 27 35 164 167 41 177 50 181 55 190 65 195 69 80 83 95 97 110 111 112 113 114 115 116 117 118 119 120 121 122 123 124 126 
15 6 139 140 14 21 152 154 28 36 165 168 42 178 51 182 56 191 66 196 70 81 84 96 98 111 112 113 114 115 116 117 118 119 120 121 122 123 124 125 
10 128 1 129 130 131 132 133 134 135 136 10 137 138 139 142 15 140 141 23 155 29 157 36 169 43 172 49 183 57 187 62 71 75 85 88 99 101 113 114 
2 129 2 130 131 132 133 134 135 136 137 11 138 141 139 143 16 140 142 24 156 158 30 37 170 44 173 50 184 58 188 63 72 76 86 89 100 102 113 114 115 127 
3 128 130 3 131 132 133 134 135 136 137 138 12 139 142 140 144 17 143 25 155 157 31 159 38 171 45 174 51 185 59 189 64 73 77 87 90 99 101 103 114 115 116 127 
1 128 129 131 4 132 133 134 135 136 137 138 139 13 140 143 144 145 18 26 156 158 32 160 39 169 172 46 175 52 186 60 190 65 74 78 85 88 91 100 102 104 115 116 117 127 
0 128 129 130 132 5 133 134 135 136 137 138 139 140 14 144 145 146 19 27 157 159 33 161 40 170 173 47 176 53 183 187 61 191 66 71 75 79 86 89 92 101 103 105 116 117 118 127 
5 128 129 130 131 133 6 134 135 136 137 138 139 140 145 146 147 20 28 158 160 34 162 41 171 174 48 177 54 184 57 188 62 192 67 72 76 80 87 90 93 102 104 106 117 118 119 127 
13 128 129 130 131 132 134 7 135 136 137 138 139 140 146 147 148 21 159 161 35 163 42 43 172 175 49 178 55 185 58 189 63 193 68 73 77 81 88 91 94 103 105 107 118 119 120 127 
8 128 129 130 131 132 133 135 8 136 137 138 139 140 147 148 149 22 29 160 162 36 164 44 173 176 50 179 56 186 59 190 64 194 69 74 78 82 89 92 95 104 106 108 119 120 121 127 
6 128 129 130 131 132 133 134 136 9 137 138 139 140 15 148 149 150 23 30 161 163 37 165 45 174 177 51 180 187 60 191 65 195 70 75 79 83 90 93 96 105 107 109 120 121 122 127 
15 128 1 129 130 131 132 133 134 135 137 10 138 139 140 16 149 150 151 24 31 162 164 38 166 46 175 178 52 181 188 61 192 66 196 76 80 84 91 94 97 106 108 110 121 122 123 127 
9 128 129 2 130 131 132 133 134 135 136 138 11 139 140 17 150 151 152 25 32 163 165 39 167 47 176 179 53 182 189 62 193 67 77 81 92 95 98 107 109 111 122 123 124 127 
4 128 129 130 3 131 132 133 134 135 136 137 139 12 140 18 151 152 153 26 33 164 166 40 168 48 177 180 54 190 63 194 68 78 82 93 96 108 110 112 123 124 125 127 
12 128 129 130 131 4 132 133 134 135 136 137 138 140 13 19 152 153 154 27 34 165 167 41 49 178 181 55 191 64 195 69 79 83 94 97 109 111 124 125 126 127 
14 128 129 130 131 132 5 133 134 135 136 137 138 139 14 20 153 154 28 35 166 168 42 50 179 182 56 192 65 196 70 80 84 95 98 110 112 125 126 127 
14 128 1 11 142 15 143 144 145 146 147 148 149 150 24 151 152 153 156 29 154 155 37 169 43 171 50 183 57 186 63 71 76 85 89 99 102 113 115 127 
7 128 129 2 12 141 143 16 144 145 146 147 148 149 150 151 25 152 155 153 157 30 154 156 38 170 44 172 51 184 58 187 64 72 77 86 90 100 103 114 116 127 
9 128 129 130 3 13 141 142 144 17 145 146 147 148 149 150 151 152 26 153 156 154 158 31 157 39 169 171 45 173 52 185 59 188 65 73 78 87 91 101 104 113 115 117 
15 129 130 131 4 141 14 142 143 145 18 146 147 148 149 150 151 152 153 27 154 157 158 159 32 40 170 172 46 174 53 183 186 60 189 66 74 79 88 92 99 102 105 114 116 118 
2 130 131 132 5 141 142 143 144 146 19 147 148 149 150 151 152 153 154 28 158 159 160 33 41 171 173 47 175 54 184 187 61 190 67 75 80 85 89 93 100 103 106 115 117 119 
1 131 132 133 6 141 142 143 144 145 147 20 148 149 150 151 152 153 154 159 160 161 34 42 172 174 48 176 55 185 188 62 191 68 71 76 81 86 90 94 101 104 107 116 118 120 
12 132 133 134 7 141 142 143 144 145 146 148 21 149 150 151 152 153 154 160 161 162 35 173 175 49 177 56 57 186 189 63 192 69 72 77 82 87 91 95 102 105 108 117 119 121 
5 133 134 135 8 141 142 143 144 145 146 147 149 22 150 151 152 153 154 161 162 163 36 43 174 176 50 178 58 187 190 64 193 70 73 78 83 88 92 96 103 106 109 118 120 122 
13 134 135 136 9 141 142 143 144 145 146 147 148 150 23 151 152 153 154 29 162 163 164 37 44 175 177 51 179 59 188 191 65 194 74 79 84 89 93 97 104 107 110 119 121 123 
4 135 136 137 10 141 142 15 143 144 145 146 147 148 149 151 24 152 153 154 30 163 164 165 38 45 176 178 52 180 60 189 192 66 195 75 80 90 94 98 105 108 111 120 122 124 
3 1 136 137 138 11 141 142 143 16 144 145 146 147 148 149 150 152 25 153 154 31 164 165 166 39 46 177 179 53 181 61 190 193 67 196 76 81 91 95 106 109 112 121 123 125 
8 2 137 138 139 12 141 142 143 144 17 145 146 147 148 149 150 151 153 26 154 32 165 166 167 40 47 178 180 54 182 62 191 194 68 77 82 92 96 107 110 122 124 126 
0 3 138 139 140 13 141 142 143 144 18 145 146 147 148 149 150 151 152 27 154 33 166 167 168 41 48 179 181 55 63 192 195 69 78 83 93 97 108 111 123 125 
10 4 139 140 141 14 142 143 144 145 19 146 147 148 149 150 151 152 153 28 34 167 168 42 49 180 182 56 64 193 196 70 79 84 94 98 109 112 124 126 
13 1 129 12 141 142 15 25 156 29 157 158 159 160 161 162 163 164 38 165 166 167 170 43 168 169 51 183 57 185 64 71 77 85 90 99 103 113 116 127 
8 128 2 130 13 141 142 16 143 26 155 157 30 158 159 160 161 162 163 164 165 39 166 169 167 171 44 168 170 52 184 58 186 65 72 78 86 91 100 104 114 117 
4 129 3 131 14 142 143 17 144 27 155 156 158 31 159 160 161 162 163 164 165 166 40 167 170 168 172 45 171 53 183 185 59 187 66 73 79 87 92 101 105 115 118 127 
0 128 130 4 132 143 144 145 18 155 28 156 157 159 32 160 161 162 163 164 165 166 167 41 168 171 172 173 46 54 184 186 60 188 67 74 80 88 93 102 106 113 116 119 
6 129 131 5 133 144 145 146 19 155 156 157 158 160 33 161 162 163 164 165 166 167 168 42 172 173 174 47 55 185 187 61 189 68 75 81 89 94 99 103 107 114 117 120 
14 130 132 6 134 145 146 147 20 155 156 157 158 159 161 34 162 163 164 165 166 167 168 173 174 175 48 56 186 188 62 190 69 76 82 85 90 95 100 104 108 115 118 121 
15 131 133 7 135 146 147 148 21 155 156 157 158 159 160 162 35 163 164 165 166 167 168 174 175 176 49 187 189 63 191 70 71 77 83 86 91 96 101 105 109 116 119 122 
11 132 134 8 136 147 148 149 22 155 156 157 158 159 160 161 163 36 164 165 166 167 168 175 176 177 50 57 188 190 64 192 72 78 84 87 92 97 102 106 110 117 120 123 
12 133 135 9 137 148 149 150 23 155 156 157 158 159 160 161 162 164 37 165 166 167 168 43 176 177 178 51 58 189 191 65 193 73 79 88 93 98 103 107 111 118 121 124 
10 134 136 10 138 149 150 151 24 155 156 29 157 158 159 160 161 162 163 165 38 166 167 168 44 177 178 179 52 59 190 192 66 194 74 80 89 94 104 108 112 119 122 125 
2 135 137 11 139 15 150 151 152 25 155 156 157 30 158 159 160 161 162 163 164 166 39 167 168 45 178 179 180 53 60 191 193 67 195 75 81 90 95 105 109 120 123 126 
5 1 136 138 12 140 16 151 152 153 26 155 156 157 158 31 159 160 161 162 163 164 165 167 40 168 46 179 180 181 54 61 192 194 68 196 76 82 91 96 106 110 121 124 
1 2 137 139 13 17 152 153 154 27 155 156 157 158 32 159 160 161 162 163 164 165 166 41 168 47 180 181 182 55 62 193 195 69 77 83 92 97 107 111 122 125 
7 3 138 140 14 18 153 154 155 28 156 157 158 159 33 160 161 162 163 164 165 166 167 42 48 181 182 56 63 194 196 70 78 84 93 98 108 112 123 126 
6 1 130 13 141 15 143 26 155 156 29 39 170 43 171 172 173 174 175 176 177 178 52 179 180 181 184 57 182 183 65 71 78 85 91 99 104 113 117 127 
11 128 2 131 14 142 16 144 27 155 156 30 157 40 169 171 44 172 173 174 175 176 177 178 179 53 180 183 181 185 58 182 184 66 72 79 86 92 100 105 114 118 
10 129 3 132 141 143 17 145 28 156 157 31 158 41 169 170 172 45 173 174 175 176 177 178 179 180 54 181 184 182 186 59 185 67 73 80 87 93 101 106 115 119 
12 130 4 133 142 144 18 146 157 158 159 32 169 42 170 171 173 46 174 175 176 177 178 179 180 181 55 182 185 186 187 60 68 74 81 88 94 102 107 116 120 127 
13 128 131 5 134 143 145 19 147 158 159 160 33 169 170 171 172 174 47 175 176 177 178 179 180 181 182 56 186 187 188 61 69 75 82 89 95 103 108 113 117 121 
9 129 132 6 135 144 146 20 148 159 160 161 34 169 170 171 172 173 175 48 176 177 178 179 180 181 182 187 188 189 62 70 76 83 90 96 99 104 109 114 118 122 
3 130 133 7 136 145 147 21 149 160 161 162 35 169 170 171 172 173 174 176 49 177 178 179 180 181 182 188 189 190 63 77 84 85 91 97 100 105 110 115 119 123 
14 131 134 8 137 146 148 22 150 161 162 163 36 169 170 171 172 173 174 175 177 50 178 179 180 181 182 189 190 191 64 71 78 86 92 98 101 106 111 116 120 124 
0 132 135 9 138 147 149 23 151 162 163 164 37 169 170 171 172 173 174 175 176 178 51 179 180 181 182 57 190 191 192 65 72 79 87 93 102 107 112 117 121 125 
7 133 136 10 139 148 150 24 152 163 164 165 38 169 170 43 171 172 173 174 175 176 177 179 52 180 181 182 58 191 192 193 66 73 80 88 94 103 108 118 122 126 
4 134 137 11 140 149 151 25 153 29 164 165 166 39 169 170 171 44 172 173 174 175 176 177 178 180 53 181 182 59 192 193 194 67 74 81 89 95 104 109 119 123 
15 135 138 12 15 150 152 26 154 30 165 166 167 40 169 170 171 172 45 173 174 175 176 177 178 179 181 54 182 60 193 194 195 68 75 82 90 96 105 110 120 124 
8 1 136 139 13 16 151 153 27 31 166 167 168 41 169 170 171 172 46 173 174 175 176 177 178 179 180 55 182 61 194 195 196 69 76 83 91 97 106 111 121 125 
5 2 137 140 14 17 152 154 28 32 167 168 169 42 170 171 172 173 47 174 175 176 177 178 179 180 181 56 62 195 196 70 77 84 92 98 107 112 122 126 
5 1 131 141 14 15 144 27 155 29 157 40 169 170 43 53 184 57 185 186 187 188 189 190 191 192 66 193 194 195 196 71 79 85 92 99 105 113 118 127 
15 128 2 132 142 16 145 28 156 30 158 41 169 170 44 171 54 183 185 58 186 187 188 189 190 191 192 193 67 194 195 196 72 80 86 93 100 106 114 119 
2 129 3 133 143 17 146 155 157 31 159 42 170 171 45 172 55 183 184 186 59 187 188 189 190 191 192 193 194 68 195 196 73 81 87 94 101 107 115 120 
6 130 4 134 141 144 18 147 156 158 32 160 171 172 173 46 183 56 184 185 187 60 188 189 190 191 192 193 194 195 69 196 74 82 88 95 102 108 116 121 
8 131 5 135 142 145 19 148 157 159 33 161 172 173 174 47 183 184 185 186 188 61 189 190 191 192 193 194 195 196 70 75 83 89 96 103 109 117 122 127 
12 128 132 6 136 143 146 20 149 158 160 34 162 173 174 175 48 183 184 185 186 187 189 62 190 191 192 193 194 195 196 76 84 90 97 104 110 113 118 123 
1 129 133 7 137 144 147 21 150 159 161 35 163 174 175 176 49 183 184 185 186 187 188 190 63 191 192 193 194 195 196 77 91 98 99 105 111 114 119 124 
7 130 134 8 138 145 148 22 151 160 162 36 164 175 176 177 50 183 184 185 186 187 188 189 191 64 192 193 194 195 196 78 85 92 100 106 112 115 120 125 
10 131 135 9 139 146 149 23 152 161 163 37 165 176 177 178 51 183 184 185 186 187 188 189 190 192 65 193 194 195 196 71 79 86 93 101 107 116 121 126 
3 132 136 10 140 147 150 24 153 162 164 38 166 177 178 179 52 183 184 57 185 186 187 188 189 190 191 193 66 194 195 196 72 80 87 94 102 108 117 122 
14 133 137 11 148 151 25 154 163 165 39 167 43 178 179 180 53 183 184 185 58 186 187 188 189 190 191 192 194 67 195 196 73 81 88 95 103 109 118 123 
9 134 138 12 149 152 26 29 164 166 40 168 44 179 180 181 54 183 184 185 186 59 187 188 189 190 191 192 193 195 68 196 74 82 89 96 104 110 119 124 
13 135 139 13 15 150 153 27 30 165 167 41 45 180 181 182 55 183 184 185 186 60 187 188 189 190 191 192 193 194 69 196 75 83 90 97 105 111 120 125 
11 1 136 140 14 16 151 154 28 31 166 168 42 46 181 182 183 56 184 185 186 187 61 188 189 190 191 192 193 194 195 70 76 84 91 98 106 112 121 126 
