49 952
5 33 2 3 4 5 6 7 8 9 41 36 43 15 17 49 22 25 29 
2 1 34 3 4 5 6 7 8 9 10 42 37 44 16 18 23 26 30 
0 1 2 35 4 5 6 7 38 9 10 11 45 15 17 19 24 27 31 
1 32 1 2 3 5 6 7 39 10 11 12 46 16 18 20 22 25 28 
4 1 2 3 4 33 6 7 40 11 12 13 47 17 19 21 23 26 29 
3 1 2 3 4 5 36 7 34 41 12 13 14 48 18 20 24 27 30 
6 1 2 3 4 5 6 37 35 42 43 13 14 49 19 21 25 28 31 
3 32 1 2 36 40 9 10 11 12 13 14 15 16 48 43 22 24 29 
6 1 2 3 33 37 8 41 10 11 12 13 14 15 16 17 49 44 23 25 30 
5 2 3 4 34 38 8 9 42 11 12 13 14 45 16 17 18 22 24 26 31 
2 32 3 4 5 35 39 8 9 10 12 13 14 46 17 18 19 23 25 27 29 
0 33 4 5 6 36 8 9 10 11 40 13 14 47 18 19 20 24 26 28 30 
1 34 5 6 7 8 9 10 11 12 37 43 14 41 48 19 20 21 25 27 31 
4 32 35 6 7 8 9 10 11 12 13 38 44 42 49 20 21 26 28 
1 1 3 36 39 8 9 43 47 16 17 18 19 20 21 22 23 29 31 
4 32 2 4 37 8 9 10 40 44 15 48 17 18 19 20 21 22 23 24 30 
3 1 3 5 9 10 11 15 16 18 19 20 21 23 24 25 29 31 33 38 41 45 49 
6 2 4 6 10 11 12 15 16 17 19 20 21 24 25 26 30 32 34 36 39 42 46 
5 3 5 7 11 12 13 15 16 17 18 20 21 25 26 27 31 33 35 37 40 43 47 
2 32 34 4 6 38 41 12 13 14 15 16 17 18 19 44 21 48 26 27 28 
0 33 35 5 7 39 42 13 14 15 16 17 18 19 20 45 49 27 28 
2 1 4 36 38 8 10 43 46 15 16 23 24 25 26 27 28 29 30 
0 2 5 37 39 9 11 44 15 16 17 47 22 24 25 26 27 28 29 30 31 
1 3 6 8 10 12 16 17 18 22 23 25 26 27 28 30 31 32 36 38 40 45 48 
4 1 4 7 9 11 13 17 18 19 22 23 24 26 27 28 31 32 33 37 39 41 43 46 49 
3 2 5 10 12 14 18 19 20 22 23 24 25 27 28 32 33 34 38 40 42 44 47 
6 33 34 3 35 6 39 41 11 13 45 48 19 20 21 22 23 24 25 26 28 
5 34 35 4 7 40 42 12 14 46 49 20 21 22 23 24 25 26 27 
6 32 1 33 34 35 5 37 36 8 11 43 45 15 17 22 23 30 31 
5 32 33 2 34 36 35 6 38 37 9 12 44 46 16 18 22 23 24 29 31 
2 3 7 10 13 15 17 19 23 24 25 29 30 32 33 34 35 37 38 39 43 45 47 
0 4 8 11 14 16 18 20 24 25 26 29 30 31 33 34 35 38 39 40 44 46 48 
1 1 5 9 12 17 19 21 25 26 27 29 30 31 32 34 35 39 40 41 45 47 49 
4 32 33 2 35 6 40 41 10 42 13 46 48 18 20 26 27 28 29 30 31 
3 32 33 34 3 7 41 42 11 14 47 49 19 21 27 28 29 30 31 
4 1 37 6 38 8 39 40 41 12 44 42 15 43 18 22 24 29 30 
3 2 36 38 7 39 9 40 43 41 13 45 42 16 44 19 23 25 29 30 31 
6 32 3 36 37 39 40 41 10 42 44 45 14 46 17 20 22 24 26 30 31 
5 32 33 4 36 37 38 40 41 42 11 45 46 15 47 18 21 23 25 27 31 
2 32 33 34 36 5 37 38 8 39 41 42 12 46 47 16 48 19 24 26 28 
0 1 33 34 35 36 6 37 38 9 39 40 42 13 47 48 17 49 20 25 27 
1 2 34 35 36 37 7 38 39 10 40 41 14 48 49 18 21 26 28 
0 1 36 37 7 8 44 13 45 15 46 47 48 19 49 22 25 29 31 
1 32 2 36 37 38 9 43 45 14 46 16 47 48 49 20 23 26 30 
4 33 3 37 38 39 10 43 44 46 47 48 17 49 21 24 27 29 31 
3 32 34 4 38 39 40 11 43 44 45 47 48 49 18 22 25 28 30 
6 33 35 5 39 40 41 43 12 44 45 15 46 48 49 19 23 26 31 
5 32 34 6 8 40 41 42 43 13 44 45 16 46 47 49 20 24 27 
2 1 33 35 7 9 41 42 43 44 14 45 46 17 47 48 21 25 28 
