561 1628
99 452 485 549 164 135 35 555 335 497 178 85 86 119 152 447
64 449 259 391 211 276 244 151 445 447
498
457 411
88 528 244 285 295
44 244 165
262
61 406
457
321 114 317 310 422
416 517 76 78 49 83 219 349
259 164 177 178 85 218 61 62
416 524 549 526
202
356 487 398 558 465 243 244 508 159
429
416 549 262 204 78 207 496 336 49 498 244 53 150 445 510
44
384 451 209 531 184 510 351
492
361
361
202
276 510
416 227 292 361 492 528 433 247 57 285 30
418 150
528 239
452 549
376
416 25 555 222 247
521 61
35 69 300 560 369 368 408 152 222
312 392
416 165 297 108 367 496 147 378
1 261 135 528 408 152 159 32 160 161 291 164 40 300 560 178 61 450 323 452 69 196 327 335 340 341 85 86 222 99 485 368 369 497 244 119 123 254
452
202
473 234 61 511
184 168
160 161 35 452 340 341 123
202
267 203 405 526 452
165
512 6 134 526 400 528 18 276 150 154 285 161 165 549 424 561 452 329 345 218 492 244 510
62
416 192 514 452 104 361 553 330 367 496 410 218
416
297 362
517 262 11 76 141 78 207 336 17 498 83 204 53 534 311 342 219 349
452 425 202 203 502 183 152 155 348
452 285
452
262 204 78 207 336 17 49 498
60 244
400 345 285
528
227 292 492 528 433 25
280 452
212
244 54
259 391 8 521 136 12 525 526 145 402 401 276 406 151 281 154 538 285 286 31 159 161 541 35 38 424 169 428 174 310 441 186 316 445 62 319 447 321 452 202 462 211 473 218 482 483 361 365 497 114 244 504 249 510
130 66 169 73 12 45 492 276 120 538 61 286 318
387
545 2 353 387 549 452 263 491 114 244 277 314 154 189 285 381
526
169 130 276 62 286
321 401
465 487
32 35 300 560 369 368 408 152 222
492 519
423
297 74 99
492 62
72 299 340 99 510
203
517 11 78 49 83 219 349
320 452
517 262 103 11 76 235 204 207 336 17 49 83 498 53 219 349 414
274 518
162
154
496
517 11 76 555 78 49 219 349
452
1 35 99 485 164 135 12 335 177 178 86 119
1 35 99 485 164 135 335 178 85 119 447
203 285 405 526
528 244 5
202 549
476
416
557

165
452 356 489 202 365 400 244 475
340 452
496
274 398
1 35 164 549 165 485 72 135 74 335 528 178 85 86 119 152
321
244 471
137 426 363 554 244 542 479
78
192 553 330 267 46
244
518
468 244
416 34 165 297 202 367 496 528 147 244 378 380 445 415
424 391
202
281 447
472 260 405 367
555
387 259 10 267 526 528 277 150 154 285 545 549 298 314 189 61 64 452 203 353 228 361 491 381
264 497 480 132

165 202 398 244 285 415
150 495
1 35 99 485 164 135 335 178 85 86 447
62
202
526
160 161 35 452 549 40 528 340 244 150 380 285 159
202
528 185 549 150 253
231 313 150 391
264
530 259
361
66 62
308 165 150
480 386 264 202 365 497 115 244
374
161 211 44 259
1 35 99 485 164 335 178 85 86 119
528 61
102 426 363 554 244 542 479
244
332 263
269 397
49
496
452
285
61 174
464 551
416 385 34 549 165 357 297 555 108 492 171 367 528 400 496 150 536 378 410 285
496 510
506
258 131 259 526 400 17 528 147 276 533 152 26 283 285 416 418 419 546 162 549 165 555 44 301 308 185 447 452 326 201 331 460 208 211 350 231 492 367 496 495 114 498 244 242 118 376 123 125 126 510
159 2 259 526 211 61 445 447
1 267 526 276 150 408 410 155 157 32 416 35 549 425 171 300 555 560 50 180 309 437 183 188 447 196 69 452 203 207 464 348 222 99 357 492 368 369 496 498 502 510
400
64 161 290 259 452 198 361 202 267 44 203 526 81 114 310 281 345 61 285 287
452 425 203 50 502 183 152 348
528 215
152
452
35 452 391 487 15 431 211 276 151 218 123 412 61 510
161 35 163 452 40 396 340 123 447
259 134 526 400 154 285 160 35 165 549 40 297 555 44 61 452 211 340 345 480 496 244 501 123 510
389 366 80 150 376 377 507
160 452
1 35 99 485 135 12 335 177 178 85 86 119
131 6 395 397 398 400 528 147 403 150 285 415 416 161 34 549 552 297 43 44 555 302 304 436 308 440 452 329 202 467 217 346 345 94 350 352 223 99 230 360 108 492 367 496 498 244 117 245 372 378 510 383
202
251 492
184 39
66 276 61 62
521 393 462 286
416 385 357 555 267 526 496 147 152 378 410 222
198
555
145 61
452
512 321 317
512 178 12 85 164
1 35 99 164 485 135 12 335 177 85 86 119
240 507 389
152
452
452
416 452 425 203 50 502 152 155 348
321 39 168 393 19 445
125 150 253
538 276 61
306
152 496 434 549
64 545 353 387 452 549 491 114 277 314 285 381
528
361
104 553 330 46
202
538 525
202
35 261 457 202 208 244 152
452
154 172
416 452
361
150
259 132 264 397 14 526 528 400 398 275 277 23 279 154 539 540 285 415 37 165 166 424 41 549 555 294 559 50 306 438 61 193 195 196 452 457 458 333 463 207 337 89 474 95 481 226 484 230 108 365 110 492 496 498 499 244 117 373 121 124 380
259 265 267 526 528 405 152 154 155 285 288 297 42 425 50 183 452 330 75 87 348 114 502 247
262 78 526 336 17 49 498 207 53
361
549
262 202 204 492 78 336 17 49 498 53 533 152 380 255
259 196 549 526 150 510
384 19 451 510
445 549
385 2 259 516 134 276 150 151 159 161 420 549 422 307 443 61 445 447 452 461 344 225 357 501 510
59
285
545
156 431
416
165
259 391 12 397 526 528 400 276 281 410 285 286 159 416 424 555 44 46 61 319 330 464 483 361 365 367 496 497 244 506 510
416 517 11 76 78 496 49 83 349
345 361 285
528 303
32 416 35 69 357 517 171 300 267 526 555 560 369 496 368 152 408 410 30
165
285
211
202
292 492 528 433 25 57
114
361
202 244 165 397 492
313 126 150
424 391
528 268
473 38 511
78
361
361

432 27 286
179 507 389
361
331 150
15
380 510 2 259 132 5 6 264 137 138 267 396 397 526 15 400 17 529 273 398 528 150 276 285 542 415 416 161 35 291 165 421 549 424 426 554 44 555 558 561 54 60 61 316 64 448 196 452 457 202 459 468 470 471 88 218 475 95 479 356 101 102 230 105 107 108 363 365 492 497 370 117 123 379 508 382 255
165
482 483 276
416 361 203 25 285 30
361
61 406
285
492 167
285
185 125
488 361 35
244 492 207
281
549
150
128 2 134 267 12 526 530 276 150 151 537 154 538 285 286 161 297 555 61 445 447 452 329 202 203 208 211 218 480 364 368 497 114 244 510
112 405
35 196 291 327
452 7 204 78 207 400 17 49 336 498 53 345
64 139 332
480 132 202 497 115 244 127
203
361
416 259 452 357 104 42 171 203 555 526 368 496 114 464 244 405 466 152 154 410 222
233
140 508 413 397
528
345 427 527
452
244
398 521 98 286 79
202
2 259 391 528 150 24 281 152 538 159 424 169 44 428 186 443 445 61 62 447 66 211 218 482 483 365 497 244 246 510
64 545 353 387 452 549 202 491 334 114 314 189 285 381
285
202
58 452
256 111 276 154 218 61 287
528
150
361
380 259 387 5 526 398 144 400 528 147 277 150 278 25 154 541 415 416 161 545 547 165 550 295 296 297 549 555 44 51 55 314 61 189 64 452 328 202 203 213 87 345 218 220 476 224 353 480 361 491 492 494 367 496 114 498 244 117 247 250 123 252 381 510 509
66 259 452 483 521 170 462 239 432 274 218 61 62 319
281 154
203
424 391
154
35 244 261
227 492 528 433 25 57
405
202
5 285
285
416 161 34 259 355 165 322 452 72 480 362 203 108 555 367 48 496 147 378 442 285
114
74 340 510
32 35 69 359 560 369 368 152 408 222
150
165
528 221
165
510
202 187 397
211 516
131 165 150
152 453
321 422 10 154 61 445 317
49
392 33
126 231
64 545 353 387 452 549 491 114 277 189 285 381
375
244 61 462
176 321 10 310 422
62 390
218 483 61 286
452 77
67 100 422 423 10 176 401 469 310 184 344 61 317
297 549
450 35
330
492
546 150
35 261
285
259 165 549 44 528 372
192 417 416 324 104 361 553 203 46 367 496 405 218 410
242 150
139 263
202
277
1 35 99 164 485 135 178 85 86 119
262 204 78 207 17 49 498 53
202
528
513
96 160 161 35 452 40 74 299 123 510
40 35 555
49
500
321 211 422
161 452 165 262 361 427 44 271 400 527 528 55 154 220 285
165
472 361 505 452 548
452 425 203 50 502 183 152 155
517 11 76 78 49 83 219
452 165 150
19
165
64 545 387 452 549 491 114 277 314 189 285 381
555 452
297
558 398 15 244 508 95
416 385 420 171 267 555 526 496 147 211 152 378 410 222
452
300
165
129 266 528 21 22 25 154 410 284 285 541 416 549 555 46 430 61 191 452 200 330 205 345 218 347 220 229 236 237 367 496 241 114 498 247 248 254
48 297
102 137 426 554 244 542 479
259
386 132 452 202 397 462 244 276 218 475 538 61 95
162
416 34 165 297 330 361 108 555 46 112 496 498 147 400 528 150 218 378 410 285
32 35 259 69 549 517 452 267 300 526 560 369 152 408 410 222 510
32 35 69 300 368 560 152 408 222
448 244
416 466
329 452 165
202
133
315 492
162 492 528 533 150 29 510
162
416 385 34 165 357 297 171 108 367 496 147 410 446
244
452 549 202 108 207 528 244 123 285 415
64 353 545 387 452 549 491 114 277 314 189 285
244 477
165
209 19 451 510
420 357 171 496 147 211 378 410
132 365
64 353 381 545 452 549 491 114 277 314 285 189 63
549
240 162 179 507
318
510 289 2 232 424 109 276 218 538 61 126 159
312 33
184 170 522
452
165
160 244 452
165 230 424 202 140 269 365 398 492 306 244 532 218 538
98 356 165 549 202 555 492 397 558 15 528 274 244 117 508 285 415

515 262 526 528 147 150 153 285 161 165 549 555 44 55 452 202 345 218 95 492 367 496 498 244
321 67 61
504 61
165
549
260 293 452 42 203 267 330 526 112 496 87
8 249 61
513
32 35 69 300 368 369 560 152 222
416
416 385 357 361 330 171 267 555 46 367 368 526 496 147 152 218 378 222
457 4
159
508 269
78
165 202 108 398 244 117 380 285
517 11 267 13 524 526 17 147 150 152 25 409 410 285 30 34 165 549 297 171 555 46 47 434 183 452 199 330 466 216 218 91 219 222 478 357 361 108 492 367 496 371 244 247 378
330
26 150
452 150
385 211 357
244
321 10 211 310 344 317
321 71
289 391 232 202 523 44 109 397 525 244 276 532 218 538 61 510 541
452 203 50 502 183 152 155 348
102 137 554 363 244 542 479
527 345 271
276 61
16 469
361
215 159
528 286 239
227 292 492 528 25 57
416 188 549 478
447
165
152
202
498
165
61 525
297
538 211 276
452
2 259 108 526 17 210 211 276 310 151 184 537 61 447
378
160 1 2 259 452 549 551 526 111 497 211 276 435 86 119 150 151 152 61 445 510
370 244
2
35 323
384 209 19 510
1 526 527 528 532 535 28 544 545 35 36 549 40 42 555 44 556 46 50 51 52 58 61 64 77 84 95 96 114 123 143 150 152 154 155 158 159 160 161 163 165 175 181 182 183 189 197 199 202 203 211 244 259 262 267 272 277 280 285 286 297 314 320 340 345 347 348 350 353 354 358 361 365 368 372 380 381 387 394 396 400 405 416 419 425 444 447 456 476 480 489 491 492 493 497 501 502 503 510
309
492
498
452
4 196 9 202 244 411
202
244
150
211 519
521 170 365 316 61 286
202
551 267 555 146 152 218
487 68 15
416 267 371
165
107 244
321 429
244
244 101
112 505 347 548
234 538 61 38 511
202
244 365 95
90 452 285
382
416 434 549
102 137 426 363 554 244 542
161 259 132 452 264 297 555 497 115 285
202
512 483 276 61 246
482 276 246 218 61 286 319
202
1 35 99 164 135 335 178 85 86 119
492
159 465 68 15
254
491 452 526 95
528
64 353 545 387 452 549 489 526 114 277 314 189 285 381
397 398 400 528 147 20 533 150 152 25 285 543 416 292 165 549 167 555 44 433 57 62 452 325 70 454 73 202 207 227 230 486 496 244 375 376 506 251 510 255
452
285
118 150
385 267 142 526 400 17 528 147 148 405 150 152 410 285 541 416 161 34 165 549 297 171 555 46 188 202 330 82 218 219 222 97 357 361 108 492 367 498 378
480 1 35 132 259 452 264 115 244 276 218 61 510 447
3 262 400 17 528 150 152 285 541 165 549 555 49 53 439 455 202 204 78 207 336 361 367 496
202
343
161 211 452
452 425 203 50 183 152 155 348
452
402 61
472 347 548
218 492 149
240 162 179 389
356 269 398 15 558 244 413
285
384 259 391 528 17 19 148 276 150 24 152 538 285 159 161 165 549 424 299 44 305 61 447 451 452 74 208 209 211 340 218 492 368 497 244 376
473 234 38
176 177 482 538 44
339 407
46
400
211 307
416 11 76 555 78 368 49 83 219 349 222
106 79
461 70

170 462 274 61 286 31
393
424
416 13 549 526
424 441 194 61
259 267 524 13 400 528 405 150 151 152 154 410 538 285 416 161 549 551 42 171 44 555 61 445 447 65 452 202 203 204 208 87 218 222 357 489 491 368 496 114 244 122
345 427 452 271
5 136 270 398 400 526 147 276 533 150 25 282 27 156 285 541 35 292 165 549 555 44 303 432 433 561 56 57 190 452 329 202 203 338 88 345 218 221 99 227 233 361 490 108 492 367 496 114 498 244 376 123 380 125 510
244
128 259
19
424 452 397
376 528 492 150 207
49
452
147
259 445
512 194 259 391 424 365 397 526 276 473 186 443 61 62 510
202
202
549 424 361 555 496 528 498 61 285
102 137 426 363 554 244 479
492
452
64 353 387 452 549 491 114 277 214 314 285 189 381
150 326
285
472 505 347
1 257 387 388 524 13 398 526 400 17 528 147 404 277 150 152 28 285 541 416 161 545 165 555 44 434 314 188 189 447 64 322 452 329 202 206 208 210 211 89 478 353 99 361 491 492 368 496 114 498 244 123 380 125 381 510
285
464 146 526 447
165
104 192 330 46
102 137 426 363 244 542 479
1 259 517 267 398 526 400 528 147 150 152 410 285 30 541 416 161 165 549 297 171 173 452 202 464 83 341 218 222 480 354 357 361 492 367 496 113 498 244
452
92
508 244 356 398 15
202
32 35 69 300 368 369 152 408 222
528 44 244
