74 301
4 69 5 40 9 10 11 44 13 72 49 50 22 55 25 59 29 63
4 41 74 43 46 51 55 57 62
9 52 53 55
1 2 9 12 19 22 27 32 41 43 45 46 47 49 55 56 57 60 62 63 67 68 69 71 73
1 40 11 13 49 50 55 25 59 29
64 34 39 17 20 21 23 55
70
38 9 44 14 18 52 31
1 66 3 4 69 38 8 72 10 44 14 49 18 52 53 22 55 31
72 1 9 49 55
1 5 40 13 49 50 55 25 59 29
67 4 73 41 43 47 55 57 62
1 5 40 11 49 50 55 25 59 29
38 8 9 44 18 52 31
22 55
65 55
64 34 6 39 20 21 23 55 28 30
38 8 9 44 14 52 22 55 24 31
4 68 73 41 55 56 57 27 60
64 34 6 39 17 21 23 55
64 34 6 39 17 20 23 55
1 66 4 69 9 41 42 44 15 49 18 55 57 26 61 63
64 34 6 39 17 20 21 55 30
55 18 42 31
1 5 40 11 13 49 50 55 59 29
22
4 68 73 41 19 55 56 57 60 62
17
1 5 40 11 13 49 50 55 25 59
55 17 23
38 8 9 44 14 18 52 55 24
4 71
49
64 6 39 17 20 21 23 55
48 58
57 41 60 55
72 49
8 9 44 14 18 52 31
64 34 6 17 20 21 23 55
1 5 11 13 49 50 55 25 59 29
2 67 4 36 68 73 74 43 12 46 47 19 51 22 55 56 57 27 60 62
24 22 55
2 67 4 41 73 74 12 47 51 57
1 38 8 9 14 49 18 52 22 55 31
4 71
2 4 41 55 57 62
67 4 41 73 43 12 55 57 62
58 35
1 33 4 5 37 69 40 9 10 11 44 13 72 50 22 55 25 59 29
1 5 40 11 13 49 55 25 59 29
41 2 43 74 57
3 38 8 9 44 14 18 53 55 31
9 3 52 55
55
1 2 3 4 5 6 9 10 11 12 13 15 16 17 18 19 20 21 22 23 24 25 27 29 30 31 34 36 39 40 41 42 44 46 47 49 50 52 53 54 56 57 59 60 62 64 65 66 67 68 69 72 73
4 68 41 73 19 55 57 27 60
2 67 4 36 68 41 73 43 12 74 46 47 19 51 22 55 56 27 60 62
48 35
1 5 40 11 13 49 50 55 25 29
4 36 68 41 73 19 55 56 57 27
22
2 67 4 41 12 46 47 55 57 27
1 4 22
34 6 39 17 20 21 23 55
16 55
9 22 55
4 41 73 43 12 47 55 57 62
4 41 73 19 55 56 57 27 60
1 4 9 49 22 55
7
32 4 45
1 37 9 10 49 55
67 4 68 41 43 12 47 19 55 56 57 27 60
41 2 43 51 57
