80 254
14
75 37 14
33 5 37 69 40 73 44 46 54 57 25 27 60 28 63
34 66 68 7 72 9 47 79 50 19
3 37 39 10 17 20 22 28
35 37 72 16 48 55 57 58 28
66 34 4 68 38 72 9 47 79 15 50 19
72 56
66 35 4 37 38 7 72 68 34 47 79 15 50 19 28
5 37 39 17 20 22
72 42
14
43
32 1 2 65 37 41 75 12 80 24
33 34 66 68 37 38 7 72 9 76 77 79 48 19 23 57 26 59 29
35 6 72 48 55 57 58
37 5 39 10 20 22
48 57 44
34 66 4 68 38 7 72 9 15 79 47 50
5 37 39 10 17 22

5 37 39 10 17 20
77 15
14
33 3 69 40 73 27 63
59 77 29 15
33 3 69 40 73 25 63
64 3 35 5 6 37 72 9 43 44 46 55 57 58 59 30 31
36 37 77 45 15 26 59
59 28 37
28 37
14
3 69 40 73 15 25 27 59 63
66 4 68 38 7 72 9 15 47 79 50 19 48
37 6 9 44 16 48 55 57 58 28
29
2 3 5 6 9 10 14 15 17 20 22 28 29 30 31 35 39 43 44 46 53 55 57 58 59 60 61 62 64 66 67 70 72 75 77 78
34 66 68 7 72 9 15 79 48 19 52
5 37 10 17 20 22
33 3 69 73 25 27 63
14
72 11
28 13 37 78
3 35 37 74 48 18 55 57 58 59 28
76 29
3 28 37 54
34 66 4 7 72 9 19
34 35 6 38 44 15 16 18 55 57 58

34 66 4 68 7 72 9 79 19
57
38
37
3 46
35 37 6 72 44 16 48 57 58 28
8
3 35 37 6 72 44 76 15 16 48 18 51 55 58 59 28
35 37 6 72 44 16 48 55 57 28
64 33 37 44 77 15 57 26 28 29 30
3 37
37
37
33 3 69 40 73 25 27
59 28 37
14
34 4 37 38 7 68 9 72 15 47 79 50 19
37
34 66 4 38 7 72 9 15 79 50 19
33 3 40 73 25 27 63
37

4 6 7 8 9 11 15 16 19 28 34 37 38 42 47 50 55 57 58 66 68 79
33 3 69 40 25 27 63
44 77
2 37 14
57 45 15
37 74 15 23 26 59 29
43 37
34 66 4 68 38 7 72 9 15 50 19
14
