128 387
80 31 98 109 55
10 75 45 111 113 123 93 127
5
104 40 9 18 21 26 124
48 3 87
23 89 60 13 71
99 91 14
128 100 73 43 19 88 91 62
104 18 4 124 21
2 38 41 75 45 111 113 116 53 20 24 93 30
17 50 59 42 85
32 37
96 89 60 6 71
7
40 77 54 29
33
50 11 85
4 104 9 40 21 26 124
100 101 39 8 73 43 78
30 69 38 10 45 46 113 82 115 116 53 24 25 58 126 94
4 104 9 40 49 18 26 124
82 36 61 118 86
56 89 60 6 71
38 41 10 113 20 116 53 93 61 30
36 38 46 82 20 116 86 118 53 58 61 94 30
4 104 40 18 21 124
128 88 108 76 110
66 99 68 115 52 91 123 92 126 62
77 54 15
38 41 10 113 82 20 116 53 24 25 58 93 61
120 1 98 44 103
12 37
16
121

38 82 86 22 118 25 61
32 12 47
36 41 10 113 82 20 116 86 53 24 25 61 30
100 105 73 78 114 19 125
4 15 18 21 26 124
38 10 116 53 24 30
11 81 50 85 59 63
128 100 8 73 114 19 91 62
98 103 72 119 120 57 31
2 66 69 10 113 115 20 52 123 92 126
82 83 20 53 118 25 58 94
37
5
104 21
42 11 17 81 85 63

62 66 99 68 69 45 115 123 28 92 126 91
69 38 41 10 46 113 82 20 116 86 24 25 58 61 30 94
29 77 15
1 98 67 57 103
95 89 106 60 23
103 98 67 44 55
69 46 82 83 20 53 118 116 86 25 61 30 94
42 11 85
6 71 106 13 23 56 89 95
36 38 82 116 53 22 118 24 25 58 86 30
99 68 8 43 76 52 88 91 28 92
81 42 50
122 67 70
97 125
68 69 45 115 52 123 28 92 126
64 57 122 55
66 76 52 88 123 28 92 62 91
66 45 115 20 52 53 83 58 123 126 94
64 122
96 6 13 23 89 60
120 44 119
100 101 39 8 43 78 19
105 114 97 117 79
2 10 107 111 113 93 127
128 68 88 27 92 62
29 54 15
97 100 101 39 73 105 114 19 125
74 90 108 110 102
1 90 109 102
42 50 63
36 38 46 20 53 22 118 116 25 58 86 61 30 94
58 69 46 94
111 96 93 127
17 42 11 50 59
36 38 82 116 53 22 118 25 58 61
5
128 68 8 76 27 92 91 62
6 71 13 23 56 60
102 108 109 110 79 80
99 68 7 8 43 52 88 28 92 62
66 68 107 76 45 115 52 88 91 28 123 62 126
2 10 75 111 113 84 24 30 127
69 46 82 83 20 53 116 25 58
56 106 60
127 111 84 13 71
65 105 74 78 117 125
1 103 44 109 55 57 31
91 28 52 62 7
101 39 8 73 43 78 114 19
73 19 100 78
80 90 79
55 57 98 44 31
4 9 49 18 21 26 124
97 39 74 78 117 125
56 60 95
75 92 127
90 27 109 110 79
80 1 90 98 108
90 27 108 79
96 2 10 75 84 93 127

2 38 10 75 45 115 20 53 116 24 123 93 30 126
74 43 100 78 39
66 69 45 113 20 52 123 28 92 126
38 41 10 113 82 20 53 86 24 25 58 61 30 94
97 74 105
36 46 82 22 86 25 58 61
72 44
72 44 31
34
64 67 70
2 66 68 69 45 113 115 52 28 92 126
4 40 9 104 18 21 26
65 97 105 78 39
66 69 45 113 115 20 52 123 28 92
96 2 75 107 111 84 93
8 88 27 43 76
