36 290
2 3 36 4 5 6 8 7 13 15 19 22 25 29 31
32 1 3 4 5 6 7 8 9 14 16 20 23 26 30
1 2 33 4 5 6 8 9 10 13 15 17 21 24 27
1 2 3 34 5 6 9 10 11 14 16 18 19 22 28
1 2 3 4 35 6 10 11 12 15 17 20 23 25 29
1 2 3 4 5 36 11 12 16 18 21 24 26 30 31
1 2 35 8 9 10 11 12 13 14 19 21 25 28 31
32 1 2 3 36 7 9 10 11 12 13 14 15 20 22 26 29
33 2 3 4 7 8 10 11 12 14 15 16 19 21 23 27 30
34 3 4 5 7 8 9 11 12 15 16 17 20 22 24 25 28
35 4 5 6 7 8 9 10 12 16 17 18 21 23 26 29 31
32 36 5 6 7 8 9 10 11 17 18 22 24 27 30
1 34 3 7 8 14 15 16 17 18 19 20 25 27 31
32 2 35 4 7 8 9 13 15 16 17 18 19 20 21 26 28
1 33 3 36 5 8 9 10 13 14 16 17 18 20 21 22 25 27 29
2 34 4 6 9 10 11 13 14 15 17 18 21 22 23 26 28 30 31
32 3 35 5 10 11 12 13 14 15 16 18 22 23 24 27 29
33 4 36 6 11 12 13 14 15 16 17 23 24 28 30
1 33 4 7 9 13 14 20 21 22 23 24 25 26 31
32 2 34 5 8 10 13 14 15 19 21 22 23 24 25 26 27
33 3 35 6 7 9 11 14 15 16 19 20 22 23 24 26 27 28 31
32 1 34 4 36 8 10 12 15 16 17 19 20 21 23 24 27 28 29
33 2 35 5 9 11 16 17 18 19 20 21 22 24 28 29 30
34 3 36 6 10 12 17 18 19 20 21 22 23 29 30
32 1 5 7 10 13 15 19 20 26 27 28 29 30 31
32 33 2 6 8 11 14 16 19 20 21 25 27 28 29 30 31
32 33 34 3 9 12 13 15 17 20 21 22 25 26 28 29 30
33 34 35 4 7 10 14 16 18 21 22 23 25 26 27 29 30
1 34 35 36 5 8 11 15 17 22 23 24 25 26 27 28 30
2 35 36 6 9 12 16 18 23 24 25 26 27 28 29
32 1 33 34 35 36 6 7 11 13 16 19 21 25 26
33 2 34 35 36 8 12 14 17 20 22 25 26 27 31
32 34 3 35 36 9 15 18 19 21 23 26 27 28 31
32 33 35 4 36 10 13 16 20 22 24 27 28 29 31
32 33 34 36 5 7 11 14 17 21 23 28 29 30 31
32 1 33 34 35 6 8 12 15 18 22 24 29 30 31
