225 5180
129 2 3 4 5 6 7 8 9 10 11 12 13 14 15 16 17 145 151 31 33 161 166 136 46 49 177 181 61 65 193 196 76 81 209 211 91 97 225 106 113 121
1 130 3 4 5 6 7 8 9 10 11 12 13 14 15 16 17 18 146 152 32 34 162 167 47 50 178 137 182 62 66 194 197 77 82 210 212 92 98 107 114 122
1 2 131 4 5 6 7 8 9 10 11 12 13 14 15 138 17 18 19 147 153 31 33 35 163 168 48 51 179 183 63 67 195 198 78 83 213 93 99 108 115 123
1 2 3 132 5 6 7 8 9 10 11 12 13 14 15 139 18 19 20 148 154 32 34 36 164 169 46 49 52 180 184 64 68 199 79 84 214 94 100 109 116 124
1 2 3 4 133 6 7 8 9 10 11 12 13 14 15 140 19 20 21 149 155 33 35 37 165 170 47 50 53 185 61 65 69 200 80 85 215 95 101 110 117 125
1 2 3 4 5 134 7 8 9 10 11 12 13 14 15 141 20 21 22 150 156 34 36 38 171 48 51 54 186 62 66 70 201 76 81 86 216 96 102 111 118 126
1 2 3 4 5 6 135 8 9 10 11 12 13 14 15 142 21 22 23 157 35 37 39 172 49 52 55 187 63 67 71 202 77 82 87 217 91 97 103 112 119 127
128 1 2 3 4 5 6 7 9 10 11 12 13 14 15 143 22 23 24 158 36 38 40 173 50 53 56 188 64 68 72 203 78 83 88 218 92 98 104 106 113 120
1 2 3 4 5 6 7 8 129 10 11 12 13 14 15 144 23 24 25 159 37 39 41 174 51 54 57 189 65 69 73 204 79 84 89 219 93 99 105 107 114 121
1 2 3 4 5 6 7 8 9 136 11 12 13 14 15 130 145 24 25 26 160 38 40 42 175 52 55 58 190 66 70 74 205 80 85 90 220 94 100 108 115 122
1 2 3 4 5 6 7 8 9 10 137 12 13 14 15 146 131 151 25 26 27 161 39 41 43 176 53 56 59 191 67 71 75 206 81 86 221 95 101 109 116 123
1 2 3 4 5 6 7 8 9 10 11 138 13 14 15 147 152 132 26 27 28 162 166 40 42 44 177 54 57 60 192 68 72 207 82 87 222 96 102 110 117 124
1 2 3 4 5 6 7 8 9 10 11 12 139 14 15 148 153 27 28 29 133 163 167 41 43 45 178 181 55 58 193 69 73 208 83 88 223 97 103 111 118 125
1 2 3 4 5 6 7 8 9 10 11 12 13 140 15 149 154 28 29 30 134 164 168 42 44 179 182 56 59 194 196 70 74 209 84 89 224 98 104 112 119 126
1 2 3 4 5 6 7 8 9 10 11 12 13 14 141 135 150 155 29 30 165 169 43 45 180 183 57 60 195 197 71 75 210 211 85 90 225 99 105 113 120 127
128 1 2 136 144 17 18 19 20 21 22 23 24 25 26 27 28 29 30 31 32 160 166 46 48 176 181 61 64 192 196 76 80 208 211 91 96 224 106 112 151 121
1 2 3 129 137 16 145 18 19 20 21 22 23 24 25 26 27 28 29 30 31 32 33 161 167 47 49 177 182 62 65 193 197 77 81 209 212 92 97 225 107 113 122 152
2 3 4 130 138 16 17 146 19 20 21 22 23 24 25 26 27 28 29 30 153 32 33 34 162 168 46 48 50 178 183 63 66 194 198 78 82 210 213 93 98 108 114 123
3 4 5 131 139 16 17 18 147 20 21 22 23 24 25 26 27 28 29 30 154 33 34 35 163 169 47 49 51 179 184 61 64 67 195 199 79 83 214 94 99 109 115 124
4 5 6 132 140 16 17 18 19 148 21 22 23 24 25 26 27 28 29 30 155 34 35 36 164 170 48 50 52 180 185 62 65 68 200 76 80 84 215 95 100 110 116 125
5 6 7 133 141 16 17 18 19 20 149 22 23 24 25 26 27 28 29 30 156 35 36 37 165 171 49 51 53 186 63 66 69 201 77 81 85 216 91 96 101 111 117 126
6 7 8 134 142 16 17 18 19 20 21 150 23 24 25 26 27 28 29 30 157 36 37 38 172 50 52 54 187 64 67 70 202 78 82 86 217 92 97 102 106 112 118 127
128 7 8 9 135 143 16 17 18 19 20 21 22 24 25 26 27 28 29 30 158 37 38 39 173 51 53 55 188 65 68 71 203 79 83 87 218 93 98 103 107 113 119 121
129 8 9 10 136 16 17 18 19 20 21 22 23 144 25 26 27 28 29 30 159 38 39 40 174 52 54 56 189 66 69 72 204 80 84 88 219 94 99 104 108 114 120 122
130 9 10 11 137 16 17 18 19 20 21 22 23 24 151 26 27 28 29 30 160 39 40 41 175 53 55 57 190 67 70 73 205 81 85 89 145 220 95 100 105 109 115 123
131 10 11 12 138 16 17 18 19 20 21 22 23 24 25 152 27 28 29 30 161 166 40 41 42 176 54 56 58 191 68 71 74 206 82 86 90 221 146 96 101 110 116 124
132 11 12 13 139 16 17 18 19 20 21 22 23 24 25 26 153 28 29 30 162 167 41 42 43 177 181 55 57 59 192 69 72 75 207 83 87 222 97 147 102 111 117 125
133 12 13 14 140 16 17 18 19 20 21 22 23 24 25 26 27 154 29 30 163 168 42 43 44 178 182 56 58 60 193 196 70 73 208 84 88 223 98 103 148 112 118 126
134 13 14 15 16 17 18 19 20 21 22 23 24 25 26 27 28 155 30 164 169 43 44 45 179 183 57 59 194 197 141 71 74 209 211 85 89 224 99 104 149 113 119 127
128 135 14 15 16 17 18 19 20 21 22 23 24 25 26 27 28 29 156 150 165 170 44 45 180 184 58 60 195 198 72 142 75 210 212 86 90 225 100 105 114 120
1 3 136 143 16 17 151 159 32 33 34 35 36 37 38 39 40 41 42 43 44 45 46 47 175 181 61 191 63 166 196 76 79 207 211 91 95 223 106 111 121 127
128 2 4 137 16 17 18 144 152 31 160 33 34 35 36 37 38 39 40 41 42 43 44 45 46 47 48 176 182 62 64 192 197 167 77 80 208 212 92 96 224 107 112 122
1 129 3 5 138 17 18 19 145 153 31 32 161 34 35 36 37 38 39 40 41 42 43 44 45 168 47 48 49 177 183 61 63 65 193 198 78 81 209 213 93 97 225 108 113 123
2 130 4 6 139 18 19 20 146 154 31 32 33 162 35 36 37 38 39 40 41 42 43 44 45 169 48 49 50 178 184 62 64 66 194 199 76 79 82 210 214 94 98 109 114 124
3 131 5 7 140 19 20 21 147 155 31 32 33 34 163 36 37 38 39 40 41 42 43 44 45 170 49 50 51 179 185 63 65 67 195 200 77 80 83 215 91 95 99 110 115 125
4 132 6 8 141 20 21 22 148 156 31 32 33 34 35 164 37 38 39 40 41 42 43 44 45 171 50 51 52 180 186 64 66 68 201 78 81 84 216 92 96 100 106 111 116 126
5 133 7 9 142 21 22 23 149 157 31 32 33 34 35 36 165 38 39 40 41 42 43 44 45 172 51 52 53 187 65 67 69 202 79 82 85 217 93 97 101 107 112 117 121 127
128 6 134 8 136 10 143 22 23 24 150 158 31 32 33 34 35 36 37 39 40 41 42 43 44 45 173 52 53 54 188 66 68 70 203 80 83 86 218 94 98 102 108 113 118 122
129 7 135 9 137 11 144 23 24 25 151 31 32 33 34 35 36 37 38 159 40 41 42 43 44 45 174 53 54 55 189 67 69 71 204 81 84 87 219 95 99 103 109 114 119 123
130 8 10 138 12 145 24 25 26 152 31 32 33 34 35 36 37 38 39 166 41 42 43 44 45 160 175 54 55 56 190 68 70 72 205 82 85 88 220 96 100 104 110 115 120 124
131 9 11 139 13 146 25 26 27 153 31 32 33 34 35 36 37 38 39 40 167 42 43 44 45 161 176 181 55 56 57 191 69 71 73 206 83 86 89 221 97 101 105 111 116 125
132 10 12 140 14 147 26 27 28 154 31 32 33 34 35 36 37 38 39 40 41 168 43 44 45 162 177 182 56 57 58 192 196 70 72 74 207 84 87 90 222 98 102 112 117 126
133 11 13 141 15 148 27 28 29 155 31 32 33 34 35 36 37 38 39 40 41 42 169 44 45 178 163 183 57 58 59 193 197 71 73 75 208 211 85 88 223 99 103 113 118 127
128 134 12 14 142 156 149 28 29 30 31 32 33 34 35 36 37 38 39 40 41 42 43 170 45 179 184 58 59 60 164 194 198 72 74 209 212 86 89 224 100 104 114 119
129 135 13 15 143 157 150 29 30 31 32 33 34 35 36 37 38 39 40 41 42 43 44 171 165 180 185 59 60 195 199 73 75 210 213 87 90 225 101 105 115 120
1 4 136 142 181 16 18 151 158 31 32 166 174 47 48 49 50 51 52 53 54 55 56 57 58 59 60 61 190 62 196 76 78 206 211 91 94 222 106 110 121 126
2 5 137 143 17 19 182 152 159 32 33 31 167 46 175 48 49 50 51 52 53 54 55 56 57 58 59 60 61 62 63 191 197 77 79 207 212 92 95 223 107 111 122 127
128 3 6 138 16 144 18 20 153 32 33 34 160 168 46 47 176 49 50 51 52 53 54 55 56 57 58 59 60 183 62 63 64 192 198 76 78 80 208 213 93 96 224 108 112 123
1 129 4 7 139 17 145 19 21 154 33 34 35 161 169 46 47 48 177 50 51 52 53 54 55 56 57 58 59 60 184 63 64 65 193 199 77 79 81 209 214 91 94 97 225 109 113 124
2 130 5 8 140 18 146 20 22 155 34 35 36 162 170 46 47 48 49 178 51 52 53 54 55 56 57 58 59 60 185 64 65 66 194 200 78 80 82 210 215 92 95 98 106 110 114 125
3 131 6 9 141 19 147 21 23 156 35 36 37 163 171 46 47 48 49 50 179 52 53 54 55 56 57 58 59 60 186 65 66 67 195 201 79 81 83 216 93 96 99 107 111 115 121 126
4 132 7 136 10 142 20 148 22 24 157 36 37 38 164 172 46 47 48 49 50 51 180 53 54 55 56 57 58 59 60 187 66 67 68 202 80 82 84 217 94 97 100 108 112 116 122 127
128 5 133 8 137 11 143 21 149 23 151 25 158 37 38 39 165 173 46 47 48 49 50 51 52 54 55 56 57 58 59 60 188 67 68 69 203 81 83 85 218 95 98 101 109 113 117 123
129 134 6 9 138 12 144 22 150 24 152 26 159 38 39 40 166 46 47 48 49 50 51 52 53 174 55 56 57 58 59 60 189 68 69 70 204 82 84 86 219 96 99 102 110 114 118 124
130 7 135 10 139 13 145 23 25 153 27 160 39 40 41 167 46 47 48 49 50 51 52 53 54 181 56 57 58 59 60 190 69 70 71 205 83 85 87 220 97 100 103 111 175 115 119 125
131 8 11 140 14 146 24 26 154 28 161 40 41 42 168 46 47 48 49 50 51 52 53 54 55 182 57 58 59 60 191 196 70 71 72 206 84 86 88 221 98 101 104 112 116 176 120 126
132 9 12 141 15 147 25 27 155 29 162 41 42 43 169 46 47 48 49 50 51 52 53 54 55 56 183 58 59 60 192 197 71 72 73 207 211 85 87 89 222 99 102 105 113 117 177 127
128 178 133 10 13 142 148 26 28 156 30 163 42 43 44 170 46 47 48 49 50 51 52 53 54 55 56 57 184 59 60 193 198 72 73 74 208 212 86 88 90 223 100 103 114 118
129 179 134 11 14 143 149 27 29 157 164 43 44 45 46 47 48 49 50 51 52 53 54 55 56 57 58 185 60 194 199 73 74 75 209 213 87 89 171 224 101 104 115 119
130 135 12 15 144 150 28 30 158 165 44 45 46 47 48 49 50 51 52 53 54 55 56 57 58 59 186 180 195 200 74 75 210 214 88 90 225 172 102 105 116 120
1 5 136 141 16 19 151 157 31 33 166 173 46 47 181 189 62 63 64 65 66 67 68 69 70 71 72 73 74 75 76 77 205 211 91 196 221 93 106 109 121 125
2 6 137 142 17 20 152 158 32 34 167 46 47 48 174 182 61 190 63 64 65 66 67 68 69 70 71 72 73 74 75 76 77 78 206 212 92 222 94 197 107 110 122 126
3 7 138 143 18 21 153 159 31 33 35 168 47 48 49 175 183 61 62 191 64 65 66 67 68 69 70 71 72 73 74 75 198 77 78 79 207 213 91 93 95 223 108 111 123 127
128 4 8 139 16 144 19 22 154 32 160 34 36 169 48 49 50 176 184 61 62 63 192 65 66 67 68 69 70 71 72 73 74 75 199 78 79 80 208 214 92 94 96 224 106 109 112 124
1 129 5 9 140 17 145 20 23 155 33 161 35 37 170 49 50 51 177 185 61 62 63 64 193 66 67 68 69 70 71 72 73 74 75 200 79 80 81 209 215 93 95 97 225 107 110 113 121 125
2 130 6 136 10 141 18 146 21 24 156 34 162 36 38 171 50 51 52 178 186 61 62 63 64 65 194 67 68 69 70 71 72 73 74 75 201 80 81 82 210 216 94 96 98 108 111 114 122 126
3 131 7 137 11 142 19 147 22 151 25 157 35 163 37 39 172 51 52 53 179 187 61 62 63 64 65 66 195 68 69 70 71 72 73 74 75 202 81 82 83 217 95 97 99 109 112 115 123 127
128 4 132 8 138 12 143 20 148 23 152 26 158 36 164 38 166 40 173 52 53 54 180 188 61 62 63 64 65 66 67 69 70 71 72 73 74 75 203 82 83 84 218 96 98 100 110 113 116 124
129 5 133 9 139 13 144 21 149 24 153 27 159 37 165 39 167 41 174 53 54 55 181 61 62 63 64 65 66 67 68 189 70 71 72 73 74 75 204 83 84 85 219 97 99 101 111 114 117 125
130 6 134 10 140 14 145 22 150 25 154 28 160 38 40 168 42 175 54 55 56 182 190 61 62 63 64 65 66 67 68 69 196 71 72 73 74 75 205 84 85 86 220 98 100 102 112 115 118 126
131 7 135 11 141 15 146 23 26 155 29 161 39 41 169 43 176 55 56 57 183 61 62 63 64 65 66 67 68 69 70 197 72 73 74 75 191 206 211 85 86 87 221 99 101 103 113 116 119 127
128 132 8 12 142 147 24 27 156 30 162 40 42 170 44 177 56 57 58 184 61 62 63 64 65 66 67 68 69 70 71 198 73 74 75 192 207 212 86 87 88 222 100 102 104 114 117 120
129 133 9 13 143 148 25 28 157 163 41 43 171 45 178 57 58 59 185 61 62 63 64 65 66 67 68 69 70 71 72 199 74 75 193 208 213 87 88 89 223 101 103 105 115 118
130 134 10 14 144 149 26 29 158 164 186 42 44 172 179 58 59 60 61 62 63 64 65 66 67 68 69 70 71 72 73 200 75 194 209 214 88 89 90 224 102 104 116 119
131 135 11 15 145 150 27 30 159 165 43 45 173 187 180 59 60 61 62 63 64 65 66 67 68 69 70 71 72 73 74 201 195 210 215 89 90 225 103 105 117 120
1 6 136 140 16 20 151 156 31 34 166 211 172 46 48 181 188 61 62 196 204 77 78 79 80 81 82 83 84 85 86 87 88 89 90 91 220 92 106 108 121 124
2 7 137 141 17 21 152 157 32 35 167 212 173 47 49 182 189 61 62 63 197 76 205 78 79 80 81 82 83 84 85 86 87 88 89 90 91 92 93 221 107 109 122 125
3 8 138 142 18 22 153 158 33 36 168 46 174 48 50 183 190 62 64 63 198 76 77 206 79 80 81 82 83 84 85 86 87 88 89 90 213 92 93 94 222 106 108 110 123 126
4 9 139 143 19 23 154 159 31 34 37 169 47 175 49 51 184 63 64 65 191 199 76 77 78 207 80 81 82 83 84 85 86 87 88 89 90 214 93 94 95 223 107 109 111 121 124 127
128 5 136 10 140 16 144 20 24 155 32 160 35 38 170 48 176 50 52 185 64 65 66 192 200 76 77 78 79 208 81 82 83 84 85 86 87 88 89 90 215 94 95 96 224 108 110 112 122 125
1 129 6 137 11 141 17 145 21 151 25 156 33 161 36 39 171 49 177 51 53 186 65 66 67 193 201 76 77 78 79 80 209 82 83 84 85 86 87 88 89 90 216 95 96 97 225 109 111 113 123 126
2 130 7 138 12 142 18 146 22 152 26 157 34 162 37 166 40 172 50 178 52 54 187 66 67 68 194 202 76 77 78 79 80 81 210 83 84 85 86 87 88 89 90 217 96 97 98 110 112 114 124 127
128 3 131 8 139 13 143 19 147 23 153 27 158 35 163 38 167 41 173 51 179 53 181 55 188 67 68 69 195 203 76 77 78 79 80 81 82 84 85 86 87 88 89 90 218 97 98 99 111 113 115 125
129 4 132 9 140 14 144 20 148 24 154 28 159 36 164 39 168 42 174 52 180 54 182 56 189 68 69 70 196 76 77 78 79 80 81 82 83 204 85 86 87 88 89 90 219 98 99 100 112 114 116 126
130 5 133 205 10 141 15 145 21 149 25 155 29 160 37 165 40 169 43 175 53 55 183 57 190 69 70 71 197 76 77 78 79 80 81 82 83 84 211 86 87 88 89 90 220 99 100 101 113 115 117 127
128 131 6 134 11 206 142 146 22 150 26 156 30 161 38 41 170 44 176 54 56 184 58 191 70 71 72 198 76 77 78 79 80 81 82 83 84 85 212 87 88 89 90 221 100 101 102 114 116 118
129 132 7 135 12 143 207 147 23 27 157 162 39 42 171 45 177 55 57 185 59 192 71 72 73 199 76 77 78 79 80 81 82 83 84 85 86 213 88 89 90 222 101 102 103 115 117 119
130 133 8 13 144 148 208 24 28 158 163 40 43 172 178 56 58 186 60 193 72 73 74 200 76 77 78 79 80 81 82 83 84 85 86 87 214 89 90 223 102 103 104 116 118 120
131 134 9 14 145 149 25 209 29 159 164 41 44 173 179 57 59 187 194 73 74 75 76 77 78 79 80 81 82 83 84 85 86 87 88 215 90 224 103 104 105 201 117 119
132 135 10 15 146 150 26 30 160 165 42 45 174 180 58 60 188 195 74 75 76 77 78 79 80 81 82 83 84 85 86 87 88 89 216 210 225 104 105 118 120 202
1 7 136 139 16 21 151 155 31 35 166 171 46 49 181 187 61 63 196 203 76 77 211 219 92 93 94 95 96 97 98 99 100 101 102 103 104 105 106 107 121 123
2 8 137 140 17 22 152 156 32 36 167 172 47 50 182 188 62 64 197 76 77 78 204 212 91 220 93 94 95 96 97 98 99 100 101 102 103 104 105 106 107 108 122 124
3 9 138 141 18 23 153 157 33 37 168 173 48 51 183 189 61 63 65 198 77 78 79 205 213 91 92 221 94 95 96 97 98 99 100 101 102 103 104 105 107 108 109 121 123 125
4 136 10 139 142 19 24 154 158 34 38 169 46 174 49 52 184 62 190 64 66 199 78 79 80 206 214 91 92 93 222 95 96 97 98 99 100 101 102 103 104 105 108 109 110 122 124 126
5 137 11 140 143 20 151 25 155 31 159 35 39 170 47 175 50 53 185 63 191 65 67 200 79 80 81 207 215 91 92 93 94 223 96 97 98 99 100 101 102 103 104 105 109 110 111 123 125 127
128 6 138 12 141 16 144 21 152 26 156 32 160 36 166 40 171 48 176 51 54 186 64 192 66 68 201 80 81 82 208 216 91 92 93 94 95 224 97 98 99 100 101 102 103 104 105 110 111 112 124 126
1 129 7 139 13 142 17 145 22 153 27 157 33 161 37 167 41 172 49 177 52 181 55 187 65 193 67 69 202 81 82 83 209 217 91 92 93 94 95 96 225 98 99 100 101 102 103 104 105 111 112 113 125 127
128 2 130 8 140 14 143 18 146 23 154 28 158 34 162 38 168 42 173 50 178 53 182 56 188 66 194 68 196 70 203 82 83 84 210 218 91 92 93 94 95 96 97 99 100 101 102 103 104 105 112 113 114 126
129 3 131 9 141 15 144 19 147 24 155 29 159 35 163 39 169 43 174 51 179 54 183 57 189 67 195 69 197 71 204 83 84 85 211 91 92 93 94 95 96 97 98 219 100 101 102 103 104 105 113 114 115 127
128 130 4 132 10 142 145 20 148 25 156 30 160 36 164 40 170 44 175 52 180 55 184 58 190 68 70 198 72 205 84 85 86 212 91 92 93 94 95 96 97 98 99 220 101 102 103 104 105 114 115 116
129 131 5 133 11 143 146 21 149 26 157 161 37 165 41 171 45 176 53 56 185 59 191 69 71 199 73 206 85 86 87 213 91 92 93 94 95 96 97 98 99 100 221 102 103 104 105 115 116 117
130 132 6 134 12 144 147 22 150 27 158 162 38 42 172 177 54 57 186 60 192 70 72 200 74 207 86 87 88 214 91 92 93 94 95 96 97 98 99 100 101 222 103 104 105 116 117 118
131 133 7 135 13 145 148 23 28 159 163 39 43 173 178 55 58 187 193 71 73 201 75 208 87 88 89 215 91 92 93 94 95 96 97 98 99 100 101 102 223 104 105 117 118 119
132 134 8 14 146 149 24 29 160 164 40 44 174 179 56 59 188 216 194 72 74 202 209 88 89 90 91 92 93 94 95 96 97 98 99 100 101 102 103 224 105 118 119 120
133 135 9 15 147 150 25 30 161 165 41 45 175 180 57 60 189 195 217 73 75 203 210 89 90 91 92 93 94 95 96 97 98 99 100 101 102 103 104 225 119 120
1 8 136 138 16 22 151 154 31 36 166 170 46 50 181 186 61 64 196 202 76 78 211 218 91 92 107 108 109 110 111 112 113 114 115 116 117 118 119 120 121 122
2 9 137 139 17 23 152 155 32 37 167 171 47 51 182 187 62 65 197 203 77 79 212 91 92 93 219 106 108 109 110 111 112 113 114 115 116 117 118 119 120 121 122 123
3 136 10 138 140 18 24 153 156 33 38 168 172 48 52 183 188 63 66 198 76 204 78 80 213 92 93 94 220 106 107 109 110 111 112 113 114 115 116 117 118 119 120 122 123 124
4 137 11 139 141 19 151 25 154 157 34 39 169 173 49 53 184 61 189 64 67 199 77 205 79 81 214 93 94 95 221 106 107 108 110 111 112 113 114 115 116 117 118 119 120 123 124 125
5 138 12 140 142 20 152 26 155 158 35 166 40 170 46 174 50 54 185 62 190 65 68 200 78 206 80 82 215 94 95 96 222 106 107 108 109 111 112 113 114 115 116 117 118 119 120 124 125 126
6 139 13 141 143 21 153 27 156 31 159 36 167 41 171 47 175 51 181 55 186 63 191 66 69 201 79 207 81 83 216 95 96 97 223 106 107 108 109 110 112 113 114 115 116 117 118 119 120 125 126 127
128 7 140 14 142 16 144 22 154 28 157 32 160 37 168 42 172 48 176 52 182 56 187 64 192 67 196 70 202 80 208 82 84 217 96 97 98 224 106 107 108 109 110 111 113 114 115 116 117 118 119 120 126 127
128 1 129 8 141 15 143 17 145 23 155 29 158 33 161 38 169 43 173 49 177 53 183 57 188 65 193 68 197 71 203 81 209 83 211 85 218 97 98 99 225 106 107 108 109 110 111 112 114 115 116 117 118 119 120 127
128 129 2 130 9 142 144 18 146 24 156 30 159 34 162 39 170 44 174 50 178 54 184 58 189 66 194 69 198 72 204 82 210 84 212 86 219 98 99 100 106 107 108 109 110 111 112 113 115 116 117 118 119 120
129 130 3 131 10 143 145 19 147 25 157 160 35 163 40 171 45 175 51 179 55 185 59 190 67 195 70 199 73 205 83 85 213 87 220 99 100 101 106 107 108 109 110 111 112 113 114 116 117 118 119 120
130 131 4 132 11 144 146 20 148 26 158 161 36 164 41 172 176 52 180 56 186 60 191 68 71 200 74 206 84 86 214 88 221 100 101 102 106 107 108 109 110 111 112 113 114 115 117 118 119 120
131 132 5 133 12 145 147 21 149 27 159 162 37 165 42 173 177 53 57 187 192 69 72 201 75 207 85 87 215 89 222 101 102 103 106 107 108 109 110 111 112 113 114 115 116 118 119 120
132 133 6 134 13 146 148 22 150 28 160 163 38 43 174 178 54 58 188 193 70 73 202 208 86 88 216 90 223 102 103 104 106 107 108 109 110 111 112 113 114 115 116 117 119 120
133 134 7 135 14 147 149 23 29 161 164 39 44 175 179 55 59 189 194 71 74 203 209 87 89 217 224 103 104 105 106 107 108 109 110 111 112 113 114 115 116 117 118 120
134 135 8 15 148 150 24 30 162 165 40 45 176 180 56 60 190 195 72 75 204 210 88 90 218 225 104 105 106 107 108 109 110 111 112 113 114 115 116 117 118 119
128 1 129 130 131 132 133 134 135 9 137 136 16 23 151 153 31 37 166 169 46 51 181 185 61 65 196 201 76 79 211 217 91 93 106 107 122 123 124 125 126 127
128 129 2 130 131 132 133 134 136 135 10 138 137 17 24 152 154 32 38 167 170 47 52 182 186 62 66 197 202 77 80 212 218 92 94 106 107 108 121 123 124 125 126 127
128 129 130 3 131 132 133 134 135 137 138 11 139 18 151 25 153 155 33 39 168 171 48 53 183 187 63 67 198 203 78 81 213 91 219 93 95 107 108 109 121 122 124 125 126 127
128 129 130 131 4 132 133 134 135 138 139 12 140 19 152 26 154 156 34 166 40 169 172 49 54 184 188 64 68 199 76 204 79 82 214 92 220 94 96 108 109 110 121 122 123 125 126 127
128 129 130 131 132 5 133 134 135 139 140 13 141 20 153 27 155 157 35 167 41 170 173 50 181 55 185 61 189 65 69 200 77 205 80 83 215 93 221 95 97 109 110 111 121 122 123 124 126 127
128 129 130 131 132 133 6 134 135 140 141 14 142 21 154 28 156 158 36 168 42 171 46 174 51 182 56 186 62 190 66 196 70 201 78 206 81 84 216 94 222 96 98 110 111 112 121 122 123 124 125 127
128 129 130 131 132 133 134 7 135 141 142 15 143 22 155 29 157 31 159 37 169 43 172 47 175 52 183 57 187 63 191 67 197 71 202 79 207 82 211 85 217 95 223 97 99 111 112 113 121 122 123 124 125 126
129 130 131 132 133 134 135 8 142 143 16 144 23 156 30 158 32 160 38 170 44 173 48 176 53 184 58 188 64 192 68 198 72 203 80 208 83 212 86 218 96 224 98 100 112 113 114 121 122 123 124 125 126 127
128 1 130 131 132 133 134 135 9 143 144 17 145 24 157 159 33 161 39 171 45 174 49 177 54 185 59 189 65 193 69 199 73 204 81 209 84 213 87 219 97 225 99 101 113 114 115 121 122 123 124 125 126 127
128 129 2 131 132 133 134 135 10 144 145 18 146 25 158 160 34 162 40 172 175 50 178 55 186 60 190 66 194 70 200 74 205 82 210 85 214 88 220 98 100 102 114 115 116 121 122 123 124 125 126 127
128 129 130 3 132 133 134 135 11 145 146 19 147 26 159 161 35 163 41 173 176 51 179 56 187 191 67 195 71 201 75 206 83 86 215 89 221 99 101 103 115 116 117 121 122 123 124 125 126 127
128 129 130 131 4 133 134 135 12 146 147 20 148 27 160 162 36 164 42 174 177 52 180 57 188 192 68 72 202 207 84 87 216 90 222 100 102 104 116 117 118 121 122 123 124 125 126 127
128 129 130 131 132 5 134 135 13 147 148 21 149 28 161 163 37 165 43 175 178 53 58 189 193 69 73 203 208 85 88 217 223 101 103 105 117 118 119 121 122 123 124 125 126 127
128 129 130 131 132 133 6 135 14 148 149 22 150 29 162 164 38 44 176 179 54 59 190 194 70 74 204 209 86 89 218 224 102 104 118 119 120 121 122 123 124 125 126 127
128 129 130 131 132 133 134 7 15 149 150 23 30 163 165 39 45 177 180 55 60 191 195 71 75 205 210 87 90 219 225 103 105 119 120 121 122 123 124 125 126 127
1 137 10 138 139 140 141 142 16 143 144 145 146 147 148 149 24 152 150 151 31 38 166 168 46 52 181 184 61 66 196 200 76 80 211 216 91 94 106 108 121 122
2 136 138 11 139 140 141 142 143 17 144 145 146 147 148 151 149 153 25 150 152 32 39 167 169 47 53 182 185 62 67 197 201 77 81 212 217 92 95 107 109 121 122 123
3 136 137 139 12 140 141 142 143 144 18 145 146 147 148 149 152 150 26 154 153 33 166 40 168 170 48 54 183 186 63 68 198 202 78 82 213 218 93 96 106 108 110 122 123 124
4 136 137 138 140 13 141 142 143 144 145 19 146 147 148 149 150 153 154 27 155 34 167 41 169 171 49 181 55 184 187 64 69 199 203 79 83 214 91 219 94 97 107 109 111 123 124 125
5 136 137 138 139 141 14 142 143 144 145 146 20 147 148 149 150 154 155 28 156 35 168 42 170 172 50 182 56 185 188 65 196 70 200 76 204 80 84 215 92 220 95 98 108 110 112 124 125 126
6 136 137 138 139 140 142 15 143 144 145 146 147 21 148 149 150 155 156 29 157 36 169 43 171 173 51 183 57 186 61 189 66 197 71 201 77 205 81 211 85 216 93 221 96 99 109 111 113 125 126 127
128 7 136 137 138 139 140 141 143 144 145 146 147 148 149 22 150 156 157 30 158 37 170 44 172 46 174 52 184 58 187 62 190 67 198 72 202 78 206 82 212 86 217 94 222 97 100 110 112 114 126 127
128 129 8 136 137 138 139 140 141 142 144 145 146 147 148 149 150 23 157 158 31 159 38 171 45 173 47 175 53 185 59 188 63 191 68 199 73 203 79 207 83 213 87 218 95 223 98 101 111 113 115 127
128 129 130 136 9 137 138 139 140 141 142 16 143 145 146 147 148 149 150 24 158 159 32 160 39 172 174 48 176 54 186 60 189 64 192 69 200 74 204 80 208 84 214 88 219 96 224 99 102 112 114 116
1 129 130 131 136 137 10 138 139 140 141 142 143 17 144 146 147 148 149 150 25 159 160 33 161 40 173 175 49 177 55 187 190 65 193 70 201 75 205 81 209 85 215 89 220 97 225 100 103 113 115 117
2 130 131 132 136 137 138 11 139 140 141 142 143 144 18 145 147 148 149 150 26 160 161 34 162 41 174 176 50 178 56 188 191 66 194 71 202 206 82 210 86 216 90 221 98 101 104 114 116 118
3 131 132 133 136 137 138 139 12 140 141 142 143 144 145 19 146 148 149 150 27 161 162 35 163 42 175 177 51 179 57 189 192 67 195 72 203 207 83 87 217 222 99 102 105 115 117 119
4 132 133 134 136 137 138 139 140 13 141 142 143 144 145 146 20 147 149 150 28 162 163 36 164 43 176 178 52 180 58 190 193 68 73 204 208 84 88 218 223 100 103 116 118 120
5 133 134 135 136 137 138 139 140 14 141 142 143 144 145 146 21 147 148 150 29 163 164 37 165 44 177 179 53 59 191 194 69 74 205 209 85 89 219 224 101 104 117 119
6 134 135 136 137 138 139 140 141 15 142 143 144 145 146 147 22 148 149 30 164 165 38 45 178 180 54 60 192 195 70 75 206 210 86 90 220 225 102 105 118 120
1 136 137 11 16 152 25 153 154 155 156 157 31 158 159 160 161 162 163 164 39 167 165 166 46 53 181 183 61 67 196 199 76 81 211 215 91 95 106 109 121 123
2 136 137 138 12 17 151 153 26 154 155 156 157 158 32 159 160 161 162 163 166 164 40 168 165 167 47 54 182 184 62 68 197 200 77 82 212 216 92 96 107 110 122 124
3 137 138 139 13 18 151 152 154 27 155 156 157 158 159 33 160 161 162 163 164 167 165 41 169 168 48 181 55 183 185 63 69 198 201 78 83 213 217 93 97 108 111 121 123 125
4 138 139 140 14 19 151 152 153 155 28 156 157 158 159 160 34 161 162 163 164 165 168 169 42 170 49 182 56 184 186 64 196 70 199 202 79 84 214 218 94 98 106 109 112 122 124 126
5 139 140 141 15 20 151 152 153 154 156 29 157 158 159 160 161 35 162 163 164 165 169 170 43 171 50 183 57 185 187 65 197 71 200 203 80 211 85 215 91 219 95 99 107 110 113 123 125 127
128 6 140 141 142 21 151 152 153 154 155 157 30 158 159 160 161 162 36 163 164 165 170 171 44 172 51 184 58 186 188 66 198 72 201 76 204 81 212 86 216 92 220 96 100 108 111 114 124 126
129 7 141 142 143 22 151 152 153 154 155 156 158 159 160 161 162 163 164 37 165 171 172 45 173 52 185 59 187 61 189 67 199 73 202 77 205 82 213 87 217 93 221 97 101 109 112 115 125 127
128 130 8 142 143 144 23 151 152 153 154 155 156 157 159 160 161 162 163 164 165 38 172 173 46 174 53 186 60 188 62 190 68 200 74 203 78 206 83 214 88 218 94 222 98 102 110 113 116 126
129 131 9 143 144 145 151 24 152 153 154 155 156 157 31 158 160 161 162 163 164 165 39 173 174 47 175 54 187 189 63 191 69 201 75 204 79 207 84 215 89 219 95 223 99 103 111 114 117 127
128 130 132 10 16 144 145 146 151 152 25 153 154 155 156 157 158 32 159 161 162 163 164 165 40 174 175 48 176 55 188 190 64 192 70 202 205 80 208 85 216 90 220 96 224 100 104 112 115 118
1 129 131 133 11 17 145 146 147 151 152 153 26 154 155 156 157 158 159 33 160 162 163 164 165 41 175 176 49 177 56 189 191 65 193 71 203 206 81 209 86 217 221 97 225 101 105 113 116 119
2 130 132 134 12 18 146 147 148 151 152 153 154 27 155 156 157 158 159 160 34 161 163 164 165 42 176 177 50 178 57 190 192 66 194 72 204 207 82 210 87 218 222 98 102 114 117 120
3 131 133 135 13 19 147 148 149 151 152 153 154 155 28 156 157 158 159 160 161 35 162 164 165 43 177 178 51 179 58 191 193 67 195 73 205 208 83 88 219 223 99 103 115 118
4 132 134 14 20 148 149 150 151 152 153 154 155 29 156 157 158 159 160 161 36 162 163 165 44 178 179 52 180 59 192 194 68 74 206 209 84 89 220 224 100 104 116 119
5 133 135 15 21 149 150 152 151 153 154 155 156 30 157 158 159 160 161 162 37 163 164 45 179 180 53 60 193 195 69 75 207 210 85 90 221 225 101 105 117 120
1 136 138 12 16 151 152 26 31 167 40 168 169 170 171 172 46 173 174 175 176 177 178 179 54 182 180 181 61 68 196 198 76 82 211 214 91 96 106 110 121 124
2 137 139 13 17 151 152 153 27 32 166 168 41 169 170 171 172 173 47 174 175 176 177 178 181 179 55 183 180 182 62 69 197 199 77 83 212 215 92 97 107 111 122 125
3 136 138 140 14 18 152 153 154 28 33 166 167 169 42 170 171 172 173 174 48 175 176 177 178 179 182 180 56 184 183 63 196 70 198 200 78 84 213 216 93 98 108 112 123 126
4 137 139 141 15 19 153 154 155 29 34 166 167 168 170 43 171 172 173 174 175 49 176 177 178 179 180 183 184 57 185 64 197 71 199 201 79 211 85 214 217 94 99 109 113 121 124 127
128 5 138 140 142 20 154 155 156 30 35 166 167 168 169 171 44 172 173 174 175 176 50 177 178 179 180 184 185 58 186 65 198 72 200 202 80 212 86 215 218 95 100 106 110 114 122 125
129 6 139 141 143 21 155 156 157 36 166 167 168 169 170 172 45 173 174 175 176 177 51 178 179 180 185 186 59 187 66 199 73 201 203 81 213 87 216 91 219 96 101 107 111 115 123 126
130 7 140 142 144 22 156 157 158 37 166 167 168 169 170 171 173 174 175 176 177 178 179 52 180 186 187 60 188 67 200 74 202 76 204 82 214 88 217 92 220 97 102 108 112 116 124 127
128 131 8 141 143 145 23 157 158 159 38 166 167 168 169 170 171 172 174 175 176 177 178 179 180 53 187 188 61 189 68 201 75 203 77 205 83 215 89 218 93 221 98 103 109 113 117 125
129 132 9 142 144 146 24 158 159 160 166 39 167 168 169 170 171 172 46 173 175 176 177 178 179 180 54 188 189 62 190 69 202 204 78 206 84 216 90 219 94 222 99 104 110 114 118 126
130 133 10 143 145 147 25 31 159 160 161 166 167 40 168 169 170 171 172 173 47 174 176 177 178 179 180 55 189 190 63 191 70 203 205 79 207 85 217 220 95 223 100 105 111 115 119 127
128 131 134 11 16 144 146 148 26 32 160 161 162 166 167 168 41 169 170 171 172 173 174 48 175 177 178 179 180 56 190 191 64 192 71 204 206 80 208 86 218 221 96 224 101 112 116 120
1 129 132 135 12 17 145 147 149 27 33 161 162 163 166 167 168 169 42 170 171 172 173 174 175 49 176 178 179 180 57 191 192 65 193 72 205 207 81 209 87 219 222 97 225 102 113 117
2 130 133 13 18 146 148 150 28 34 162 163 164 166 167 168 169 170 43 171 172 173 174 175 176 50 177 179 180 58 192 193 66 194 73 206 208 82 210 88 220 223 98 103 114 118
3 131 134 14 19 147 149 29 35 163 164 165 166 167 168 169 170 44 171 172 173 174 175 176 51 177 178 180 59 193 194 67 195 74 207 209 83 89 221 224 99 104 115 119
4 132 135 15 20 148 150 30 36 164 165 166 167 168 169 170 171 45 172 173 174 175 176 177 52 178 179 60 194 195 68 75 208 210 84 90 222 225 100 105 116 120
1 136 139 13 16 151 153 27 31 166 167 41 46 182 55 183 184 185 186 187 61 188 189 190 191 192 193 194 69 197 195 196 76 83 211 213 91 97 106 111 121 125
2 137 140 14 17 152 154 28 32 166 167 168 42 47 181 183 56 184 185 186 187 188 62 189 190 191 192 193 196 194 70 198 195 197 77 84 212 214 92 98 107 112 122 126
3 138 141 15 18 151 153 155 29 33 167 168 169 43 48 181 182 184 57 185 186 187 188 189 63 190 191 192 193 194 197 195 71 199 198 78 211 85 213 215 93 99 108 113 123 127
128 4 136 139 142 19 152 154 156 30 34 168 169 170 44 49 181 182 183 185 58 186 187 188 189 190 64 191 192 193 194 195 198 199 72 200 79 212 86 214 216 94 100 109 114 124
129 5 137 140 143 20 153 155 157 35 169 170 171 45 50 181 182 183 184 186 59 187 188 189 190 191 65 192 193 194 195 199 200 73 201 80 213 87 215 217 95 101 110 115 121 125
130 6 138 141 144 21 154 156 158 36 170 171 172 51 181 182 183 184 185 187 60 188 189 190 191 192 66 193 194 195 200 201 74 202 81 214 88 216 218 96 102 106 111 116 122 126
131 7 139 142 145 22 155 157 159 37 171 172 173 52 181 182 183 184 185 186 188 189 190 191 192 193 194 67 195 201 202 75 203 82 215 89 217 91 219 97 103 107 112 117 123 127
128 132 8 140 143 146 23 156 158 160 38 172 173 174 53 181 182 183 184 185 186 187 189 190 191 192 193 194 195 68 202 203 76 204 83 216 90 218 92 220 98 104 108 113 118 124
129 133 9 141 144 147 24 157 159 161 39 173 174 175 181 54 182 183 184 185 186 187 61 188 190 191 192 193 194 195 69 203 204 77 205 84 217 219 93 221 99 105 109 114 119 125
130 134 10 142 145 148 25 158 160 162 40 46 174 175 176 181 182 55 183 184 185 186 187 188 62 189 191 192 193 194 195 70 204 205 78 206 85 218 220 94 222 100 110 115 120 126
131 135 11 143 146 149 26 159 31 161 163 41 47 175 176 177 181 182 183 56 184 185 186 187 188 189 63 190 192 193 194 195 71 205 206 79 207 86 219 221 95 223 101 111 116 127
128 132 12 16 144 147 150 27 32 160 162 164 42 48 176 177 178 181 182 183 184 57 185 186 187 188 189 190 64 191 193 194 195 72 206 207 80 208 87 220 222 96 224 102 112 117
1 129 133 13 17 145 148 28 33 161 163 165 43 49 177 178 179 181 182 183 184 185 58 186 187 188 189 190 191 65 192 194 195 73 207 208 81 209 88 221 223 97 225 103 113 118
2 130 134 14 18 146 149 29 34 162 164 44 50 178 179 180 181 182 183 184 185 59 186 187 188 189 190 191 66 192 193 195 74 208 209 82 210 89 222 224 98 104 114 119
3 131 135 15 19 147 150 30 35 163 165 45 51 179 180 181 182 183 184 185 186 60 187 188 189 190 191 192 67 193 194 75 209 210 83 90 223 225 99 105 115 120
1 136 140 14 16 151 154 28 31 166 168 42 46 181 182 56 61 197 70 198 199 200 201 202 76 203 204 205 206 207 208 209 84 212 210 211 91 98 106 112 121 126
2 137 141 15 17 152 155 29 32 167 169 43 47 181 182 183 57 62 196 198 71 199 200 201 202 203 77 204 205 206 207 208 211 209 85 213 210 212 92 99 107 113 122 127
128 3 138 142 18 153 156 30 33 166 168 170 44 48 182 183 184 58 63 196 197 199 72 200 201 202 203 204 78 205 206 207 208 209 212 210 86 214 213 93 100 108 114 123
129 4 139 143 19 151 154 157 34 167 169 171 45 49 183 184 185 59 64 196 197 198 200 73 201 202 203 204 205 79 206 207 208 209 210 213 214 87 215 94 101 109 115 124
130 5 136 140 144 20 152 155 158 35 168 170 172 50 184 185 186 60 65 196 197 198 199 201 74 202 203 204 205 206 80 207 208 209 210 214 215 88 216 95 102 110 116 125
131 6 137 141 145 21 153 156 159 36 169 171 173 51 185 186 187 66 196 197 198 199 200 202 75 203 204 205 206 207 81 208 209 210 215 216 89 217 96 103 111 117 121 126
132 7 138 142 146 22 154 157 160 37 170 172 174 52 186 187 188 67 196 197 198 199 200 201 203 204 205 206 207 208 209 82 210 216 217 90 218 97 104 106 112 118 122 127
128 133 8 139 143 147 23 155 158 161 38 171 173 175 53 187 188 189 68 196 197 198 199 200 201 202 204 205 206 207 208 209 210 83 217 218 91 219 98 105 107 113 119 123
129 134 9 140 144 148 24 156 159 162 39 172 174 176 54 188 189 190 196 69 197 198 199 200 201 202 76 203 205 206 207 208 209 210 84 218 219 92 220 99 108 114 120 124
130 135 10 141 145 149 25 157 160 163 40 173 175 177 55 61 189 190 191 196 197 70 198 199 200 201 202 203 77 204 206 207 208 209 210 85 219 220 93 221 100 109 115 125
131 11 142 146 150 26 158 161 164 41 46 174 176 178 56 62 190 191 192 196 197 198 71 199 200 201 202 203 204 78 205 207 208 209 210 86 220 221 94 222 101 110 116 126
132 12 143 147 27 159 31 162 165 42 47 175 177 179 57 63 191 192 193 196 197 198 199 72 200 201 202 203 204 205 79 206 208 209 210 87 221 222 95 223 102 111 117 127
128 133 13 16 144 148 28 32 160 163 43 48 176 178 180 58 64 192 193 194 196 197 198 199 200 73 201 202 203 204 205 206 80 207 209 210 88 222 223 96 224 103 112 118
1 129 134 14 17 145 149 29 33 161 164 44 49 177 179 59 65 193 194 195 196 197 198 199 200 74 201 202 203 204 205 206 81 207 208 210 89 223 224 97 225 104 113 119
2 130 135 15 18 146 150 30 34 162 165 45 50 178 180 60 66 194 195 196 197 198 199 200 201 75 202 203 204 205 206 207 82 208 209 90 224 225 98 105 114 120
1 136 141 15 16 151 155 29 31 166 169 43 46 181 183 57 61 196 197 71 76 212 85 213 214 215 216 217 91 218 219 220 221 222 223 224 99 225 106 113 121 127
128 2 137 142 17 152 156 30 32 167 170 44 47 182 184 58 62 196 197 198 72 77 211 213 86 214 215 216 217 218 92 219 220 221 222 223 224 225 100 107 114 122
129 3 138 143 18 153 157 33 168 171 45 48 181 183 185 59 63 197 198 199 73 78 211 212 214 87 215 216 217 218 219 93 220 221 222 223 224 225 101 108 115 123
130 4 139 144 19 154 158 34 166 169 172 49 182 184 186 60 64 198 199 200 74 79 211 212 213 215 88 216 217 218 219 220 94 221 222 223 224 225 102 109 116 124
131 5 140 145 20 151 155 159 35 167 170 173 50 183 185 187 65 199 200 201 75 80 211 212 213 214 216 89 217 218 219 220 221 95 222 223 224 225 103 110 117 125
132 6 136 141 146 21 152 156 160 36 168 171 174 51 184 186 188 66 200 201 202 81 211 212 213 214 215 217 90 218 219 220 221 222 96 223 224 225 104 111 118 126
133 7 137 142 147 22 153 157 161 37 169 172 175 52 185 187 189 67 201 202 203 82 211 212 213 214 215 216 218 219 220 221 222 223 224 97 225 105 112 119 121 127
128 134 8 138 143 148 23 154 158 162 38 170 173 176 53 186 188 190 68 202 203 204 83 211 212 213 214 215 216 217 219 220 221 222 223 224 225 98 106 113 120 122
129 135 9 139 144 149 24 155 159 163 39 171 174 177 54 187 189 191 69 203 204 205 211 84 212 213 214 215 216 217 91 218 220 221 222 223 224 225 99 107 114 123
130 10 140 145 150 25 156 160 164 40 172 175 178 55 188 190 192 70 76 204 205 206 211 212 85 213 214 215 216 217 218 92 219 221 222 223 224 225 100 108 115 124
131 11 141 146 26 157 161 165 41 173 176 179 56 61 189 191 193 71 77 205 206 207 211 212 213 86 214 215 216 217 218 219 93 220 222 223 224 225 101 109 116 125
132 12 142 147 27 158 162 42 46 174 177 180 57 62 190 192 194 72 78 206 207 208 211 212 213 214 87 215 216 217 218 219 220 94 221 223 224 225 102 110 117 126
133 13 143 148 28 159 31 163 43 47 175 178 58 63 191 193 195 73 79 207 208 209 211 212 213 214 215 88 216 217 218 219 220 221 95 222 224 225 103 111 118 127
128 134 14 16 144 149 29 32 160 164 44 48 176 179 59 64 192 194 74 80 208 209 210 211 212 213 214 215 89 216 217 218 219 220 221 96 222 223 225 104 112 119
1 129 135 15 17 145 150 30 33 161 165 45 49 177 180 60 65 193 195 75 81 209 210 211 212 213 214 215 216 90 217 218 219 220 221 222 97 223 224 105 113 120
