64 728
64 33 2 3 4 37 5 6 7 8 10 9 41 46 17 49 19 55 25 57 28
1 34 3 4 5 38 6 7 9 8 11 10 42 47 18 50 20 56 26 58 29
1 2 35 4 5 6 39 7 8 10 11 12 43 48 17 19 51 21 27 59 30
1 2 3 36 5 6 7 40 8 11 12 13 44 18 20 52 22 25 28 60 31
32 1 2 3 4 33 6 7 8 37 12 13 14 45 19 21 53 23 26 29 61
1 2 3 4 5 34 7 8 41 38 13 14 15 46 20 22 54 24 27 30 62
63 1 2 3 4 5 6 35 8 39 42 14 15 16 49 47 21 23 55 28 31
32 1 2 3 4 5 6 7 36 40 64 43 15 16 48 50 22 24 57 56 29
1 2 33 36 41 10 11 12 45 13 14 15 16 18 17 49 54 25 57 27 63
1 2 3 9 11 12 13 14 15 16 17 18 19 26 28 34 37 42 46 50 55 58 64
2 3 4 9 10 12 13 14 15 16 18 19 20 25 27 29 35 38 43 47 51 56 59
3 4 5 9 10 11 13 14 15 16 19 20 21 26 28 30 33 36 39 44 48 52 60
4 5 6 9 10 11 12 14 15 16 20 21 22 27 29 31 34 37 40 41 45 53 61
5 6 7 9 10 11 12 13 15 16 21 22 23 28 30 32 35 38 42 46 49 54 62
6 7 8 9 10 11 12 13 14 16 22 23 24 29 31 36 39 43 47 50 55 57 63
32 64 37 7 8 9 10 11 12 13 14 15 44 40 48 51 23 24 56 58 30
1 33 3 35 9 10 41 44 49 18 19 20 53 21 22 23 24 26 25 57 62
2 4 9 10 11 17 19 20 21 22 23 24 25 26 27 34 36 42 45 50 54 58 63
1 3 5 10 11 12 17 18 20 21 22 23 24 26 27 28 33 35 37 43 46 51 55 59 64
2 4 6 11 12 13 17 18 19 21 22 23 24 27 28 29 34 36 38 41 44 47 52 56 60
3 5 7 12 13 14 17 18 19 20 22 23 24 28 29 30 35 37 39 42 45 48 49 53 61
4 6 8 13 14 15 17 18 19 20 21 23 24 29 30 31 36 38 40 43 46 50 54 57 62
5 7 14 15 16 17 18 19 20 21 22 24 30 31 32 37 39 44 47 51 55 58 63
32 64 6 38 8 40 45 15 16 17 18 19 20 21 22 23 52 48 56 59 31
31 1 34 32 4 33 9 41 11 43 17 18 49 52 57 26 27 28 61 29 30
2 5 10 12 17 18 19 25 27 28 29 30 31 32 33 34 35 42 44 50 53 58 62
3 6 9 11 13 18 19 20 25 26 28 29 30 31 32 34 35 36 41 43 45 51 54 59 63
1 4 7 10 12 14 19 20 21 25 26 27 29 30 31 32 35 36 37 42 44 46 49 52 55 60 64
2 5 8 11 13 15 20 21 22 25 26 27 28 30 31 32 36 37 38 43 45 47 50 53 56 57 61
3 6 12 14 16 21 22 23 25 26 27 28 29 31 32 37 38 39 44 46 48 51 54 58 62
4 7 13 15 22 23 24 25 26 27 28 29 30 32 38 39 40 45 47 52 55 59 63
60 56 64 5 39 8 40 14 46 16 48 53 23 24 25 26 27 28 29 30 31
1 34 35 36 5 37 38 39 9 42 40 12 41 17 49 19 51 25 26 57 60
2 6 10 13 18 20 25 26 27 33 35 36 37 38 39 40 41 42 43 50 52 58 61
3 7 11 14 17 19 21 26 27 28 33 34 36 37 38 39 40 42 43 44 49 51 53 59 62
4 8 9 12 15 18 20 22 27 28 29 33 34 35 37 38 39 40 43 44 45 50 52 54 57 60 63
1 5 10 13 16 19 21 23 28 29 30 33 34 35 36 38 39 40 44 45 46 51 53 55 58 61 64
2 6 11 14 20 22 24 29 30 31 33 34 35 36 37 39 40 45 46 47 52 54 56 59 62
3 7 12 15 21 23 30 31 32 33 34 35 36 37 38 40 46 47 48 53 55 60 63
32 33 34 35 4 36 37 38 8 39 64 13 47 16 48 22 54 24 56 61 31
1 33 34 6 9 42 43 44 13 45 46 47 17 50 48 20 49 25 57 27 59
2 7 10 14 18 21 26 28 33 34 35 41 43 44 45 46 47 48 49 50 51 58 60
3 8 11 15 19 22 25 27 29 34 35 36 41 42 44 45 46 47 48 50 51 52 57 59 61
4 12 16 17 20 23 26 28 30 35 36 37 41 42 43 45 46 47 48 51 52 53 58 60 62
5 9 13 18 21 24 27 29 31 36 37 38 41 42 43 44 46 47 48 52 53 54 59 61 63
1 6 10 14 19 22 28 30 32 37 38 39 41 42 43 44 45 47 48 53 54 55 60 62 64
2 7 11 15 20 23 29 31 38 39 40 41 42 43 44 45 46 48 54 55 56 61 63
32 64 3 39 8 40 41 42 12 43 44 45 16 46 47 21 55 24 56 30 62
1 33 35 7 9 41 42 14 17 50 51 52 21 53 54 55 25 58 56 28 57
2 8 10 15 18 22 26 29 34 36 41 42 43 49 51 52 53 54 55 56 57 58 59
3 11 16 19 23 27 30 33 35 37 42 43 44 49 50 52 53 54 55 56 58 59 60
4 12 20 24 25 28 31 34 36 38 43 44 45 49 50 51 53 54 55 56 59 60 61
5 13 17 21 26 29 32 35 37 39 44 45 46 49 50 51 52 54 55 56 60 61 62
6 9 14 18 22 27 30 36 38 40 45 46 47 49 50 51 52 53 55 56 61 62 63
1 7 10 15 19 23 28 31 37 39 46 47 48 49 50 51 52 53 54 56 62 63 64
32 64 2 38 8 40 11 47 16 48 49 50 20 51 52 53 24 54 55 29 63
63 1 33 64 36 8 9 41 43 15 17 49 50 22 25 58 59 60 29 61 62
63 64 2 34 37 10 42 44 16 49 18 50 51 23 57 26 59 60 61 30 62
63 64 3 35 38 41 11 43 45 50 19 51 52 24 57 58 27 60 61 62 31
32 33 64 4 36 39 42 12 44 46 51 20 52 53 57 58 59 28 61 62 63
63 64 34 5 37 40 43 13 45 47 52 21 53 54 25 57 58 59 29 60 62
63 64 35 6 38 44 14 46 48 17 53 22 54 55 57 26 58 59 60 30 61
61 62 64 36 7 39 9 45 15 47 18 54 23 55 56 57 27 58 59 60 31
32 1 62 63 37 8 40 10 46 16 48 19 55 24 56 57 58 28 59 60 61
