169 3328
2 3 4 5 6 7 8 9 10 11 12 141 13 15 14 144 131 155 27 29 157 40 169 43 53 57 66 71 79 85 92 99 105 113 118 127
128 1 3 4 5 6 7 8 9 10 11 12 13 142 14 16 15 145 132 156 28 30 158 41 44 54 58 67 72 80 86 93 100 106 114 119
1 2 129 4 5 6 7 8 9 10 11 12 13 133 143 15 17 16 146 27 29 31 159 42 45 55 59 68 73 81 87 94 101 107 115 120
1 2 3 130 5 6 7 8 9 10 11 12 13 134 16 17 18 147 28 30 32 160 40 43 46 56 60 69 74 82 88 95 102 108 116 121
1 2 3 4 6 7 8 9 10 11 12 13 135 17 18 19 148 29 31 33 161 41 44 47 53 57 61 70 75 83 89 96 103 109 117 122
1 2 3 4 5 7 8 9 10 11 12 13 136 18 19 20 149 30 32 34 162 42 45 48 54 58 62 66 71 76 84 90 97 104 110 123
1 2 3 4 5 6 8 9 10 11 12 13 137 19 20 21 150 31 33 35 163 43 46 49 55 59 63 67 72 77 79 85 91 98 111 124
1 2 3 4 5 6 7 9 10 11 12 13 138 20 21 22 151 32 34 36 164 44 47 50 56 60 64 68 73 78 80 86 92 99 112 125
1 2 3 4 5 6 7 8 10 11 12 13 139 21 22 23 152 33 35 37 165 45 48 51 57 61 65 69 74 81 87 93 100 105 113 126
1 2 3 4 5 6 7 8 9 11 12 13 140 22 23 24 153 34 36 38 166 46 49 52 58 62 70 75 82 88 94 101 106 114 118 127
128 1 2 3 4 5 6 7 8 9 10 131 12 13 141 23 24 25 154 35 37 39 167 47 50 59 63 71 76 83 89 95 102 107 115 119
1 2 3 4 5 6 7 8 9 10 11 132 13 129 142 144 24 25 26 155 36 38 168 48 51 60 64 72 77 84 90 96 103 108 116 120
1 2 3 4 5 6 7 8 9 10 11 12 133 130 143 145 25 26 156 157 37 39 169 49 52 61 65 73 78 85 91 97 104 109 117 121
1 2 131 140 15 16 17 18 19 20 21 22 23 24 25 154 26 28 27 157 168 40 42 53 56 66 70 79 84 144 92 98 105 112 118 126
1 2 3 132 141 14 16 17 18 19 20 21 22 23 24 25 26 155 27 29 28 158 169 41 43 54 57 67 71 80 85 145 93 99 106 113 119 127
128 2 3 4 133 14 15 142 17 18 19 20 21 22 23 24 25 26 146 156 28 30 29 159 40 42 44 55 58 68 72 81 86 94 100 107 114 120
129 3 4 5 134 14 15 16 143 18 19 20 21 22 23 24 25 26 147 29 30 31 160 41 43 45 53 56 59 69 73 82 87 95 101 108 115 121
130 4 5 6 135 14 15 16 17 19 20 21 22 23 24 25 26 148 30 31 32 161 42 44 46 54 57 60 66 70 74 83 88 96 102 109 116 122
5 6 7 136 14 15 16 17 18 20 21 22 23 24 25 26 149 31 32 33 162 43 45 47 55 58 61 67 71 75 79 84 89 97 103 110 117 123
6 7 8 137 14 15 16 17 18 19 21 22 23 24 25 26 150 32 33 34 163 44 46 48 56 59 62 68 72 76 80 85 90 92 98 104 111 124
7 8 9 138 14 15 16 17 18 19 20 22 23 24 25 26 151 33 34 35 164 45 47 49 57 60 63 69 73 77 81 86 91 93 99 105 112 125
8 9 10 139 14 15 16 17 18 19 20 21 23 24 25 26 152 34 35 36 165 46 48 50 58 61 64 70 74 78 82 87 94 100 106 113 118 126
131 9 10 11 140 14 15 16 17 18 19 20 21 22 24 25 26 153 35 36 37 166 47 49 51 59 62 65 71 75 83 88 95 101 107 114 119 127
128 132 10 11 12 141 14 15 16 17 18 19 20 21 22 23 144 25 26 154 36 37 38 167 48 50 52 60 63 72 76 84 89 96 102 108 115 120
129 133 11 12 13 14 15 16 17 18 19 20 21 22 23 24 145 26 155 157 37 38 39 168 49 51 61 64 73 142 77 85 90 97 103 109 116 121
130 134 12 13 14 15 16 17 18 19 20 21 22 23 24 25 146 156 158 38 39 169 50 52 62 65 74 78 143 86 91 98 104 110 117 122
1 3 131 139 14 15 144 157 153 28 29 30 31 32 33 34 35 36 37 38 167 39 41 40 53 55 66 69 79 83 92 97 105 111 118 125
2 4 132 140 14 15 16 145 154 27 158 29 30 31 32 33 34 35 36 37 38 39 168 40 42 41 54 56 67 70 80 84 93 98 106 112 119 126
1 3 5 133 141 15 16 17 146 27 28 155 30 31 32 33 34 35 36 37 38 39 159 169 41 43 42 53 55 57 68 71 81 85 94 99 107 113 120 127
128 2 4 6 134 142 16 17 18 147 27 28 29 156 31 32 33 34 35 36 37 38 39 160 42 43 44 54 56 58 66 69 72 82 86 95 100 108 114 121
129 3 5 7 135 143 17 18 19 148 27 28 29 30 32 33 34 35 36 37 38 39 161 43 44 45 55 57 59 67 70 73 79 83 87 96 101 109 115 122
130 4 6 8 136 18 19 20 149 27 28 29 30 31 33 34 35 36 37 38 39 162 44 45 46 56 58 60 68 71 74 80 84 88 92 97 102 110 116 123
5 7 9 137 19 20 21 150 27 28 29 30 31 32 34 35 36 37 38 39 163 45 46 47 57 59 61 69 72 75 81 85 89 93 98 103 105 111 117 124
6 8 10 138 20 21 22 151 27 28 29 30 31 32 33 35 36 37 38 39 164 46 47 48 58 60 62 70 73 76 82 86 90 94 99 104 106 112 118 125
131 7 9 11 139 21 22 23 152 27 28 29 30 31 32 33 34 36 37 38 39 165 47 48 49 59 61 63 71 74 77 83 87 91 95 100 107 113 119 126
132 8 10 12 140 144 22 23 24 153 27 28 29 30 31 32 33 34 35 37 38 39 166 48 49 50 60 62 64 72 75 78 84 88 96 101 108 114 120 127
128 133 9 11 13 141 145 23 24 25 154 27 28 29 30 31 32 33 34 35 36 157 38 39 167 49 50 51 61 63 65 73 76 85 89 97 102 109 115 121
129 134 10 12 155 142 146 24 25 26 27 28 29 30 31 32 33 34 35 36 37 158 39 168 50 51 52 62 64 74 77 86 90 98 103 110 116 122
130 135 11 13 143 156 147 25 26 27 28 29 30 31 32 33 34 35 36 37 38 159 169 51 52 63 65 75 78 87 91 99 104 111 117 123
1 131 4 138 14 16 144 152 27 28 157 166 41 42 43 44 45 46 47 48 49 50 51 52 53 54 66 68 79 82 92 96 105 110 118 124
2 132 5 139 15 17 145 153 27 28 29 158 167 40 42 43 44 45 46 47 48 49 50 51 52 53 54 55 67 69 80 83 93 97 106 111 119 125
3 133 6 140 14 16 18 146 154 28 29 30 159 40 41 168 43 44 45 46 47 48 49 50 51 52 54 55 56 66 68 70 81 84 94 98 107 112 120 126
1 4 134 7 141 15 17 19 147 155 29 30 31 160 40 41 42 169 44 45 46 47 48 49 50 51 52 55 56 57 67 69 71 79 82 85 95 99 108 113 121 127
128 2 5 135 8 142 16 18 20 148 156 30 31 32 161 40 41 42 43 45 46 47 48 49 50 51 52 56 57 58 68 70 72 80 83 86 92 96 100 109 114 122
129 3 6 136 9 143 17 19 21 149 31 32 33 162 40 41 42 43 44 46 47 48 49 50 51 52 57 58 59 69 71 73 81 84 87 93 97 101 105 110 115 123
130 4 7 137 10 18 20 22 150 32 33 34 163 40 41 42 43 44 45 47 48 49 50 51 52 58 59 60 70 72 74 82 85 88 94 98 102 106 111 116 118 124
131 5 8 138 11 19 21 23 151 33 34 35 164 40 41 42 43 44 45 46 48 49 50 51 52 59 60 61 71 73 75 83 86 89 95 99 103 107 112 117 119 125
132 6 9 139 12 144 20 22 24 152 34 35 36 165 40 41 42 43 44 45 46 47 49 50 51 52 60 61 62 72 74 76 84 87 90 96 100 104 108 113 120 126
133 7 10 140 13 145 21 23 25 153 157 35 36 37 166 40 41 42 43 44 45 46 47 48 50 51 52 61 62 63 73 75 77 85 88 91 97 101 109 114 121 127
128 134 8 11 141 146 22 24 26 154 158 36 37 38 167 40 41 42 43 44 45 46 47 48 49 51 52 62 63 64 74 76 78 86 89 98 102 110 115 122
129 135 9 12 142 147 23 25 155 159 37 38 39 40 41 42 43 44 45 46 47 48 49 50 52 63 64 65 75 77 168 87 90 99 103 111 116 123
130 136 10 13 143 148 24 26 156 160 38 39 40 41 42 43 44 45 46 47 48 49 50 51 64 65 76 78 169 88 91 100 104 112 117 124
1 131 5 137 14 144 17 151 27 29 157 165 40 41 54 55 56 57 58 59 60 61 62 63 64 65 66 67 79 81 92 95 105 109 118 123
2 132 6 138 15 145 18 152 28 30 158 166 40 41 42 53 55 56 57 58 59 60 61 62 63 64 65 66 67 68 80 82 93 96 106 110 119 124
3 133 7 139 16 146 19 153 27 29 31 159 167 41 42 43 53 54 56 57 58 59 60 61 62 63 64 65 67 68 69 79 81 83 94 97 107 111 120 125
4 134 8 140 14 17 147 20 154 28 30 32 160 168 42 43 44 53 54 55 57 58 59 60 61 62 63 64 65 68 69 70 80 82 84 92 95 98 108 112 121 126
1 5 135 9 141 15 18 148 21 155 29 31 33 161 169 43 44 45 53 54 55 56 58 59 60 61 62 63 64 65 69 70 71 81 83 85 93 96 99 105 109 113 122 127
128 2 6 136 10 142 16 19 149 22 156 30 32 34 162 44 45 46 53 54 55 56 57 59 60 61 62 63 64 65 70 71 72 82 84 86 94 97 100 106 110 114 118 123
129 3 131 7 137 11 143 17 20 150 23 31 33 35 163 45 46 47 53 54 55 56 57 58 60 61 62 63 64 65 71 72 73 83 85 87 95 98 101 107 111 115 119 124
130 4 132 8 138 12 144 18 21 151 24 32 34 36 164 46 47 48 53 54 55 56 57 58 59 61 62 63 64 65 72 73 74 84 86 88 96 99 102 108 112 116 120 125
5 133 9 139 13 145 19 22 152 25 157 33 35 37 165 47 48 49 53 54 55 56 57 58 59 60 62 63 64 65 73 74 75 85 87 89 97 100 103 109 113 117 121 126
6 134 10 140 146 20 23 153 26 158 34 36 38 166 48 49 50 53 54 55 56 57 58 59 60 61 63 64 65 74 75 76 86 88 90 98 101 104 110 114 122 127
128 7 135 11 141 147 21 24 154 159 35 37 39 167 49 50 51 53 54 55 56 57 58 59 60 61 62 64 65 75 76 77 87 89 91 99 102 111 115 123
129 8 136 12 142 148 22 25 155 160 36 38 168 50 51 52 53 54 55 56 57 58 59 60 61 62 63 65 76 77 78 88 90 100 103 112 116 124
130 9 137 13 143 149 23 26 156 161 37 39 169 51 52 53 54 55 56 57 58 59 60 61 62 63 64 77 78 89 91 101 104 113 117 125
1 131 6 136 14 144 18 150 27 157 30 164 40 42 53 54 67 68 69 70 71 72 73 74 75 76 77 78 79 80 92 94 105 108 118 122
2 132 7 137 15 145 19 151 28 158 31 165 41 43 53 54 55 66 68 69 70 71 72 73 74 75 76 77 78 79 80 81 93 95 106 109 119 123
3 133 8 138 16 146 20 152 29 159 32 166 40 42 44 54 55 56 66 67 69 70 71 72 73 74 75 76 77 78 80 81 82 92 94 96 107 110 120 124
4 134 9 139 17 147 21 153 27 30 160 33 167 41 43 45 55 56 57 66 67 68 70 71 72 73 74 75 76 77 78 81 82 83 93 95 97 105 108 111 121 125
5 135 10 140 14 18 148 22 154 28 31 161 34 168 42 44 46 56 57 58 66 67 68 69 71 72 73 74 75 76 77 78 82 83 84 94 96 98 106 109 112 118 122 126
1 131 6 136 11 141 15 19 149 23 155 29 32 162 35 169 43 45 47 57 58 59 66 67 68 69 70 72 73 74 75 76 77 78 83 84 85 95 97 99 107 110 113 119 123 127
128 2 132 7 137 12 142 16 144 20 150 24 156 30 33 163 36 44 46 48 58 59 60 66 67 68 69 70 71 73 74 75 76 77 78 84 85 86 96 98 100 108 111 114 120 124
129 3 133 8 138 13 143 17 145 21 151 25 157 31 34 164 37 45 47 49 59 60 61 66 67 68 69 70 71 72 74 75 76 77 78 85 86 87 97 99 101 109 112 115 121 125
130 4 134 9 139 18 146 22 152 26 158 32 35 165 38 46 48 50 60 61 62 66 67 68 69 70 71 72 73 75 76 77 78 86 87 88 98 100 102 110 113 116 122 126
5 135 10 140 19 147 23 153 159 33 36 166 39 47 49 51 61 62 63 66 67 68 69 70 71 72 73 74 76 77 78 87 88 89 99 101 103 111 114 117 123 127
128 6 136 11 141 20 148 24 154 160 34 37 167 48 50 52 62 63 64 66 67 68 69 70 71 72 73 74 75 77 78 88 89 90 100 102 104 112 115 124
129 7 137 12 142 21 149 25 155 161 35 38 168 49 51 63 64 65 66 67 68 69 70 71 72 73 74 75 76 78 89 90 91 101 103 113 116 125
130 8 138 13 143 22 150 26 156 162 36 39 169 50 52 64 65 66 67 68 69 70 71 72 73 74 75 76 77 90 91 102 104 114 117 126
1 131 7 135 14 144 19 149 27 157 31 163 40 43 53 55 66 67 80 81 82 83 84 85 86 87 88 89 90 91 92 93 105 107 118 121
2 132 8 136 15 145 20 150 28 158 32 164 41 44 54 56 66 67 68 79 81 82 83 84 85 86 87 88 89 90 91 92 93 94 106 108 119 122
3 133 9 137 16 146 21 151 29 159 33 165 42 45 53 55 57 67 68 69 79 80 82 83 84 85 86 87 88 89 90 91 93 94 95 105 107 109 120 123
4 134 10 138 17 147 22 152 30 160 34 166 40 43 46 54 56 58 68 69 70 79 80 81 83 84 85 86 87 88 89 90 91 94 95 96 106 108 110 118 121 124
131 5 135 11 139 18 148 23 153 27 31 161 35 167 41 44 47 55 57 59 69 70 71 79 80 81 82 84 85 86 87 88 89 90 91 95 96 97 107 109 111 119 122 125
132 6 136 12 140 14 144 19 149 24 154 28 32 162 36 168 42 45 48 56 58 60 70 71 72 79 80 81 82 83 85 86 87 88 89 90 91 96 97 98 108 110 112 120 123 126
1 133 7 137 13 141 15 145 20 150 25 155 29 157 33 163 37 169 43 46 49 57 59 61 71 72 73 79 80 81 82 83 84 86 87 88 89 90 91 97 98 99 109 111 113 121 124 127
128 2 134 8 138 142 16 146 21 151 26 156 30 158 34 164 38 44 47 50 58 60 62 72 73 74 79 80 81 82 83 84 85 87 88 89 90 91 98 99 100 110 112 114 122 125
129 3 135 9 139 143 17 147 22 152 31 159 35 165 39 45 48 51 59 61 63 73 74 75 79 80 81 82 83 84 85 86 88 89 90 91 99 100 101 111 113 115 123 126
130 4 136 10 140 18 148 23 153 32 160 36 166 46 49 52 60 62 64 74 75 76 79 80 81 82 83 84 85 86 87 89 90 91 100 101 102 112 114 116 124 127
128 5 137 11 141 19 149 24 154 33 161 37 167 47 50 61 63 65 75 76 77 79 80 81 82 83 84 85 86 87 88 90 91 101 102 103 113 115 117 125
129 6 138 12 142 20 150 25 155 34 162 38 168 48 51 62 64 76 77 78 79 80 81 82 83 84 85 86 87 88 89 91 102 103 104 114 116 126
130 7 139 13 143 21 151 26 156 35 163 39 169 49 52 63 65 77 78 79 80 81 82 83 84 85 86 87 88 89 90 103 104 115 117 127
1 131 134 8 14 144 20 148 27 157 32 162 40 44 53 56 66 68 79 80 93 94 95 96 97 98 99 100 101 102 103 104 105 106 118 120
2 132 135 9 15 145 21 149 28 158 33 163 41 45 54 57 67 69 79 80 81 92 94 95 96 97 98 99 100 101 102 103 104 105 106 107 119 121
3 133 136 10 16 146 22 150 29 159 34 164 42 46 55 58 66 68 70 80 81 82 92 93 95 96 97 98 99 100 101 102 103 104 106 107 108 118 120 122
131 4 134 137 11 17 147 23 151 30 160 35 165 43 47 53 56 59 67 69 71 81 82 83 92 93 94 96 97 98 99 100 101 102 103 104 107 108 109 119 121 123
132 5 135 138 12 144 18 148 24 152 31 161 36 166 40 44 48 54 57 60 68 70 72 82 83 84 92 93 94 95 97 98 99 100 101 102 103 104 108 109 110 120 122 124
133 6 136 139 13 145 19 149 25 153 27 157 32 162 37 167 41 45 49 55 58 61 69 71 73 83 84 85 92 93 94 95 96 98 99 100 101 102 103 104 109 110 111 121 123 125
134 7 137 140 14 146 20 150 26 154 28 158 33 163 38 168 42 46 50 56 59 62 70 72 74 84 85 86 92 93 94 95 96 97 99 100 101 102 103 104 110 111 112 122 124 126
1 135 8 138 141 15 147 21 151 155 29 159 34 164 39 169 43 47 51 57 60 63 71 73 75 85 86 87 92 93 94 95 96 97 98 100 101 102 103 104 111 112 113 123 125 127
128 2 136 9 139 142 16 148 22 152 156 30 160 35 165 44 48 52 58 61 64 72 74 76 86 87 88 92 93 94 95 96 97 98 99 101 102 103 104 112 113 114 124 126
129 3 137 10 140 143 17 149 23 153 31 161 36 166 45 49 59 62 65 73 75 77 87 88 89 92 93 94 95 96 97 98 99 100 102 103 104 113 114 115 125 127
128 130 4 138 11 141 18 150 24 154 32 162 37 167 46 50 60 63 74 76 78 88 89 90 92 93 94 95 96 97 98 99 100 101 103 104 114 115 116 126
129 5 139 12 142 19 151 25 155 33 163 38 168 47 51 61 64 75 77 89 90 91 92 93 94 95 96 97 98 99 100 101 102 104 115 116 117 127
128 130 6 140 13 143 20 152 26 156 34 164 39 169 48 52 62 65 76 78 90 91 92 93 94 95 96 97 98 99 100 101 102 103 116 117
1 131 133 9 14 144 147 21 27 157 33 161 40 45 53 57 66 69 79 81 92 93 106 107 108 109 110 111 112 113 114 115 116 117 118 119
2 132 134 10 15 145 148 22 28 158 34 162 41 46 54 58 67 70 80 82 92 93 94 105 107 108 109 110 111 112 113 114 115 116 117 118 119 120
3 131 133 135 11 16 146 149 23 29 159 35 163 42 47 55 59 68 71 79 81 83 93 94 95 105 106 108 109 110 111 112 113 114 115 116 117 119 120 121
4 132 134 136 12 144 17 147 150 24 30 160 36 164 43 48 56 60 66 69 72 80 82 84 94 95 96 105 106 107 109 110 111 112 113 114 115 116 117 120 121 122
5 133 135 137 13 145 18 148 151 25 157 31 161 37 165 44 49 53 57 61 67 70 73 81 83 85 95 96 97 105 106 107 108 110 111 112 113 114 115 116 117 121 122 123
6 134 136 138 146 19 149 152 26 158 32 162 38 166 40 45 50 54 58 62 68 71 74 82 84 86 96 97 98 105 106 107 108 109 111 112 113 114 115 116 117 122 123 124
7 135 137 139 147 20 150 153 27 159 33 163 39 167 41 46 51 55 59 63 69 72 75 83 85 87 97 98 99 105 106 107 108 109 110 112 113 114 115 116 117 123 124 125
8 136 138 140 14 148 21 151 154 28 160 34 164 168 42 47 52 56 60 64 70 73 76 84 86 88 98 99 100 105 106 107 108 109 110 111 113 114 115 116 117 124 125 126
1 9 137 139 141 15 149 22 152 155 29 161 35 165 169 43 48 57 61 65 71 74 77 85 87 89 99 100 101 105 106 107 108 109 110 111 112 114 115 116 117 125 126 127
128 2 10 138 140 142 16 150 23 153 156 30 162 36 166 44 49 58 62 72 75 78 86 88 90 100 101 102 105 106 107 108 109 110 111 112 113 115 116 117 126 127
128 129 3 11 139 141 143 17 151 24 154 31 163 37 167 45 50 59 63 73 76 87 89 91 101 102 103 105 106 107 108 109 110 111 112 113 114 116 117 127
128 129 130 4 12 140 142 18 152 25 155 32 164 38 168 46 51 60 64 74 77 88 90 102 103 104 105 106 107 108 109 110 111 112 113 114 115 117
129 130 5 13 141 143 19 153 26 156 33 165 39 169 47 52 61 65 75 78 89 91 103 104 105 106 107 108 109 110 111 112 113 114 115 116
128 1 129 130 132 131 10 14 144 146 22 27 157 160 34 40 46 53 58 66 70 79 82 92 94 105 106 119 120 121 122 123 124 125 126 127
128 129 2 131 130 133 132 11 15 145 147 23 28 158 161 35 41 47 54 59 67 71 80 83 93 95 105 106 107 118 120 121 122 123 124 125 126 127
128 129 130 3 132 133 134 12 16 144 146 148 24 29 159 162 36 42 48 55 60 68 72 81 84 92 94 96 106 107 108 118 119 121 122 123 124 125 126 127
128 129 130 4 133 134 135 13 17 145 147 149 25 157 30 160 163 37 43 49 56 61 69 73 79 82 85 93 95 97 107 108 109 118 119 120 122 123 124 125 126 127
128 129 130 5 134 135 136 18 146 148 150 26 158 31 161 164 38 44 50 57 62 66 70 74 80 83 86 94 96 98 108 109 110 118 119 120 121 123 124 125 126 127
128 129 130 6 135 136 137 19 147 149 151 159 32 162 165 39 45 51 53 58 63 67 71 75 81 84 87 95 97 99 109 110 111 118 119 120 121 122 124 125 126 127
128 129 130 7 136 137 138 20 148 150 152 160 33 163 166 40 46 52 54 59 64 68 72 76 82 85 88 96 98 100 110 111 112 118 119 120 121 122 123 125 126 127
128 129 130 8 137 138 139 21 149 151 153 27 161 34 164 167 41 47 55 60 65 69 73 77 83 86 89 97 99 101 111 112 113 118 119 120 121 122 123 124 126 127
128 129 130 9 138 139 140 14 22 150 152 154 28 162 35 165 168 42 48 56 61 70 74 78 84 87 90 98 100 102 112 113 114 118 119 120 121 122 123 124 125 127
128 1 129 130 10 139 140 141 15 23 151 153 155 29 163 36 166 169 43 49 57 62 71 75 85 88 91 99 101 103 113 114 115 118 119 120 121 122 123 124 125 126
129 2 130 11 140 141 142 16 24 152 154 156 30 164 37 167 44 50 58 63 72 76 86 89 100 102 104 114 115 116 118 119 120 121 122 123 124 125 126 127
128 130 3 12 141 142 143 17 25 153 155 31 165 38 168 45 51 59 64 73 77 87 90 101 103 115 116 117 118 119 120 121 122 123 124 125 126 127
128 129 4 13 142 143 18 26 154 156 32 166 39 169 46 52 60 65 74 78 88 91 102 104 116 117 118 119 120 121 122 123 124 125 126 127
1 132 133 134 135 136 137 138 11 139 140 14 141 142 145 143 144 23 27 157 159 35 40 47 53 59 66 71 79 83 92 95 105 107 118 119
2 131 133 134 135 136 137 138 139 12 140 141 15 144 142 146 143 145 24 28 158 160 36 41 48 54 60 67 72 80 84 93 96 106 108 118 119 120
3 131 132 134 135 136 137 138 139 140 13 141 142 16 145 143 147 146 25 29 157 159 161 37 42 49 55 61 68 73 81 85 94 97 105 107 109 119 120 121
131 4 132 133 135 136 137 138 139 140 141 142 143 17 146 147 148 26 30 158 160 162 38 43 50 56 62 69 74 82 86 92 95 98 106 108 110 120 121 122
131 132 5 133 134 136 137 138 139 140 141 142 143 18 147 148 149 31 159 161 163 39 44 51 57 63 70 75 79 83 87 93 96 99 107 109 111 121 122 123
131 132 133 6 134 135 137 138 139 140 141 142 143 19 148 149 150 32 160 162 164 45 52 58 64 66 71 76 80 84 88 94 97 100 108 110 112 122 123 124
131 132 133 134 7 135 136 138 139 140 141 142 143 20 149 150 151 33 161 163 165 46 53 59 65 67 72 77 81 85 89 95 98 101 109 111 113 123 124 125
131 132 133 134 135 8 136 137 139 140 141 142 143 21 150 151 152 34 162 164 166 40 47 54 60 68 73 78 82 86 90 96 99 102 110 112 114 124 125 126
131 132 133 134 135 136 9 137 138 140 141 142 143 22 151 152 153 27 35 163 165 167 41 48 55 61 69 74 83 87 91 97 100 103 111 113 115 125 126 127
128 131 132 133 134 135 136 137 10 138 139 141 14 142 143 23 152 153 154 28 36 164 166 168 42 49 56 62 70 75 84 88 98 101 104 112 114 116 126 127
128 1 129 131 132 133 134 135 136 137 138 11 139 140 142 15 143 24 153 154 155 29 37 165 167 169 43 50 57 63 71 76 85 89 99 102 113 115 117 127
128 129 2 130 131 132 133 134 135 136 137 138 12 139 140 141 16 143 25 154 155 156 30 38 166 168 44 51 58 64 72 77 86 90 100 103 114 116
129 130 3 131 132 133 134 135 136 137 138 139 13 140 141 142 17 26 155 156 31 39 167 169 45 52 59 65 73 78 87 91 101 104 115 117
1 131 132 12 14 145 146 147 148 149 150 151 24 152 153 27 154 155 158 156 157 36 40 48 53 60 66 72 79 84 92 96 105 108 118 120
2 131 132 133 13 15 144 146 147 148 149 150 151 152 25 153 154 28 157 155 159 156 158 37 41 49 54 61 67 73 80 85 93 97 106 109 119 121
3 132 133 134 16 144 145 147 148 149 150 151 152 153 26 154 155 29 158 156 160 159 38 42 50 55 62 68 74 81 86 94 98 107 110 118 120 122
4 133 134 135 144 17 145 146 148 149 150 151 152 153 154 155 156 30 159 160 161 39 43 51 56 63 69 75 82 87 95 99 105 108 111 119 121 123
5 134 135 136 144 145 18 146 147 149 150 151 152 153 154 155 156 31 160 161 162 44 52 57 64 70 76 83 88 92 96 100 106 109 112 120 122 124
6 135 136 137 144 145 146 19 147 148 150 151 152 153 154 155 156 32 161 162 163 45 58 65 71 77 79 84 89 93 97 101 107 110 113 121 123 125
7 136 137 138 144 145 146 147 20 148 149 151 152 153 154 155 156 33 162 163 164 46 59 66 72 78 80 85 90 94 98 102 108 111 114 122 124 126
8 137 138 139 144 145 146 147 148 21 149 150 152 153 154 155 156 34 163 164 165 47 53 60 67 73 81 86 91 95 99 103 109 112 115 123 125 127
128 9 138 139 140 144 145 146 147 148 149 22 150 151 153 154 155 156 35 164 165 166 40 48 54 61 68 74 82 87 96 100 104 110 113 116 124 126
129 10 139 140 141 144 145 146 147 148 149 150 23 151 152 154 27 155 156 36 165 166 167 41 49 55 62 69 75 83 88 97 101 111 114 117 125 127
128 130 11 140 141 14 142 144 145 146 147 148 149 150 151 24 152 153 155 28 156 37 166 167 168 42 50 56 63 70 76 84 89 98 102 112 115 126
1 129 12 141 142 15 143 144 145 146 147 148 149 150 151 25 152 153 154 29 156 38 167 168 169 43 51 57 64 71 77 85 90 99 103 113 116 127
128 2 130 13 142 143 16 144 145 146 147 148 149 150 151 152 26 153 154 155 30 39 168 169 44 52 58 65 72 78 86 91 100 104 114 117
1 131 133 13 14 144 145 25 27 158 159 160 161 162 163 164 37 165 166 40 167 168 169 49 53 61 66 73 79 85 92 97 105 109 118 121
2 132 134 15 144 145 146 26 28 157 159 160 161 162 163 164 165 38 166 167 41 168 169 50 54 62 67 74 80 86 93 98 106 110 119 122
3 131 133 135 16 145 146 147 29 157 158 160 161 162 163 164 165 166 39 167 168 42 169 51 55 63 68 75 81 87 94 99 107 111 120 123
4 132 134 136 17 146 147 148 157 30 158 159 161 162 163 164 165 166 167 168 169 43 52 56 64 69 76 82 88 95 100 108 112 118 121 124
5 133 135 137 18 147 148 149 157 158 31 159 160 162 163 164 165 166 167 168 169 44 57 65 70 77 83 89 96 101 105 109 113 119 122 125
6 134 136 138 19 148 149 150 157 158 159 32 160 161 163 164 165 166 167 168 169 45 58 71 78 84 90 92 97 102 106 110 114 120 123 126
7 135 137 139 20 149 150 151 157 158 159 160 33 161 162 164 165 166 167 168 169 46 59 72 79 85 91 93 98 103 107 111 115 121 124 127
128 8 136 138 140 21 150 151 152 157 158 159 160 161 34 162 163 165 166 167 168 169 47 60 66 73 80 86 94 99 104 108 112 116 122 125
129 9 137 139 141 22 151 152 153 157 158 159 160 161 162 35 163 164 166 167 168 169 48 53 61 67 74 81 87 95 100 109 113 117 123 126
130 10 138 140 142 23 152 153 154 157 158 159 160 161 162 163 36 164 165 167 40 168 169 49 54 62 68 75 82 88 96 101 110 114 124 127
128 11 139 141 143 24 153 154 27 155 157 158 159 160 161 162 163 164 37 165 166 168 41 169 50 55 63 69 76 83 89 97 102 111 115 125
129 12 140 14 142 25 154 155 28 156 157 158 159 160 161 162 163 164 38 165 166 167 42 169 51 56 64 70 77 84 90 98 103 112 116 126
1 130 13 141 15 143 26 155 156 29 157 158 159 160 161 162 163 164 165 39 166 167 168 43 52 57 65 71 78 85 91 99 104 113 117 127
