144 2596
2 131 3 4 5 6 7 8 9 10 11 12 14 13 144 25 27 133 37 40 49 53 61 66 73 79 85 92 97 105 109 118 121
1 3 132 4 5 6 7 8 9 10 11 13 12 15 14 26 28 134 38 41 50 54 62 67 74 80 86 93 98 106 110 119 122
1 2 4 5 6 7 8 9 10 11 12 135 14 15 16 25 27 29 39 42 51 55 63 68 75 81 87 94 99 107 111 120 123
1 2 3 5 6 7 8 9 10 11 12 136 15 16 17 26 28 30 37 40 43 52 56 64 69 76 82 88 95 100 108 112 124
1 2 3 4 6 7 8 9 10 11 12 137 16 17 18 27 29 31 38 41 44 49 53 57 65 70 77 83 89 96 101 113 125
1 2 3 4 5 7 8 9 10 11 12 138 17 18 19 28 30 32 39 42 45 50 54 58 61 66 71 78 84 90 102 114 126
1 2 3 4 5 6 8 9 10 11 12 139 18 19 20 29 31 33 40 43 46 51 55 59 62 67 72 73 79 91 103 115 127
128 1 2 3 4 5 6 7 9 10 11 12 140 19 20 21 30 32 34 41 44 47 52 56 60 63 68 74 80 85 92 104 116
1 2 3 4 5 6 7 8 129 10 11 12 141 20 21 22 31 33 35 42 45 48 53 57 64 69 75 81 86 93 97 105 117
1 2 3 4 5 6 7 8 9 130 11 12 142 21 22 23 32 34 36 43 46 54 58 65 70 76 82 87 94 98 106 109 118
1 2 3 4 5 6 7 8 9 10 131 12 143 22 23 24 33 35 44 47 55 59 66 71 77 83 88 95 99 107 110 119 121
1 2 3 4 5 6 7 8 9 10 11 133 132 144 23 24 34 36 45 48 56 60 67 72 78 84 89 96 100 108 111 120 122
1 2 130 133 14 143 15 16 17 18 19 20 21 22 23 24 26 25 37 39 49 52 61 65 73 78 85 91 97 104 109 117 121
1 2 3 131 134 13 15 144 16 17 18 19 20 21 22 23 25 24 27 26 38 40 50 53 62 66 74 79 86 92 98 105 110 118 122
2 3 4 132 135 13 14 16 17 18 19 20 21 22 23 24 26 27 28 37 39 41 51 54 63 67 75 80 87 93 99 106 111 119 123
3 4 5 136 13 14 15 17 18 19 20 21 22 23 24 27 28 29 38 40 42 49 52 55 64 68 76 81 88 94 100 107 112 120 124
4 5 6 137 13 14 15 16 18 19 20 21 22 23 24 28 29 30 39 41 43 50 53 56 61 65 69 77 82 89 95 101 108 113 125
5 6 7 138 13 14 15 16 17 19 20 21 22 23 24 29 30 31 40 42 44 51 54 57 62 66 70 73 78 83 90 96 102 114 126
6 7 8 139 13 14 15 16 17 18 20 21 22 23 24 30 31 32 41 43 45 52 55 58 63 67 71 74 79 84 85 91 103 115 127
128 7 8 9 140 13 14 15 16 17 18 19 21 22 23 24 31 32 33 42 44 46 53 56 59 64 68 72 75 80 86 92 97 104 116
129 8 9 10 13 14 15 16 17 18 19 20 141 22 23 24 32 33 34 43 45 47 54 57 60 65 69 76 81 87 93 98 105 109 117
130 9 10 11 13 14 15 16 17 18 19 20 21 142 23 24 33 34 35 44 46 48 55 58 66 70 77 82 88 94 99 106 110 118 121
131 133 10 11 12 13 14 15 16 17 18 19 20 21 22 143 24 34 35 36 45 47 56 59 67 71 78 83 89 95 100 107 111 119 122
132 134 11 12 13 14 15 16 17 18 19 20 21 22 23 144 35 36 46 48 57 60 68 72 79 84 90 96 101 108 112 120 123
1 129 3 133 13 14 142 26 27 28 29 30 31 32 33 34 35 36 37 38 49 51 61 64 73 77 85 90 97 103 109 116 121
2 130 4 134 13 14 15 143 25 27 28 29 30 31 32 33 34 35 36 37 38 39 50 52 62 65 74 78 86 91 98 104 110 117 122
1 3 131 5 135 14 15 16 144 25 26 28 29 30 31 32 33 34 35 36 38 39 40 49 51 53 63 66 75 79 87 92 99 105 111 118 123
2 4 132 6 136 15 16 17 25 26 27 29 30 31 32 33 34 35 36 39 40 41 50 52 54 61 64 67 76 80 88 93 100 106 112 119 124
3 5 7 137 16 17 18 25 26 27 28 30 31 32 33 34 35 36 40 41 42 51 53 55 62 65 68 73 77 81 89 94 101 107 113 120 125
4 6 8 138 17 18 19 25 26 27 28 29 31 32 33 34 35 36 41 42 43 52 54 56 63 66 69 74 78 82 85 90 95 102 108 114 126
5 7 9 139 18 19 20 25 26 27 28 29 30 32 33 34 35 36 42 43 44 53 55 57 64 67 70 75 79 83 86 91 96 97 103 115 127
128 6 8 10 140 19 20 21 25 26 27 28 29 30 31 33 34 35 36 43 44 45 54 56 58 65 68 71 76 80 84 87 92 98 104 109 116
129 7 9 11 141 20 21 22 25 26 27 28 29 30 31 32 34 35 36 44 45 46 55 57 59 66 69 72 77 81 88 93 99 105 110 117 121
130 133 8 10 12 142 21 22 23 25 26 27 28 29 30 31 32 33 35 36 45 46 47 56 58 60 67 70 78 82 89 94 100 106 111 118 122
131 134 9 11 143 22 23 24 25 26 27 28 29 30 31 32 33 34 36 46 47 48 57 59 68 71 79 83 90 95 101 107 112 119 123
132 135 10 12 144 23 24 25 26 27 28 29 30 31 32 33 34 35 47 48 58 60 69 72 80 84 91 96 102 108 113 120 124
128 1 4 133 13 141 15 25 26 38 39 40 41 42 43 44 45 46 47 48 49 50 61 63 73 76 85 89 97 102 109 115 121
129 2 5 134 14 142 16 25 26 27 37 39 40 41 42 43 44 45 46 47 48 49 50 51 62 64 74 77 86 90 98 103 110 116 122
130 3 6 135 13 15 143 17 26 27 28 37 38 40 41 42 43 44 45 46 47 48 50 51 52 61 63 65 75 78 87 91 99 104 111 117 123
1 131 4 7 136 14 16 144 18 27 28 29 37 38 39 41 42 43 44 45 46 47 48 51 52 53 62 64 66 73 76 79 88 92 100 105 112 118 124
2 132 5 8 137 15 17 19 28 29 30 37 38 39 40 42 43 44 45 46 47 48 52 53 54 63 65 67 74 77 80 85 89 93 101 106 113 119 125
3 6 9 138 16 18 20 29 30 31 37 38 39 40 41 43 44 45 46 47 48 53 54 55 64 66 68 75 78 81 86 90 94 97 102 107 114 120 126
4 7 10 139 17 19 21 30 31 32 37 38 39 40 41 42 44 45 46 47 48 54 55 56 65 67 69 76 79 82 87 91 95 98 103 108 109 115 127
128 5 8 11 140 18 20 22 31 32 33 37 38 39 40 41 42 43 45 46 47 48 55 56 57 66 68 70 77 80 83 88 92 96 99 104 110 116 121
129 133 6 9 12 141 19 21 23 32 33 34 37 38 39 40 41 42 43 44 46 47 48 56 57 58 67 69 71 78 81 84 89 93 100 105 111 117 122
130 134 7 10 142 20 22 24 33 34 35 37 38 39 40 41 42 43 44 45 47 48 57 58 59 68 70 72 79 82 90 94 101 106 112 118 123
131 135 8 11 143 21 23 34 35 36 37 38 39 40 41 42 43 44 45 46 48 58 59 60 69 71 80 83 91 95 102 107 113 119 124
132 136 9 12 144 22 24 35 36 37 38 39 40 41 42 43 44 45 46 47 59 60 70 72 81 84 92 96 103 108 114 120 125
1 5 133 140 13 16 25 27 37 38 50 51 52 53 54 55 56 57 58 59 60 61 62 73 75 85 88 97 101 109 114 121 127
128 2 6 134 141 14 17 26 28 37 38 39 49 51 52 53 54 55 56 57 58 59 60 61 62 63 74 76 86 89 98 102 110 115 122
129 3 7 135 142 15 18 25 27 29 38 39 40 49 50 52 53 54 55 56 57 58 59 60 62 63 64 73 75 77 87 90 99 103 111 116 123
130 4 8 136 13 143 16 19 26 28 30 39 40 41 49 50 51 53 54 55 56 57 58 59 60 63 64 65 74 76 78 85 88 91 100 104 112 117 124
1 131 5 9 137 14 144 17 20 27 29 31 40 41 42 49 50 51 52 54 55 56 57 58 59 60 64 65 66 75 77 79 86 89 92 97 101 105 113 118 125
2 132 6 10 138 15 18 21 28 30 32 41 42 43 49 50 51 52 53 55 56 57 58 59 60 65 66 67 76 78 80 87 90 93 98 102 106 109 114 119 126
3 7 11 139 16 19 22 29 31 33 42 43 44 49 50 51 52 53 54 56 57 58 59 60 66 67 68 77 79 81 88 91 94 99 103 107 110 115 120 121 127
128 4 133 8 12 140 17 20 23 30 32 34 43 44 45 49 50 51 52 53 54 55 57 58 59 60 67 68 69 78 80 82 89 92 95 100 104 108 111 116 122
129 5 134 9 141 18 21 24 31 33 35 44 45 46 49 50 51 52 53 54 55 56 58 59 60 68 69 70 79 81 83 90 93 96 101 105 112 117 123
130 6 135 10 142 19 22 32 34 36 45 46 47 49 50 51 52 53 54 55 56 57 59 60 69 70 71 80 82 84 91 94 102 106 113 118 124
131 7 136 11 143 20 23 33 35 46 47 48 49 50 51 52 53 54 55 56 57 58 60 70 71 72 81 83 92 95 103 107 114 119 125
132 8 137 12 144 21 24 34 36 47 48 49 50 51 52 53 54 55 56 57 58 59 71 72 82 84 93 96 104 108 115 120 126
1 133 6 139 13 17 25 28 37 39 49 50 62 63 64 65 66 67 68 69 70 71 72 73 74 85 87 97 100 109 113 121 126
2 134 7 140 14 18 26 29 38 40 49 50 51 61 63 64 65 66 67 68 69 70 71 72 73 74 75 86 88 98 101 110 114 122 127
128 3 135 8 141 15 19 27 30 37 39 41 50 51 52 61 62 64 65 66 67 68 69 70 71 72 74 75 76 85 87 89 99 102 111 115 123
129 4 136 9 142 16 20 25 28 31 38 40 42 51 52 53 61 62 63 65 66 67 68 69 70 71 72 75 76 77 86 88 90 97 100 103 112 116 124
130 5 137 10 13 143 17 21 26 29 32 39 41 43 52 53 54 61 62 63 64 66 67 68 69 70 71 72 76 77 78 87 89 91 98 101 104 109 113 117 125
1 131 6 138 11 14 144 18 22 27 30 33 40 42 44 53 54 55 61 62 63 64 65 67 68 69 70 71 72 77 78 79 88 90 92 99 102 105 110 114 118 121 126
2 132 133 7 139 12 15 19 23 28 31 34 41 43 45 54 55 56 61 62 63 64 65 66 68 69 70 71 72 78 79 80 89 91 93 100 103 106 111 115 119 122 127
128 3 134 8 140 16 20 24 29 32 35 42 44 46 55 56 57 61 62 63 64 65 66 67 69 70 71 72 79 80 81 90 92 94 101 104 107 112 116 120 123
129 4 135 9 141 17 21 30 33 36 43 45 47 56 57 58 61 62 63 64 65 66 67 68 70 71 72 80 81 82 91 93 95 102 105 108 113 117 124
130 5 136 10 142 18 22 31 34 44 46 48 57 58 59 61 62 63 64 65 66 67 68 69 71 72 81 82 83 92 94 96 103 106 114 118 125
131 6 137 11 143 19 23 32 35 45 47 58 59 60 61 62 63 64 65 66 67 68 69 70 72 82 83 84 93 95 104 107 115 119 126
132 7 138 12 144 20 24 33 36 46 48 59 60 61 62 63 64 65 66 67 68 69 70 71 83 84 94 96 105 108 116 120 127
1 133 7 138 13 18 25 29 37 40 49 51 61 62 74 75 76 77 78 79 80 81 82 83 84 85 86 97 99 109 112 121 125
2 134 8 139 14 19 26 30 38 41 50 52 61 62 63 73 75 76 77 78 79 80 81 82 83 84 85 86 87 98 100 110 113 122 126
3 135 9 140 15 20 27 31 39 42 49 51 53 62 63 64 73 74 76 77 78 79 80 81 82 83 84 86 87 88 97 99 101 111 114 123 127
128 4 136 10 141 16 21 28 32 37 40 43 50 52 54 63 64 65 73 74 75 77 78 79 80 81 82 83 84 87 88 89 98 100 102 109 112 115 124
129 5 137 11 142 17 22 25 29 33 38 41 44 51 53 55 64 65 66 73 74 75 76 78 79 80 81 82 83 84 88 89 90 99 101 103 110 113 116 121 125
130 133 6 138 12 13 143 18 23 26 30 34 39 42 45 52 54 56 65 66 67 73 74 75 76 77 79 80 81 82 83 84 89 90 91 100 102 104 111 114 117 122 126
1 131 134 7 139 14 144 19 24 27 31 35 40 43 46 53 55 57 66 67 68 73 74 75 76 77 78 80 81 82 83 84 90 91 92 101 103 105 112 115 118 123 127
128 2 132 135 8 140 15 20 28 32 36 41 44 47 54 56 58 67 68 69 73 74 75 76 77 78 79 81 82 83 84 91 92 93 102 104 106 113 116 119 124
129 3 136 9 141 16 21 29 33 42 45 48 55 57 59 68 69 70 73 74 75 76 77 78 79 80 82 83 84 92 93 94 103 105 107 114 117 120 125
130 4 137 10 142 17 22 30 34 43 46 56 58 60 69 70 71 73 74 75 76 77 78 79 80 81 83 84 93 94 95 104 106 108 115 118 126
131 5 138 11 143 18 23 31 35 44 47 57 59 70 71 72 73 74 75 76 77 78 79 80 81 82 84 94 95 96 105 107 116 119 127
128 132 6 139 12 144 19 24 32 36 45 48 58 60 71 72 73 74 75 76 77 78 79 80 81 82 83 95 96 106 108 117 120
1 133 8 137 13 19 25 30 37 41 49 52 61 63 73 74 86 87 88 89 90 91 92 93 94 95 96 97 98 109 111 121 124
2 134 9 138 14 20 26 31 38 42 50 53 62 64 73 74 75 85 87 88 89 90 91 92 93 94 95 96 97 98 99 110 112 122 125
3 135 10 139 15 21 27 32 39 43 51 54 61 63 65 74 75 76 85 86 88 89 90 91 92 93 94 95 96 98 99 100 109 111 113 123 126
4 136 11 140 16 22 28 33 40 44 49 52 55 62 64 66 75 76 77 85 86 87 89 90 91 92 93 94 95 96 99 100 101 110 112 114 121 124 127
128 5 133 137 12 141 17 23 29 34 37 41 45 50 53 56 63 65 67 76 77 78 85 86 87 88 90 91 92 93 94 95 96 100 101 102 111 113 115 122 125
129 6 134 138 142 18 24 25 30 35 38 42 46 51 54 57 64 66 68 77 78 79 85 86 87 88 89 91 92 93 94 95 96 101 102 103 112 114 116 123 126
130 7 135 139 13 143 19 26 31 36 39 43 47 52 55 58 65 67 69 78 79 80 85 86 87 88 89 90 92 93 94 95 96 102 103 104 113 115 117 124 127
128 1 131 8 136 140 14 144 20 27 32 40 44 48 53 56 59 66 68 70 79 80 81 85 86 87 88 89 90 91 93 94 95 96 103 104 105 114 116 118 125
129 2 132 9 137 141 15 21 28 33 41 45 54 57 60 67 69 71 80 81 82 85 86 87 88 89 90 91 92 94 95 96 104 105 106 115 117 119 126
130 3 10 138 142 16 22 29 34 42 46 55 58 68 70 72 81 82 83 85 86 87 88 89 90 91 92 93 95 96 105 106 107 116 118 120 127
128 131 4 11 139 143 17 23 30 35 43 47 56 59 69 71 82 83 84 85 86 87 88 89 90 91 92 93 94 96 106 107 108 117 119
129 132 5 12 140 144 18 24 31 36 44 48 57 60 70 72 83 84 85 86 87 88 89 90 91 92 93 94 95 107 108 118 120
1 133 136 9 13 20 25 31 37 42 49 53 61 64 73 75 85 86 98 99 100 101 102 103 104 105 106 107 108 109 110 121 123
2 134 137 10 14 21 26 32 38 43 50 54 62 65 74 76 85 86 87 97 99 100 101 102 103 104 105 106 107 108 109 110 111 122 124
3 135 138 11 15 22 27 33 39 44 51 55 63 66 73 75 77 86 87 88 97 98 100 101 102 103 104 105 106 107 108 110 111 112 121 123 125
4 133 136 139 12 16 23 28 34 40 45 52 56 61 64 67 74 76 78 87 88 89 97 98 99 101 102 103 104 105 106 107 108 111 112 113 122 124 126
5 134 137 140 17 24 29 35 41 46 49 53 57 62 65 68 75 77 79 88 89 90 97 98 99 100 102 103 104 105 106 107 108 112 113 114 123 125 127
128 6 135 138 141 18 30 36 37 42 47 50 54 58 63 66 69 76 78 80 89 90 91 97 98 99 100 101 103 104 105 106 107 108 113 114 115 124 126
129 7 136 139 142 19 25 31 38 43 48 51 55 59 64 67 70 77 79 81 90 91 92 97 98 99 100 101 102 104 105 106 107 108 114 115 116 125 127
128 130 8 137 140 13 143 20 26 32 39 44 52 56 60 65 68 71 78 80 82 91 92 93 97 98 99 100 101 102 103 105 106 107 108 115 116 117 126
1 129 131 9 138 141 14 144 21 27 33 40 45 53 57 66 69 72 79 81 83 92 93 94 97 98 99 100 101 102 103 104 106 107 108 116 117 118 127
128 2 130 132 10 139 142 15 22 28 34 41 46 54 58 67 70 80 82 84 93 94 95 97 98 99 100 101 102 103 104 105 107 108 117 118 119
129 3 131 11 140 143 16 23 29 35 42 47 55 59 68 71 81 83 94 95 96 97 98 99 100 101 102 103 104 105 106 108 118 119 120
130 4 132 12 141 144 17 24 30 36 43 48 56 60 69 72 82 84 95 96 97 98 99 100 101 102 103 104 105 106 107 119 120
1 133 135 10 13 21 25 32 37 43 49 54 61 65 73 76 85 87 97 98 110 111 112 113 114 115 116 117 118 119 120 121 122
2 134 136 11 14 22 26 33 38 44 50 55 62 66 74 77 86 88 97 98 99 109 111 112 113 114 115 116 117 118 119 120 121 122 123
3 133 135 137 12 15 23 27 34 39 45 51 56 63 67 75 78 85 87 89 98 99 100 109 110 112 113 114 115 116 117 118 119 120 122 123 124
4 134 136 138 16 24 28 35 40 46 52 57 64 68 73 76 79 86 88 90 99 100 101 109 110 111 113 114 115 116 117 118 119 120 123 124 125
5 135 137 139 17 29 36 41 47 53 58 61 65 69 74 77 80 87 89 91 100 101 102 109 110 111 112 114 115 116 117 118 119 120 124 125 126
6 136 138 140 18 30 42 48 49 54 59 62 66 70 75 78 81 88 90 92 101 102 103 109 110 111 112 113 115 116 117 118 119 120 125 126 127
128 7 137 139 141 19 31 37 43 50 55 60 63 67 71 76 79 82 89 91 93 102 103 104 109 110 111 112 113 114 116 117 118 119 120 126 127
128 129 8 138 140 142 20 25 32 38 44 51 56 64 68 72 77 80 83 90 92 94 103 104 105 109 110 111 112 113 114 115 117 118 119 120 127
128 129 130 9 139 13 141 143 21 26 33 39 45 52 57 65 69 78 81 84 91 93 95 104 105 106 109 110 111 112 113 114 115 116 118 119 120
1 129 131 130 10 140 14 142 144 22 27 34 40 46 53 58 66 70 79 82 92 94 96 105 106 107 109 110 111 112 113 114 115 116 117 119 120
2 130 132 131 11 141 15 143 23 28 35 41 47 54 59 67 71 80 83 93 95 106 107 108 109 110 111 112 113 114 115 116 117 118 120
3 131 132 12 142 16 144 24 29 36 42 48 55 60 68 72 81 84 94 96 107 108 109 110 111 112 113 114 115 116 117 118 119
128 1 129 130 131 132 134 133 11 13 22 25 33 37 44 49 55 61 66 73 77 85 88 97 99 109 110 122 123 124 125 126 127
128 129 2 130 131 133 132 135 134 12 14 23 26 34 38 45 50 56 62 67 74 78 86 89 98 100 109 110 111 121 123 124 125 126 127
128 129 130 3 131 132 134 135 136 15 24 27 35 39 46 51 57 63 68 75 79 87 90 97 99 101 110 111 112 121 122 124 125 126 127
128 129 130 131 4 132 135 136 137 16 28 36 40 47 52 58 64 69 76 80 85 88 91 98 100 102 111 112 113 121 122 123 125 126 127
128 129 130 131 132 5 136 137 138 17 29 41 48 53 59 65 70 73 77 81 86 89 92 99 101 103 112 113 114 121 122 123 124 126 127
128 129 130 131 132 6 137 138 139 18 30 42 54 60 61 66 71 74 78 82 87 90 93 100 102 104 113 114 115 121 122 123 124 125 127
128 129 130 131 132 7 138 139 140 19 31 43 49 55 62 67 72 75 79 83 88 91 94 101 103 105 114 115 116 121 122 123 124 125 126
129 130 131 132 8 139 140 141 20 32 37 44 50 56 63 68 76 80 84 89 92 95 102 104 106 115 116 117 121 122 123 124 125 126 127
128 130 131 132 9 140 141 142 21 25 33 38 45 51 57 64 69 77 81 90 93 96 103 105 107 116 117 118 121 122 123 124 125 126 127
128 129 131 132 10 13 141 143 142 22 26 34 39 46 52 58 65 70 78 82 91 94 104 106 108 117 118 119 121 122 123 124 125 126 127
128 1 129 130 132 11 14 142 144 143 23 27 35 40 47 53 59 66 71 79 83 92 95 105 107 118 119 120 121 122 123 124 125 126 127
128 129 2 130 131 12 15 143 144 24 28 36 41 48 54 60 67 72 80 84 93 96 106 108 119 120 121 122 123 124 125 126 127
1 134 135 136 137 138 139 12 13 140 141 142 143 144 23 25 34 37 45 49 56 61 67 73 78 85 89 97 100 109 111 121 122
2 133 135 136 137 138 139 140 141 14 142 143 144 24 26 35 38 46 50 57 62 68 74 79 86 90 98 101 110 112 121 122 123
3 133 134 136 137 138 139 140 141 142 15 143 144 27 36 39 47 51 58 63 69 75 80 87 91 99 102 109 111 113 122 123 124
4 133 134 135 137 138 139 140 141 142 143 16 144 28 40 48 52 59 64 70 76 81 88 92 97 100 103 110 112 114 123 124 125
5 133 134 135 136 138 139 140 141 142 143 144 17 29 41 53 60 65 71 77 82 85 89 93 98 101 104 111 113 115 124 125 126
133 6 134 135 136 137 139 140 141 142 143 144 18 30 42 54 66 72 73 78 83 86 90 94 99 102 105 112 114 116 125 126 127
128 133 134 7 135 136 137 138 140 141 142 143 144 19 31 43 55 61 67 74 79 84 87 91 95 100 103 106 113 115 117 126 127
128 129 133 134 135 8 136 137 138 139 141 142 143 144 20 32 44 49 56 62 68 75 80 88 92 96 101 104 107 114 116 118 127
128 129 130 133 134 135 136 9 137 138 139 140 142 143 144 21 33 37 45 50 57 63 69 76 81 89 93 102 105 108 115 117 119
129 130 131 133 134 135 136 137 10 138 139 140 141 143 144 22 25 34 38 46 51 58 64 70 77 82 90 94 103 106 116 118 120
130 131 132 133 134 135 136 137 138 11 139 13 140 141 142 144 23 26 35 39 47 52 59 65 71 78 83 91 95 104 107 117 119
1 131 132 133 134 135 136 137 138 139 12 140 14 141 142 143 24 27 36 40 48 53 60 66 72 79 84 92 96 105 108 118 120
