256 6320
256 129 2 3 4 5 6 7 8 137 9 10 11 12 13 14 15 16 18 17 145 154 33 161 35 171 49 177 52 188 65 193 69 205 81 209 86 222 97 225 103 239 113 241 120
1 130 3 4 5 6 7 8 9 138 10 11 12 13 14 15 17 16 19 18 146 155 34 162 36 172 50 178 53 189 66 194 70 206 82 210 87 223 98 226 104 240 114 242 121
1 2 131 4 5 6 7 8 9 10 139 11 12 13 14 15 16 18 19 20 147 156 33 35 163 37 173 51 179 54 190 67 195 71 207 83 211 88 224 99 227 105 115 243 122
1 2 3 132 5 6 7 8 9 10 11 140 12 13 14 15 16 19 20 21 148 157 34 36 164 38 174 49 52 180 55 191 68 196 72 208 84 212 89 100 228 106 116 244 123
1 2 3 4 133 6 7 8 9 10 11 12 141 13 14 15 16 20 21 22 149 158 35 37 165 39 175 50 53 181 56 192 65 69 197 73 85 213 90 101 229 107 117 245 124
1 2 3 4 5 134 7 8 9 10 11 12 13 142 14 15 16 21 22 23 150 159 36 38 166 40 176 51 54 182 57 66 70 198 74 81 86 214 91 102 230 108 118 246 125
1 2 3 4 5 6 135 8 9 10 11 12 13 14 143 15 16 22 23 24 151 160 37 39 167 41 52 55 183 58 67 71 199 75 82 87 215 92 97 103 231 109 119 247 126
1 2 3 4 5 6 7 136 9 10 11 12 13 14 15 144 16 23 24 25 152 38 40 168 42 53 56 184 59 68 72 200 76 83 88 216 93 98 104 232 110 113 120 248 127
128 1 2 3 4 5 6 7 8 129 10 11 12 13 14 15 16 137 24 25 26 153 39 41 169 43 54 57 185 60 69 73 201 77 84 89 217 94 99 105 233 111 114 121 249
1 2 3 4 5 6 7 8 9 130 11 12 13 14 15 16 145 138 25 26 27 154 40 42 170 44 55 58 186 61 70 74 202 78 85 90 218 95 100 106 234 112 115 122 250
1 2 3 4 5 6 7 8 9 10 131 12 13 14 15 16 139 146 26 27 28 155 161 41 43 171 45 56 59 187 62 71 75 203 79 86 91 219 96 101 107 235 116 123 251
1 2 3 4 5 6 7 8 9 10 11 132 13 14 15 16 140 147 27 28 29 156 162 42 44 172 46 177 57 60 188 63 72 76 204 80 87 92 220 102 108 236 117 124 252
1 2 3 4 5 6 7 8 9 10 11 12 133 14 15 16 141 148 28 29 30 157 163 43 45 173 47 178 58 61 189 64 193 73 77 205 88 93 221 103 109 237 118 125 253
1 2 3 4 5 6 7 8 9 10 11 12 13 134 15 16 142 149 29 30 31 158 164 44 46 174 48 179 59 62 190 194 74 78 206 209 89 94 222 104 110 238 119 126 254
255 1 2 3 4 5 6 7 8 9 10 11 12 13 14 135 16 143 150 30 31 32 159 165 45 47 175 180 60 63 191 195 75 79 207 210 90 95 223 225 105 111 239 120 127
128 1 2 3 4 5 6 7 8 9 10 11 12 13 14 15 136 144 256 151 31 32 160 166 46 48 176 181 61 64 192 196 76 80 208 211 91 96 224 226 106 112 241 240 121
1 2 129 136 145 18 19 20 21 22 23 24 153 25 26 27 28 29 30 31 32 34 33 161 170 49 177 51 187 65 193 68 204 81 209 85 221 97 225 102 238 113 241 119 255
256 1 2 3 130 137 17 146 19 20 21 22 23 24 25 154 26 27 28 29 30 31 33 32 35 34 162 171 50 178 52 188 66 194 69 205 82 210 86 222 98 226 103 239 114 242 120
2 3 4 131 138 17 18 147 20 21 22 23 24 25 26 155 27 28 29 30 31 32 34 35 36 163 172 49 51 179 53 189 67 195 70 206 83 211 87 223 99 227 104 240 115 243 121
3 4 5 132 139 17 18 19 148 21 22 23 24 25 26 27 156 28 29 30 31 32 35 36 37 164 173 50 52 180 54 190 65 68 196 71 207 84 212 88 224 100 228 105 116 244 122
4 5 6 133 140 17 18 19 20 149 22 23 24 25 26 27 28 157 29 30 31 32 36 37 38 165 174 51 53 181 55 191 66 69 197 72 208 81 85 213 89 101 229 106 117 245 123
5 6 7 134 141 17 18 19 20 21 150 23 24 25 26 27 28 29 158 30 31 32 37 38 39 166 175 52 54 182 56 192 67 70 198 73 82 86 214 90 97 102 230 107 118 246 124
6 7 8 135 142 17 18 19 20 21 22 151 24 25 26 27 28 29 30 159 31 32 38 39 40 167 176 53 55 183 57 68 71 199 74 83 87 215 91 98 103 231 108 113 119 247 125
129 7 8 9 136 143 17 18 19 20 21 22 23 152 25 26 27 28 29 30 31 160 32 39 40 41 168 54 56 184 58 69 72 200 75 84 88 216 92 99 104 232 109 114 120 248 126
130 8 9 10 137 144 17 18 19 20 21 22 23 24 145 26 27 28 29 30 31 32 153 40 41 42 169 55 57 185 59 70 73 201 76 85 89 217 93 100 105 233 110 115 121 249 127
128 131 9 10 11 138 17 18 19 20 21 22 23 24 25 146 27 28 29 30 31 32 161 154 41 42 43 170 56 58 186 60 71 74 202 77 86 90 218 94 101 106 234 111 116 122 250
132 10 11 12 139 17 18 19 20 21 22 23 24 25 26 147 28 29 30 31 32 155 162 42 43 44 171 177 57 59 187 61 72 75 203 78 87 91 219 95 102 107 235 112 117 123 251
133 11 12 13 140 17 18 19 20 21 22 23 24 25 26 27 148 29 30 31 32 156 163 43 44 45 172 178 58 60 188 62 193 73 76 204 79 88 92 220 96 103 108 236 118 124 252
134 12 13 14 141 17 18 19 20 21 22 23 24 25 26 27 28 149 30 31 32 157 164 44 45 46 173 179 59 61 189 63 194 74 77 205 80 209 89 93 221 104 109 237 119 125 253
135 13 14 15 142 17 18 19 20 21 22 23 24 25 26 27 28 29 150 31 32 158 165 45 46 47 174 180 60 62 190 64 195 75 78 206 210 90 94 222 225 105 110 238 120 126 254
255 136 14 15 16 17 18 19 20 21 22 23 24 25 26 27 28 29 30 151 32 159 166 46 47 48 175 181 61 63 191 196 76 79 143 207 211 91 95 223 226 106 111 239 241 121 127
128 256 137 15 16 17 18 19 20 21 22 23 24 25 26 27 28 29 30 31 152 160 167 47 48 176 182 62 64 192 197 77 80 208 212 144 92 96 224 227 107 112 240 242 122
1 129 3 135 17 18 145 152 161 34 35 36 37 38 39 40 169 41 42 43 44 45 46 47 48 50 49 177 186 65 193 67 203 81 209 84 220 97 225 101 237 113 241 118 254
2 130 4 136 17 18 19 146 153 33 162 35 36 37 38 39 40 41 170 42 43 44 45 46 47 49 48 51 50 178 187 66 194 68 204 82 210 85 221 98 226 102 238 114 242 119 255
256 1 3 131 5 137 18 19 20 147 154 33 34 163 36 37 38 39 40 41 42 171 43 44 45 46 47 48 50 51 52 179 188 65 67 195 69 205 83 211 86 222 99 227 103 239 115 243 120
2 4 132 6 138 19 20 21 148 155 33 34 35 164 37 38 39 40 41 42 43 172 44 45 46 47 48 51 52 53 180 189 66 68 196 70 206 81 84 212 87 223 100 228 104 240 116 244 121
3 5 133 7 139 20 21 22 149 156 33 34 35 36 165 38 39 40 41 42 43 44 173 45 46 47 48 52 53 54 181 190 67 69 197 71 207 82 85 213 88 224 97 101 229 105 117 245 122
4 6 134 8 140 21 22 23 150 157 33 34 35 36 37 166 39 40 41 42 43 44 45 174 46 47 48 53 54 55 182 191 68 70 198 72 208 83 86 214 89 98 102 230 106 113 118 246 123
129 5 7 135 9 141 22 23 24 151 158 33 34 35 36 37 38 167 40 41 42 43 44 45 46 175 47 48 54 55 56 183 192 69 71 199 73 84 87 215 90 99 103 231 107 114 119 247 124
130 6 8 136 10 142 145 23 24 25 152 159 33 34 35 36 37 38 39 168 41 42 43 44 45 46 47 176 48 55 56 57 184 70 72 200 74 85 88 216 91 100 104 232 108 115 120 248 125
131 7 9 137 11 143 146 24 25 26 153 160 33 34 35 36 37 38 39 40 161 42 43 44 45 46 47 48 169 56 57 58 185 71 73 201 75 86 89 217 92 101 105 233 109 116 121 249 126
132 8 10 138 12 144 147 25 26 27 154 33 34 35 36 37 38 39 40 41 162 43 44 45 46 47 48 177 170 57 58 59 186 72 74 202 76 87 90 218 93 102 106 234 110 117 122 250 127
128 133 9 11 139 13 148 26 27 28 155 33 34 35 36 37 38 39 40 41 42 163 44 45 46 47 48 171 178 58 59 60 187 193 73 75 203 77 88 91 219 94 103 107 235 111 118 123 251
134 10 12 140 14 149 27 28 29 156 33 34 35 36 37 38 39 40 41 42 43 164 45 46 47 48 172 179 59 60 61 188 194 74 76 204 78 209 89 92 220 95 104 108 236 112 119 124 252
135 11 13 141 15 150 28 29 30 157 33 34 35 36 37 38 39 40 41 42 43 44 165 46 47 48 173 180 60 61 62 189 195 75 77 205 79 210 90 93 221 96 225 105 109 237 120 125 253
136 12 14 142 16 151 29 30 31 158 33 34 35 36 37 38 39 40 41 42 43 44 45 166 47 48 174 181 61 62 63 190 196 76 78 206 80 211 91 94 222 226 106 110 238 241 121 126 254
255 137 13 15 143 152 30 31 32 33 34 35 36 37 38 39 40 41 42 43 44 45 46 167 48 175 182 62 63 64 159 191 197 77 79 207 212 92 95 223 227 107 111 239 242 122 127
128 256 138 14 16 144 153 31 32 33 34 35 36 37 38 39 40 41 42 43 44 45 46 47 168 176 183 63 64 160 192 198 78 80 208 213 93 96 224 228 108 112 240 243 123
1 129 4 134 17 145 19 151 33 34 161 168 177 50 51 52 53 54 55 56 185 57 58 59 60 61 62 63 64 66 65 193 202 81 209 83 219 97 225 100 236 113 241 117 253
2 130 5 135 18 146 20 152 33 34 35 162 169 49 178 51 52 53 54 55 56 57 186 58 59 60 61 62 63 65 64 67 66 194 203 82 210 84 220 98 226 101 237 114 242 118 254
3 131 6 136 17 19 147 21 153 34 35 36 163 170 49 50 179 52 53 54 55 56 57 58 187 59 60 61 62 63 64 66 67 68 195 204 81 83 211 85 221 99 227 102 238 115 243 119 255
256 1 4 132 7 137 18 20 148 22 154 35 36 37 164 171 49 50 51 180 53 54 55 56 57 58 59 188 60 61 62 63 64 67 68 69 196 205 82 84 212 86 222 97 100 228 103 239 116 244 120
2 5 133 8 138 19 21 149 23 155 36 37 38 165 172 49 50 51 52 181 54 55 56 57 58 59 60 189 61 62 63 64 68 69 70 197 206 83 85 213 87 223 98 101 229 104 240 113 117 245 121
129 3 6 134 9 139 20 22 150 24 156 37 38 39 166 173 49 50 51 52 53 182 55 56 57 58 59 60 61 190 62 63 64 69 70 71 198 207 84 86 214 88 224 99 102 230 105 114 118 246 122
130 4 7 135 10 140 145 21 23 151 25 157 38 39 40 167 174 49 50 51 52 53 54 183 56 57 58 59 60 61 62 191 63 64 70 71 72 199 208 85 87 215 89 100 103 231 106 115 119 247 123
131 5 8 136 11 141 146 22 24 152 26 158 161 39 40 41 168 175 49 50 51 52 53 54 55 184 57 58 59 60 61 62 63 192 64 71 72 73 200 86 88 216 90 101 104 232 107 116 120 248 124
132 6 9 137 12 142 147 23 25 153 27 159 162 40 41 42 169 176 49 50 51 52 53 54 55 56 177 58 59 60 61 62 63 64 185 72 73 74 201 87 89 217 91 102 105 233 108 117 121 249 125
133 7 10 138 13 143 148 24 26 154 28 160 163 41 42 43 170 49 50 51 52 53 54 55 56 57 178 59 60 61 62 63 64 193 186 73 74 75 202 88 90 218 92 103 106 234 109 118 122 250 126
134 8 11 139 14 144 149 25 27 155 29 164 42 43 44 171 49 50 51 52 53 54 55 56 57 58 179 60 61 62 63 64 187 194 74 75 76 203 209 89 91 219 93 104 107 235 110 119 123 251 127
128 135 9 12 140 15 150 26 28 156 30 165 43 44 45 172 49 50 51 52 53 54 55 56 57 58 59 180 61 62 63 64 188 195 75 76 77 204 210 90 92 220 94 225 105 108 236 111 120 124 252
136 10 13 141 16 151 27 29 157 31 166 44 45 46 173 49 50 51 52 53 54 55 56 57 58 59 60 181 62 63 64 189 196 76 77 78 205 211 91 93 221 95 226 106 109 237 112 241 121 125 253
137 11 14 142 152 28 30 158 32 167 45 46 47 174 49 50 51 52 53 54 55 56 57 58 59 60 61 182 63 64 190 197 77 78 79 206 212 92 94 222 96 227 107 110 238 242 122 126 254
255 138 12 15 143 153 29 31 159 168 46 47 48 49 50 51 52 53 54 55 56 57 58 59 60 61 62 183 64 191 198 78 79 80 207 213 93 95 223 228 108 111 239 175 243 123 127
128 256 139 13 16 144 154 30 32 160 169 47 48 49 50 51 52 53 54 55 56 57 58 59 60 61 62 63 184 192 199 79 80 208 214 94 96 224 229 109 112 240 244 176 124
1 129 5 133 17 145 20 150 33 161 35 167 49 50 177 184 193 66 67 68 69 70 71 72 201 73 74 75 76 77 78 79 80 82 81 209 218 97 225 99 235 113 241 116 252
2 130 6 134 18 146 21 151 34 162 36 168 49 50 51 178 185 65 194 67 68 69 70 71 72 73 202 74 75 76 77 78 79 81 80 83 82 210 219 98 226 100 236 114 242 117 253
3 131 7 135 19 147 22 152 33 35 163 37 169 50 51 52 179 186 65 66 195 68 69 70 71 72 73 74 203 75 76 77 78 79 80 82 83 84 211 220 97 99 227 101 237 115 243 118 254
4 132 8 136 17 20 148 23 153 34 36 164 38 170 51 52 53 180 187 65 66 67 196 69 70 71 72 73 74 75 204 76 77 78 79 80 83 84 85 212 221 98 100 228 102 238 113 116 244 119 255
256 1 129 5 133 9 137 18 21 149 24 154 35 37 165 39 171 52 53 54 181 188 65 66 67 68 197 70 71 72 73 74 75 76 205 77 78 79 80 84 85 86 213 222 99 101 229 103 239 114 117 245 120
2 130 6 134 10 138 145 19 22 150 25 155 36 38 166 40 172 53 54 55 182 189 65 66 67 68 69 198 71 72 73 74 75 76 77 206 78 79 80 85 86 87 214 223 100 102 230 104 240 115 118 246 121
3 131 7 135 11 139 146 20 23 151 26 156 161 37 39 167 41 173 54 55 56 183 190 65 66 67 68 69 70 199 72 73 74 75 76 77 78 207 79 80 86 87 88 215 224 101 103 231 105 116 119 247 122
4 132 8 136 12 140 147 21 24 152 27 157 162 38 40 168 42 174 177 55 56 57 184 191 65 66 67 68 69 70 71 200 73 74 75 76 77 78 79 208 80 87 88 89 216 102 104 232 106 117 120 248 123
5 133 9 137 13 141 148 22 25 153 28 158 163 39 41 169 43 175 178 56 57 58 185 192 65 66 67 68 69 70 71 72 193 74 75 76 77 78 79 80 201 88 89 90 217 103 105 233 107 118 121 249 124
6 134 10 138 14 142 149 23 26 154 29 159 164 40 42 170 44 176 179 57 58 59 186 65 66 67 68 69 70 71 72 73 194 75 76 77 78 79 80 209 202 89 90 91 218 104 106 234 108 119 122 250 125
7 135 11 139 15 143 150 24 27 155 30 160 165 41 43 171 45 180 58 59 60 187 65 66 67 68 69 70 71 72 73 74 195 76 77 78 79 80 203 210 90 91 92 219 225 105 107 235 109 120 123 251 126
8 136 12 140 16 144 151 25 28 156 31 166 42 44 172 46 181 59 60 61 188 65 66 67 68 69 70 71 72 73 74 75 196 77 78 79 80 204 211 91 92 93 220 226 106 108 236 110 241 121 124 252 127
128 9 137 13 141 152 26 29 157 32 167 43 45 173 47 182 60 61 62 189 65 66 67 68 69 70 71 72 73 74 75 76 197 78 79 80 205 212 92 93 94 221 227 107 109 237 111 242 122 125 253
10 138 14 142 153 27 30 158 168 44 46 174 48 183 61 62 63 190 65 66 67 68 69 70 71 72 73 74 75 76 77 198 79 80 206 213 93 94 95 222 228 108 110 238 112 243 123 126 254
255 11 139 15 143 154 28 31 159 169 45 47 175 184 62 63 64 65 66 67 68 69 70 71 72 73 74 75 76 77 78 199 80 207 214 94 95 96 191 223 229 109 111 239 244 124 127
128 256 12 140 16 144 155 29 32 160 170 46 48 176 185 63 64 65 66 67 68 69 70 71 72 73 74 75 76 77 78 79 200 208 215 95 96 224 192 230 110 112 240 245 125
1 129 132 6 17 145 21 149 33 161 36 166 49 177 51 183 65 66 193 200 209 82 83 84 85 86 87 88 217 89 90 91 92 93 94 95 96 98 97 225 234 113 241 115 251
2 130 133 7 18 146 22 150 34 162 37 167 50 178 52 184 65 66 67 194 201 81 210 83 84 85 86 87 88 89 218 90 91 92 93 94 95 97 96 99 98 226 235 114 242 116 252
3 131 134 8 19 147 23 151 35 163 38 168 49 51 179 53 185 66 67 68 195 202 81 82 211 84 85 86 87 88 89 90 219 91 92 93 94 95 96 98 99 100 227 236 113 115 243 117 253
129 4 132 135 9 20 148 24 152 33 36 164 39 169 50 52 180 54 186 67 68 69 196 203 81 82 83 212 85 86 87 88 89 90 91 220 92 93 94 95 96 99 100 101 228 237 114 116 244 118 254
130 5 133 136 10 17 145 21 149 25 153 34 37 165 40 170 51 53 181 55 187 68 69 70 197 204 81 82 83 84 213 86 87 88 89 90 91 92 221 93 94 95 96 100 101 102 229 238 115 117 245 119 255
256 1 131 6 134 137 11 18 146 22 150 26 154 161 35 38 166 41 171 52 54 182 56 188 69 70 71 198 205 81 82 83 84 85 214 87 88 89 90 91 92 93 222 94 95 96 101 102 103 230 239 116 118 246 120
2 132 7 135 138 12 19 147 23 151 27 155 162 36 39 167 42 172 177 53 55 183 57 189 70 71 72 199 206 81 82 83 84 85 86 215 88 89 90 91 92 93 94 223 95 96 102 103 104 231 240 117 119 247 121
3 133 8 136 139 13 20 148 24 152 28 156 163 37 40 168 43 173 178 54 56 184 58 190 193 71 72 73 200 207 81 82 83 84 85 86 87 216 89 90 91 92 93 94 95 224 96 103 104 105 232 118 120 248 122
4 134 9 137 140 14 21 149 25 153 29 157 164 38 41 169 44 174 179 55 57 185 59 191 194 72 73 74 201 208 81 82 83 84 85 86 87 88 209 90 91 92 93 94 95 96 217 104 105 106 233 119 121 249 123
5 135 10 138 141 15 22 150 26 154 30 158 165 39 42 170 45 175 180 56 58 186 60 192 195 73 74 75 202 81 82 83 84 85 86 87 88 89 210 91 92 93 94 95 96 225 218 105 106 107 234 120 122 250 124
6 136 11 139 142 16 23 151 27 155 31 159 166 40 43 171 46 176 181 57 59 187 61 196 74 75 76 203 81 82 83 84 85 86 87 88 89 90 211 92 93 94 95 96 219 226 106 107 108 235 241 121 123 251 125
7 137 12 140 143 24 152 28 156 32 160 167 41 44 172 47 182 58 60 188 62 197 75 76 77 204 81 82 83 84 85 86 87 88 89 90 91 212 93 94 95 96 220 227 107 108 109 236 242 122 124 252 126
8 138 13 141 144 25 153 29 157 168 42 45 173 48 183 59 61 189 63 198 76 77 78 205 81 82 83 84 85 86 87 88 89 90 91 92 213 94 95 96 221 228 108 109 110 237 243 123 125 253 127
128 9 139 14 142 26 154 30 158 169 43 46 174 184 60 62 190 64 199 77 78 79 206 81 82 83 84 85 86 87 88 89 90 91 92 93 214 95 96 222 229 109 110 111 238 244 124 126 254
255 10 140 15 143 207 27 155 31 159 170 44 47 175 185 61 63 191 200 78 79 80 81 82 83 84 85 86 87 88 89 90 91 92 93 94 215 96 223 230 110 111 112 239 245 125 127
128 256 11 141 16 144 208 28 156 32 160 171 45 48 176 186 62 64 192 201 79 80 81 82 83 84 85 86 87 88 89 90 91 92 93 94 95 216 224 231 111 112 240 246 126
1 129 131 7 17 145 148 22 33 161 37 165 49 177 52 182 65 193 67 199 81 82 209 216 225 98 99 100 101 102 103 104 233 105 106 107 108 109 110 111 112 114 113 241 250
2 130 132 8 18 146 149 23 34 162 38 166 50 178 53 183 66 194 68 200 81 82 83 210 217 97 226 99 100 101 102 103 104 105 234 106 107 108 109 110 111 113 112 115 114 242 251
129 3 131 133 9 19 147 150 24 35 163 39 167 51 179 54 184 65 67 195 69 201 82 83 84 211 218 97 98 227 100 101 102 103 104 105 106 235 107 108 109 110 111 112 114 115 116 243 252
130 4 132 134 10 145 20 148 151 25 36 164 40 168 49 52 180 55 185 66 68 196 70 202 83 84 85 212 219 97 98 99 228 101 102 103 104 105 106 107 236 108 109 110 111 112 115 116 117 244 253
131 5 133 135 11 146 21 149 152 26 33 161 37 165 41 169 50 53 181 56 186 67 69 197 71 203 84 85 86 213 220 97 98 99 100 229 102 103 104 105 106 107 108 237 109 110 111 112 116 117 118 245 254
132 6 134 136 12 17 147 22 150 153 27 34 162 38 166 42 170 177 51 54 182 57 187 68 70 198 72 204 85 86 87 214 221 97 98 99 100 101 230 103 104 105 106 107 108 109 238 110 111 112 117 118 119 246 255
256 1 133 7 135 137 13 18 148 23 151 154 28 35 163 39 167 43 171 178 52 55 183 58 188 193 69 71 199 73 205 86 87 88 215 222 97 98 99 100 101 102 231 104 105 106 107 108 109 110 239 111 112 118 119 120 247
2 134 8 136 138 14 19 149 24 152 155 29 36 164 40 168 44 172 179 53 56 184 59 189 194 70 72 200 74 206 209 87 88 89 216 223 97 98 99 100 101 102 103 232 105 106 107 108 109 110 111 240 112 119 120 121 248
3 135 9 137 139 15 20 150 25 153 156 30 37 165 41 169 45 173 180 54 57 185 60 190 195 71 73 201 75 207 210 88 89 90 217 224 97 98 99 100 101 102 103 104 225 106 107 108 109 110 111 112 233 120 121 122 249
4 136 10 138 140 16 21 151 26 154 157 31 38 166 42 170 46 174 181 55 58 186 61 191 196 72 74 202 76 208 211 89 90 91 218 97 98 99 100 101 102 103 104 105 226 107 108 109 110 111 112 241 234 121 122 123 250
5 137 11 139 141 22 152 27 155 158 32 39 167 43 171 47 175 182 56 59 187 62 192 197 73 75 203 77 212 90 91 92 219 97 98 99 100 101 102 103 104 105 106 227 108 109 110 111 112 235 242 122 123 124 251
6 138 12 140 142 23 153 28 156 159 40 168 44 172 48 176 183 57 60 188 63 198 74 76 204 78 213 91 92 93 220 97 98 99 100 101 102 103 104 105 106 107 228 109 110 111 112 236 243 123 124 125 252
7 139 13 141 143 24 154 29 157 160 41 169 45 173 184 58 61 189 64 199 75 77 205 79 214 92 93 94 221 97 98 99 100 101 102 103 104 105 106 107 108 229 110 111 112 237 244 124 125 126 253
254 8 140 14 142 144 25 155 30 158 42 170 46 174 185 59 62 190 200 76 78 206 80 215 93 94 95 222 97 98 99 100 101 102 103 104 105 106 107 108 109 230 111 112 238 245 125 126 127
128 255 9 141 15 143 26 156 31 159 43 171 47 175 186 60 63 191 201 77 79 207 216 94 95 96 97 98 99 100 101 102 103 104 105 106 107 108 109 110 231 112 223 239 246 126 127
128 256 10 142 16 144 27 157 32 160 44 172 48 176 187 61 64 192 202 78 80 208 217 95 96 97 98 99 100 101 102 103 104 105 106 107 108 109 110 111 232 224 240 247 127
127 1 130 128 129 8 17 145 147 23 33 161 164 38 49 177 53 181 65 193 68 198 81 209 83 215 97 98 225 232 241 114 115 116 117 118 119 120 249 121 122 123 124 125 126
127 129 2 131 128 130 9 18 146 148 24 34 162 165 39 50 178 54 182 66 194 69 199 82 210 84 216 97 98 99 226 233 113 242 115 116 117 118 119 120 121 250 122 123 124 125 126
127 128 130 3 132 131 10 145 19 147 149 25 35 163 166 40 51 179 55 183 67 195 70 200 81 83 211 85 217 98 99 100 227 234 113 114 243 116 117 118 119 120 121 122 251 123 124 125 126
127 128 131 4 133 132 11 146 20 148 150 26 161 36 164 167 41 52 180 56 184 65 68 196 71 201 82 84 212 86 218 99 100 101 228 235 113 114 115 244 117 118 119 120 121 122 123 252 124 125 126
127 128 132 5 134 133 12 147 21 149 151 27 162 37 165 168 42 49 177 53 181 57 185 66 69 197 72 202 83 85 213 87 219 100 101 102 229 236 113 114 115 116 245 118 119 120 121 122 123 124 253 125 126
127 128 133 6 135 134 13 148 22 150 152 28 33 163 38 166 169 43 50 178 54 182 58 186 193 67 70 198 73 203 84 86 214 88 220 101 102 103 230 237 113 114 115 116 117 246 119 120 121 122 123 124 125 254 126
127 128 134 7 136 135 14 17 149 23 151 153 29 34 164 39 167 170 44 51 179 55 183 59 187 194 68 71 199 74 204 209 85 87 215 89 221 102 103 104 231 238 113 114 115 116 117 118 247 120 121 122 123 124 125 126 255
256 1 128 135 8 137 136 15 18 150 24 152 154 30 35 165 40 168 171 45 52 180 56 184 60 188 195 69 72 200 75 205 210 86 88 216 90 222 225 103 104 105 232 239 113 114 115 116 117 118 119 248 121 122 123 124 125 126 127
128 249 2 136 9 138 137 16 19 151 25 153 155 31 36 166 41 169 172 46 53 181 57 185 61 189 196 70 73 201 76 206 211 87 89 217 91 223 226 104 105 106 233 240 113 114 115 116 117 118 119 120 241 122 123 124 125 126 127
128 250 3 137 10 139 138 20 152 26 154 156 32 37 167 42 170 173 47 54 182 58 186 62 190 197 71 74 202 77 207 212 88 90 218 92 224 227 105 106 107 234 113 114 115 116 117 118 119 120 121 242 123 124 125 126 127
128 251 4 138 11 140 139 21 153 27 155 157 38 168 43 171 174 48 55 183 59 187 63 191 198 72 75 203 78 208 213 89 91 219 93 228 106 107 108 235 113 114 115 116 117 118 119 120 121 122 243 124 125 126 127
128 252 5 139 12 141 140 22 154 28 156 158 39 169 44 172 175 56 184 60 188 64 192 199 73 76 204 79 214 90 92 220 94 229 107 108 109 236 113 114 115 116 117 118 119 120 121 122 123 244 125 126 127
128 253 6 140 13 142 141 23 155 29 157 159 40 170 45 173 176 57 185 61 189 200 74 77 205 80 215 91 93 221 95 230 108 109 110 237 113 114 115 116 117 118 119 120 121 122 123 124 245 126 127
128 254 7 141 14 143 142 24 156 30 158 160 41 171 46 174 58 186 62 190 201 75 78 206 216 92 94 222 96 231 109 110 111 238 113 114 115 116 117 118 119 120 121 122 123 124 125 246 127
128 255 8 142 15 144 143 25 157 31 159 42 172 47 175 239 59 187 63 191 202 76 79 207 217 93 95 223 232 110 111 112 113 114 115 116 117 118 119 120 121 122 123 124 125 126 247
248 256 9 143 16 144 26 158 32 160 43 173 48 176 240 60 188 64 192 203 77 80 208 218 94 96 224 233 111 112 113 114 115 116 117 118 119 120 121 122 123 124 125 126 127
1 130 131 132 133 134 135 136 9 137 138 139 140 141 142 143 17 146 144 145 24 33 161 163 39 49 177 180 54 65 193 69 197 81 209 84 214 97 225 99 231 113 114 241 248
129 2 131 132 133 134 135 136 137 10 138 139 140 141 142 143 145 18 147 144 146 25 34 162 164 40 50 178 181 55 66 194 70 198 82 210 85 215 98 226 100 232 113 114 115 242 249
129 130 3 132 133 134 135 136 137 138 11 139 140 141 142 143 144 146 19 148 147 26 161 35 163 165 41 51 179 182 56 67 195 71 199 83 211 86 216 97 99 227 101 233 114 115 116 243 250
129 130 131 4 133 134 135 136 137 138 139 12 140 141 142 143 144 147 20 149 148 27 162 36 164 166 42 177 52 180 183 57 68 196 72 200 81 84 212 87 217 98 100 228 102 234 115 116 117 244 251
129 130 131 132 5 134 135 136 137 138 139 140 13 141 142 143 144 148 21 150 149 28 163 37 165 167 43 178 53 181 184 58 65 193 69 197 73 201 82 85 213 88 218 99 101 229 103 235 116 117 118 245 252
129 130 131 132 133 6 135 136 137 138 139 140 141 14 142 143 144 149 22 151 150 29 164 38 166 168 44 49 179 54 182 185 59 66 194 70 198 74 202 209 83 86 214 89 219 100 102 230 104 236 117 118 119 246 253
129 130 131 132 133 134 7 136 137 138 139 140 141 142 15 143 144 150 23 152 151 30 33 165 39 167 169 45 50 180 55 183 186 60 67 195 71 199 75 203 210 84 87 215 90 220 225 101 103 231 105 237 118 119 120 247 254
129 130 131 132 133 134 135 8 137 138 139 140 141 142 143 16 17 144 151 24 153 152 31 34 166 40 168 170 46 51 181 56 184 187 61 68 196 72 200 76 204 211 85 88 216 91 221 226 102 104 232 106 238 241 119 120 121 248 255
256 1 129 130 131 132 133 134 135 9 136 138 139 140 141 142 143 144 18 152 25 154 153 32 35 167 41 169 171 47 52 182 57 185 188 62 69 197 73 201 77 205 212 86 89 217 92 222 227 103 105 233 107 239 242 120 121 122 249
129 2 130 131 132 133 134 135 136 10 137 139 140 141 142 143 144 19 153 26 155 154 36 168 42 170 172 48 53 183 58 186 189 63 70 198 74 202 78 206 213 87 90 218 93 223 228 104 106 234 108 240 243 121 122 123 250
129 130 3 131 132 133 134 135 136 137 11 138 140 141 142 143 144 20 154 27 156 155 37 169 43 171 173 54 184 59 187 190 64 71 199 75 203 79 207 214 88 91 219 94 224 229 105 107 235 109 244 122 123 124 251
129 130 131 4 132 133 134 135 136 137 138 12 139 141 142 143 144 21 155 28 157 156 38 170 44 172 174 55 185 60 188 191 72 200 76 204 80 208 215 89 92 220 95 230 106 108 236 110 245 123 124 125 252
129 130 131 132 5 133 134 135 136 137 138 139 13 140 142 143 144 22 156 29 158 157 39 171 45 173 175 56 186 61 189 192 73 201 77 205 216 90 93 221 96 231 107 109 237 111 246 124 125 126 253
254 129 130 131 132 133 6 134 135 136 137 138 139 140 14 141 143 144 23 157 30 159 158 40 172 46 174 176 57 187 62 190 74 202 78 206 217 91 94 222 232 108 110 238 112 247 125 126 127
128 129 130 131 132 133 134 7 135 136 137 138 139 140 141 15 142 144 255 24 158 31 160 159 41 173 47 175 58 188 63 191 75 203 79 207 218 92 95 223 233 109 111 239 248 126 127
128 129 130 131 132 133 134 135 8 136 137 138 139 140 141 142 16 143 256 25 159 32 160 42 174 48 176 59 189 64 192 76 204 80 208 219 93 96 224 234 110 112 240 249 127
1 129 130 10 17 146 147 148 149 150 151 152 25 153 154 155 156 157 158 159 33 162 160 161 40 49 177 179 55 65 193 196 70 81 209 85 213 97 225 100 230 113 241 115 247
129 2 130 131 11 145 18 147 148 149 150 151 152 153 26 154 155 156 157 158 159 161 34 163 160 162 41 50 178 180 56 66 194 197 71 82 210 86 214 98 226 101 231 114 242 116 248
130 3 131 132 12 145 146 19 148 149 150 151 152 153 154 27 155 156 157 158 159 160 162 35 164 163 42 177 51 179 181 57 67 195 198 72 83 211 87 215 99 227 102 232 113 115 243 117 249
131 4 132 133 13 145 146 147 20 149 150 151 152 153 154 155 28 156 157 158 159 160 163 36 165 164 43 178 52 180 182 58 193 68 196 199 73 84 212 88 216 97 100 228 103 233 114 116 244 118 250
132 5 133 134 14 145 146 147 148 21 150 151 152 153 154 155 156 29 157 158 159 160 164 37 166 165 44 179 53 181 183 59 194 69 197 200 74 81 209 85 213 89 217 98 101 229 104 234 115 117 245 119 251
133 6 134 135 15 145 146 147 148 149 22 151 152 153 154 155 156 157 30 158 159 160 165 38 167 166 45 180 54 182 184 60 65 195 70 198 201 75 82 210 86 214 90 218 225 99 102 230 105 235 116 118 246 120 252
134 7 135 136 16 145 146 147 148 149 150 23 152 153 154 155 156 157 158 31 159 160 166 39 168 167 46 49 181 55 183 185 61 66 196 71 199 202 76 83 211 87 215 91 219 226 100 103 231 106 236 241 117 119 247 121 253
135 8 136 137 145 146 147 148 149 150 151 24 153 154 155 156 157 158 159 32 33 160 167 40 169 168 47 50 182 56 184 186 62 67 197 72 200 203 77 84 212 88 216 92 220 227 101 104 232 107 237 242 118 120 248 122 254
136 9 137 138 17 145 146 147 148 149 150 151 25 152 154 155 156 157 158 159 160 34 168 41 170 169 48 51 183 57 185 187 63 68 198 73 201 204 78 85 213 89 217 93 221 228 102 105 233 108 238 243 119 121 249 123 255
256 1 137 10 138 139 145 18 146 147 148 149 150 151 152 26 153 155 156 157 158 159 160 35 169 42 171 170 52 184 58 186 188 64 69 199 74 202 205 79 86 214 90 218 94 222 229 103 106 234 109 239 244 120 122 250 124
2 138 11 139 140 145 146 19 147 148 149 150 151 152 153 27 154 156 157 158 159 160 36 170 43 172 171 53 185 59 187 189 70 200 75 203 206 80 87 215 91 219 95 223 230 104 107 235 110 240 245 121 123 251 125
3 139 12 140 141 145 146 147 20 148 149 150 151 152 153 154 28 155 157 158 159 160 37 171 44 173 172 54 186 60 188 190 71 201 76 204 207 88 216 92 220 96 224 231 105 108 236 111 246 122 124 252 126
4 140 13 141 142 145 146 147 148 21 149 150 151 152 153 154 155 29 156 158 159 160 38 172 45 174 173 55 187 61 189 191 72 202 77 205 208 89 217 93 221 232 106 109 237 112 247 123 125 253 127
128 5 141 14 142 143 145 146 147 148 149 22 150 151 152 153 154 155 156 30 157 159 160 39 173 46 175 174 56 188 62 190 192 73 203 78 206 90 218 94 222 233 107 110 238 248 124 126 254
255 6 142 15 143 144 145 146 147 148 149 23 150 151 152 153 154 155 156 31 157 158 160 40 174 47 176 175 57 189 63 191 74 204 79 207 91 219 95 223 234 108 111 239 249 125 127
128 256 7 143 16 144 145 146 147 148 149 150 24 151 152 153 154 155 156 157 32 158 159 41 175 48 176 58 190 64 192 75 205 80 208 92 220 96 224 235 109 112 240 250 126
1 129 131 11 17 145 146 26 33 162 163 164 165 166 167 168 41 169 170 171 172 173 174 175 49 178 176 177 56 65 193 195 71 81 209 212 86 97 225 101 229 113 241 116 246
2 130 132 12 145 18 146 147 27 161 34 163 164 165 166 167 168 169 42 170 171 172 173 174 175 177 50 179 176 178 57 66 194 196 72 82 210 213 87 98 226 102 230 114 242 117 247
129 3 131 133 13 146 19 147 148 28 161 162 35 164 165 166 167 168 169 170 43 171 172 173 174 175 176 178 51 180 179 58 193 67 195 197 73 83 211 214 88 99 227 103 231 115 243 118 248
130 4 132 134 14 147 20 148 149 29 161 162 163 36 165 166 167 168 169 170 171 44 172 173 174 175 176 179 52 181 180 59 194 68 196 198 74 209 84 212 215 89 100 228 104 232 113 116 244 119 249
131 5 133 135 15 148 21 149 150 30 161 162 163 164 37 166 167 168 169 170 171 172 45 173 174 175 176 180 53 182 181 60 195 69 197 199 75 210 85 213 216 90 97 225 101 229 105 233 114 117 245 120 250
132 6 134 136 16 149 22 150 151 31 161 162 163 164 165 38 167 168 169 170 171 172 173 46 174 175 176 181 54 183 182 61 196 70 198 200 76 81 211 86 214 217 91 98 226 102 230 106 234 241 115 118 246 121 251
133 7 135 137 150 23 151 152 32 161 162 163 164 165 166 39 168 169 170 171 172 173 174 47 175 176 182 55 184 183 62 65 197 71 199 201 77 82 212 87 215 218 92 99 227 103 231 107 235 242 116 119 247 122 252
134 8 136 138 151 24 152 153 161 162 163 164 165 166 167 40 169 170 171 172 173 174 175 48 49 176 183 56 185 184 63 66 198 72 200 202 78 83 213 88 216 219 93 100 228 104 232 108 236 243 117 120 248 123 253
135 9 137 139 152 25 153 154 33 161 162 163 164 165 166 167 41 168 170 171 172 173 174 175 176 50 184 57 186 185 64 67 199 73 201 203 79 84 214 89 217 220 94 101 229 105 233 109 237 244 118 121 249 124 254
136 10 138 140 17 153 26 154 155 161 34 162 163 164 165 166 167 168 42 169 171 172 173 174 175 176 51 185 58 187 186 68 200 74 202 204 80 85 215 90 218 221 95 102 230 106 234 110 238 245 119 122 250 125 255
256 1 137 11 139 141 18 154 27 155 156 161 162 35 163 164 165 166 167 168 169 43 170 172 173 174 175 176 52 186 59 188 187 69 201 75 203 205 86 216 91 219 222 96 103 231 107 235 111 239 246 120 123 251 126
2 138 12 140 142 19 155 28 156 157 161 162 163 36 164 165 166 167 168 169 170 44 171 173 174 175 176 53 187 60 189 188 70 202 76 204 206 87 217 92 220 223 104 232 108 236 112 240 247 121 124 252 127
128 3 139 13 141 143 20 156 157 29 158 161 162 163 164 37 165 166 167 168 169 170 171 45 172 174 175 176 54 188 61 190 189 71 203 77 205 207 88 218 93 221 224 105 233 109 237 248 122 125 253
4 140 14 142 144 21 157 158 159 30 161 162 163 164 165 38 166 167 168 169 170 171 172 46 173 175 176 55 189 62 191 190 72 204 78 206 208 89 219 94 222 106 234 110 238 249 123 126 254
255 5 141 15 143 22 158 159 160 161 31 162 163 164 165 39 166 167 168 169 170 171 172 47 173 174 176 56 190 63 192 191 73 205 79 207 90 220 95 223 107 235 111 239 250 124 127
128 256 6 142 16 144 23 159 32 160 161 162 163 164 165 166 40 167 168 169 170 171 172 173 48 174 175 57 191 64 192 74 206 80 208 91 221 96 224 108 236 112 240 251 125
1 129 132 12 17 145 147 27 33 161 162 42 49 178 179 180 181 182 183 184 57 185 186 187 188 189 190 191 65 194 192 193 72 81 209 211 87 97 225 228 102 113 241 117 245
2 130 133 13 18 146 148 28 161 34 162 163 43 177 50 179 180 181 182 183 184 185 58 186 187 188 189 190 191 193 66 195 192 194 73 82 210 212 88 98 226 229 103 114 242 118 246
3 131 134 14 145 19 147 149 29 162 35 163 164 44 177 178 51 180 181 182 183 184 185 186 59 187 188 189 190 191 192 194 67 196 195 74 209 83 211 213 89 99 227 230 104 115 243 119 247
129 4 132 135 15 146 20 148 150 30 163 36 164 165 45 177 178 179 52 181 182 183 184 185 186 187 60 188 189 190 191 192 195 68 197 196 75 210 84 212 214 90 225 100 228 231 105 116 244 120 248
130 5 133 136 16 147 21 149 151 31 164 37 165 166 46 177 178 179 180 53 182 183 184 185 186 187 188 61 189 190 191 192 196 69 198 197 76 211 85 213 215 91 226 101 229 232 106 113 241 117 245 121 249
131 6 134 137 148 22 150 152 32 165 38 166 167 47 177 178 179 180 181 54 183 184 185 186 187 188 189 62 190 191 192 197 70 199 198 77 212 86 214 216 92 97 227 102 230 233 107 114 242 118 246 122 250
132 7 135 138 149 23 151 153 166 39 167 168 48 177 178 179 180 181 182 55 184 185 186 187 188 189 190 63 191 192 198 71 200 199 78 81 213 87 215 217 93 98 228 103 231 234 108 115 243 119 247 123 251
133 8 136 139 150 24 152 154 167 40 168 169 177 178 179 180 181 182 183 56 185 186 187 188 189 190 191 64 65 192 199 72 201 200 79 82 214 88 216 218 94 99 229 104 232 235 109 116 244 120 248 124 252
134 9 137 140 151 25 153 155 168 41 169 170 49 177 178 179 180 181 182 183 57 184 186 187 188 189 190 191 192 66 200 73 202 201 80 83 215 89 217 219 95 100 230 105 233 236 110 117 245 121 249 125 253
135 10 138 141 152 26 154 156 33 169 42 170 171 177 50 178 179 180 181 182 183 184 58 185 187 188 189 190 191 192 67 201 74 203 202 84 216 90 218 220 96 101 231 106 234 237 111 118 246 122 250 126 254
255 136 11 139 142 17 153 155 27 157 34 170 43 171 172 177 178 51 179 180 181 182 183 184 185 59 186 188 189 190 191 192 68 202 75 204 203 85 217 91 219 221 102 232 107 235 238 112 119 247 123 251 127
128 1 256 137 12 140 143 18 154 156 28 158 35 171 44 172 173 177 178 179 52 180 181 182 183 184 185 186 60 187 189 190 191 192 69 203 76 205 204 86 218 92 220 222 103 233 108 236 239 120 248 124 252
2 138 13 141 144 19 155 157 29 159 36 172 45 173 174 177 178 179 180 53 181 182 183 184 185 186 187 61 188 190 191 192 70 204 77 206 205 87 219 93 221 223 104 234 109 237 240 121 249 125 253
3 139 14 142 20 156 158 30 160 37 173 46 174 175 177 178 179 180 181 54 182 183 184 185 186 187 188 62 189 191 192 71 205 78 207 206 88 220 94 222 224 105 235 110 238 122 250 126 254
255 4 140 15 143 21 157 159 31 38 174 47 175 176 177 178 179 180 181 55 182 183 184 185 186 187 188 63 189 190 192 72 206 79 208 207 89 221 95 223 106 236 111 239 123 251 127
128 256 5 141 16 144 22 158 32 160 39 175 48 176 177 178 179 180 181 182 56 183 184 185 186 187 188 189 64 190 191 73 207 80 208 90 222 96 224 107 237 112 240 124 252
1 129 133 13 17 145 148 28 33 161 163 43 49 177 178 58 65 194 195 196 197 198 199 200 73 201 202 203 204 205 206 207 81 210 208 209 88 97 225 227 103 113 241 244 118
2 130 134 14 18 146 149 29 34 162 164 44 177 50 178 179 59 193 66 195 196 197 198 199 200 201 74 202 203 204 205 206 207 209 82 211 208 210 89 98 226 228 104 114 242 245 119
3 131 135 15 19 147 150 30 161 35 163 165 45 178 51 179 180 60 193 194 67 196 197 198 199 200 201 202 75 203 204 205 206 207 208 210 83 212 211 90 225 99 227 229 105 115 243 246 120
4 132 136 16 145 20 148 151 31 162 36 164 166 46 179 52 180 181 61 193 194 195 68 197 198 199 200 201 202 203 76 204 205 206 207 208 211 84 213 212 91 226 100 228 230 106 241 116 244 247 121
129 5 133 137 146 21 149 152 32 163 37 165 167 47 180 53 181 182 62 193 194 195 196 69 198 199 200 201 202 203 204 77 205 206 207 208 212 85 214 213 92 227 101 229 231 107 242 117 245 248 122
130 6 134 138 147 22 150 153 164 38 166 168 48 181 54 182 183 63 193 194 195 196 197 70 199 200 201 202 203 204 205 78 206 207 208 213 86 215 214 93 228 102 230 232 108 113 243 118 246 249 123
131 7 135 139 148 23 151 154 165 39 167 169 182 55 183 184 64 193 194 195 196 197 198 71 200 201 202 203 204 205 206 79 207 208 214 87 216 215 94 97 229 103 231 233 109 114 244 119 247 250 124
132 8 136 140 149 24 152 155 166 40 168 170 183 56 184 185 193 194 195 196 197 198 199 72 201 202 203 204 205 206 207 80 81 208 215 88 217 216 95 98 230 104 232 234 110 115 245 120 248 251 125
133 9 137 141 150 25 153 156 167 41 169 171 184 57 185 186 65 193 194 195 196 197 198 199 73 200 202 203 204 205 206 207 208 82 216 89 218 217 96 99 231 105 233 235 111 116 246 121 249 252 126
134 10 138 142 151 26 154 157 168 42 170 172 49 185 58 186 187 193 66 194 195 196 197 198 199 200 74 201 203 204 205 206 207 208 83 217 90 219 218 100 232 106 234 236 112 117 247 122 250 253 127
128 135 11 139 143 152 27 155 158 33 169 43 171 173 50 186 59 187 188 193 194 67 195 196 197 198 199 200 201 75 202 204 205 206 207 208 84 218 91 220 219 101 233 107 235 237 118 248 123 251 254
136 12 140 144 17 153 156 28 159 34 170 44 172 174 51 187 60 188 189 193 194 195 68 196 197 198 199 200 201 202 76 203 205 206 207 208 85 219 92 221 220 102 234 108 236 238 119 249 124 252 255
256 1 137 13 141 18 154 157 29 160 35 171 45 173 175 52 188 61 189 190 193 194 195 196 69 197 198 199 200 201 202 203 77 204 206 207 208 86 220 93 222 221 103 235 109 237 239 120 250 125 253
2 138 14 142 19 155 158 30 36 172 46 174 176 53 189 62 190 191 193 194 195 196 197 70 198 199 200 201 202 203 204 78 205 207 208 87 221 94 223 222 104 236 110 238 240 121 251 126 254
255 3 139 15 143 20 156 159 31 37 173 47 175 54 190 63 191 192 193 194 195 196 197 71 198 199 200 201 202 203 204 79 205 206 208 88 222 95 224 223 105 237 111 239 122 252 127
128 256 4 140 16 144 21 157 32 160 38 174 48 176 55 191 64 192 193 194 195 196 197 198 72 199 200 201 202 203 204 205 80 206 207 89 223 96 224 106 238 112 240 123 253
1 129 134 14 17 145 149 29 33 161 164 44 49 177 179 59 65 193 194 74 81 210 211 212 213 214 215 216 89 217 218 219 220 221 222 223 97 226 224 225 104 113 241 243 119
2 130 135 15 18 146 150 30 34 162 165 45 50 178 180 60 193 66 194 195 75 209 82 211 212 213 214 215 216 217 90 218 219 220 221 222 223 225 98 227 224 226 105 114 242 244 120
3 131 136 16 19 147 151 31 35 163 166 46 177 51 179 181 61 194 67 195 196 76 209 210 83 212 213 214 215 216 217 218 91 219 220 221 222 223 224 226 99 228 227 106 241 115 243 245 121
4 132 137 20 148 152 32 161 36 164 167 47 178 52 180 182 62 195 68 196 197 77 209 210 211 84 213 214 215 216 217 218 219 92 220 221 222 223 224 227 100 229 228 107 242 116 244 246 122
5 133 138 145 21 149 153 162 37 165 168 48 179 53 181 183 63 196 69 197 198 78 209 210 211 212 85 214 215 216 217 218 219 220 93 221 222 223 224 228 101 230 229 108 243 117 245 247 123
129 6 134 139 146 22 150 154 163 38 166 169 180 54 182 184 64 197 70 198 199 79 209 210 211 212 213 86 215 216 217 218 219 220 221 94 222 223 224 229 102 231 230 109 244 118 246 248 124
130 7 135 140 147 23 151 155 164 39 167 170 181 55 183 185 198 71 199 200 80 209 210 211 212 213 214 87 216 217 218 219 220 221 222 95 223 224 230 103 232 231 110 113 245 119 247 249 125
131 8 136 141 148 24 152 156 165 40 168 171 182 56 184 186 199 72 200 201 209 210 211 212 213 214 215 88 217 218 219 220 221 222 223 96 97 224 231 104 233 232 111 114 246 120 248 250 126
132 9 137 142 149 25 153 157 166 41 169 172 183 57 185 187 200 73 201 202 81 209 210 211 212 213 214 215 89 216 218 219 220 221 222 223 224 98 232 105 234 233 112 115 247 121 249 251 127
128 133 10 138 143 150 26 154 158 167 42 170 173 184 58 186 188 65 201 74 202 203 209 82 210 211 212 213 214 215 216 90 217 219 220 221 222 223 224 99 233 106 235 234 116 248 122 250 252
134 11 139 144 151 27 155 159 168 43 171 174 49 185 59 187 189 66 202 75 203 204 209 210 83 211 212 213 214 215 216 217 91 218 220 221 222 223 224 100 234 107 236 235 117 249 123 251 253
135 12 140 152 156 28 160 33 169 44 172 175 50 186 60 188 190 67 203 76 204 205 209 210 211 84 212 213 214 215 216 217 218 92 219 221 222 223 224 101 235 108 237 236 118 250 124 252 254
136 13 141 17 153 157 29 34 170 45 173 176 51 187 61 189 191 68 204 77 205 206 209 210 211 212 85 213 214 215 216 217 218 219 93 220 222 223 224 102 236 109 238 237 119 251 125 253 255
256 1 137 14 142 18 154 158 30 35 171 46 174 52 188 62 190 192 69 205 78 206 207 209 210 211 212 213 86 214 215 216 217 218 219 220 94 221 223 224 103 237 110 239 238 120 252 126 254
255 2 138 15 143 19 155 159 31 36 172 47 175 53 189 63 191 70 206 79 207 208 209 210 211 212 213 87 214 215 216 217 218 219 220 95 221 222 224 104 238 111 240 239 121 253 127
128 256 3 139 16 144 20 156 32 160 37 173 48 176 54 190 64 192 71 207 80 208 209 210 211 212 213 214 88 215 216 217 218 219 220 221 96 222 223 105 239 112 240 122 254
1 129 135 15 17 145 150 30 33 161 165 45 49 177 180 60 65 193 195 75 81 209 210 90 97 226 227 228 229 230 231 232 105 233 234 235 236 237 238 239 113 242 240 241 120
2 130 136 16 18 146 151 31 34 162 166 46 50 178 181 61 66 194 196 76 209 82 210 211 91 225 98 227 228 229 230 231 232 233 106 234 235 236 237 238 239 241 114 243 240 242 121
3 131 137 19 147 152 32 35 163 167 47 51 179 182 62 193 67 195 197 77 210 83 211 212 92 225 226 99 228 229 230 231 232 233 234 107 235 236 237 238 239 240 242 115 244 243 122
4 132 138 20 148 153 36 164 168 48 177 52 180 183 63 194 68 196 198 78 211 84 212 213 93 225 226 227 100 229 230 231 232 233 234 235 108 236 237 238 239 240 243 116 245 244 123
5 133 139 21 149 154 161 37 165 169 178 53 181 184 64 195 69 197 199 79 212 85 213 214 94 225 226 227 228 101 230 231 232 233 234 235 236 109 237 238 239 240 244 117 246 245 124
6 134 140 145 22 150 155 162 38 166 170 179 54 182 185 196 70 198 200 80 213 86 214 215 95 225 226 227 228 229 102 231 232 233 234 235 236 237 110 238 239 240 245 118 247 246 125
129 7 135 141 146 23 151 156 163 39 167 171 180 55 183 186 197 71 199 201 214 87 215 216 96 225 226 227 228 229 230 103 232 233 234 235 236 237 238 111 239 240 246 119 248 247 126
130 8 136 142 147 24 152 157 164 40 168 172 181 56 184 187 198 72 200 202 215 88 216 217 225 226 227 228 229 230 231 104 233 234 235 236 237 238 239 112 113 240 247 120 249 248 127
128 131 9 137 143 148 25 153 158 165 41 169 173 182 57 185 188 199 73 201 203 216 89 217 218 97 225 226 227 228 229 230 231 105 232 234 235 236 237 238 239 240 114 248 121 250 249
132 10 138 144 149 26 154 159 166 42 170 174 183 186 58 189 200 74 202 204 81 217 90 218 219 225 98 226 227 228 229 230 231 232 106 233 235 236 237 238 239 240 115 249 122 251 250
133 11 139 150 27 155 160 167 43 171 175 184 187 59 190 65 201 75 203 205 82 218 91 219 220 225 226 99 227 228 229 230 231 232 233 107 234 236 237 238 239 240 116 250 123 252 251
134 12 140 151 156 28 168 44 172 176 49 185 188 60 191 66 202 76 204 206 83 219 92 220 221 225 226 227 100 228 229 230 231 232 233 234 108 235 237 238 239 240 117 251 124 253 252
135 13 141 152 157 29 33 169 45 173 50 186 189 61 192 67 203 77 205 207 84 220 93 221 222 225 226 227 228 101 229 230 231 232 233 234 235 109 236 238 239 240 118 252 125 254 253
254 136 14 142 17 153 158 30 34 170 46 174 51 187 62 190 68 204 78 206 208 85 221 94 222 223 225 226 227 228 229 102 230 231 232 233 234 235 236 110 237 239 240 119 253 126 255
256 1 255 137 15 143 18 154 159 31 35 171 47 175 52 188 63 191 69 205 79 207 86 222 95 223 224 225 226 227 228 229 103 230 231 232 233 234 235 236 111 237 238 240 120 254 127
128 256 2 138 16 144 19 155 32 160 36 172 48 176 53 189 64 192 70 206 80 208 87 223 96 224 225 226 227 228 229 230 104 231 232 233 234 235 236 237 112 238 239 121 255
255 1 129 256 136 16 17 145 151 31 33 161 166 46 49 177 181 61 65 193 196 76 81 209 211 91 97 225 226 106 113 242 243 244 245 246 247 248 121 249 250 251 252 253 254
255 256 2 130 137 18 146 152 32 34 162 167 47 50 178 182 62 66 194 197 77 82 210 212 92 225 98 226 227 107 241 114 243 244 245 246 247 248 249 122 250 251 252 253 254
255 256 3 131 138 19 147 153 35 163 168 48 51 179 183 63 67 195 198 78 209 83 211 213 93 226 99 227 228 108 241 242 115 244 245 246 247 248 249 250 123 251 252 253 254
255 256 4 132 139 20 148 154 36 164 169 52 180 184 64 193 68 196 199 79 210 84 212 214 94 227 100 228 229 109 241 242 243 116 245 246 247 248 249 250 251 124 252 253 254
255 256 5 133 140 21 149 155 37 165 170 177 53 181 185 194 69 197 200 80 211 85 213 215 95 228 101 229 230 110 241 242 243 244 117 246 247 248 249 250 251 252 125 253 254
255 256 6 134 141 22 150 156 161 38 166 171 178 54 182 186 195 70 198 201 212 86 214 216 96 229 102 230 231 111 241 242 243 244 245 118 247 248 249 250 251 252 253 126 254
255 256 7 135 142 145 23 151 157 162 39 167 172 179 55 183 187 196 71 199 202 213 87 215 217 230 103 231 232 112 241 242 243 244 245 246 119 248 249 250 251 252 253 254 127
128 129 256 8 136 143 146 24 152 158 163 40 168 173 180 56 184 188 197 72 200 203 214 88 216 218 231 104 232 233 241 242 243 244 245 246 247 120 249 250 251 252 253 254 255
255 256 130 9 137 144 147 25 153 159 164 41 169 174 181 57 185 189 198 73 201 204 215 89 217 219 232 105 233 234 113 241 242 243 244 245 246 247 121 248 250 251 252 253 254
255 256 131 10 138 148 26 154 160 165 42 170 175 182 58 186 190 199 74 202 205 216 90 218 220 97 233 106 234 235 241 114 242 243 244 245 246 247 248 122 249 251 252 253 254
255 256 132 11 139 149 27 155 166 43 171 176 183 187 59 191 200 75 203 206 81 217 91 219 221 98 234 107 235 236 241 242 115 243 244 245 246 247 248 249 123 250 252 253 254
255 256 133 12 140 150 156 28 167 44 172 184 188 60 192 65 201 76 204 207 82 218 92 220 222 99 235 108 236 237 241 242 243 116 244 245 246 247 248 249 250 124 251 253 254
255 256 134 13 141 151 157 29 168 45 173 49 185 189 61 66 202 77 205 208 83 219 93 221 223 100 236 109 237 238 241 242 243 244 117 245 246 247 248 249 250 251 125 252 254
255 256 135 14 142 152 158 30 33 169 46 174 50 186 190 62 67 203 78 206 84 220 94 222 224 101 237 110 238 239 241 242 243 244 245 118 246 247 248 249 250 251 252 126 253
253 254 256 136 15 143 17 153 159 31 34 170 47 175 51 187 63 191 68 204 79 207 85 221 95 223 102 238 111 239 240 241 242 243 244 245 119 246 247 248 249 250 251 252 127
128 1 254 255 137 16 144 18 154 32 160 35 171 48 176 52 188 64 192 69 205 80 208 86 222 96 224 103 239 112 240 241 242 243 244 245 246 120 247 248 249 250 251 252 253
