95 755
2 4 7 9 13 15 18 20 25 27 30 32 36 38 41 43 49 51 54 56 60 62 65 67 72 74 77 79 83 85 88 90
1 3 6 8 12 14 17 19 24 26 29 31 35 37 40 42 48 50 53 55 59 61 64 66 71 73 76 78 82 84 87 89
2 5 7 10 13 16 18 21 25 28 30 33 36 39 41 44 49 52 54 57 60 63 65 68 72 75 77 80 83 86 88 91
1 5 6 10 12 16 17 21 24 28 29 33 35 39 40 44 48 52 53 57 59 63 64 68 71 75 76 80 82 86 87 91
3 4 8 9 14 15 19 20 26 27 31 32 37 38 42 43 50 51 55 56 61 62 66 67 73 74 78 79 84 85 89 90
2 4 11 13 15 22 25 27 34 36 38 45 49 51 58 60 62 69 72 74 81 83 85 92
1 3 11 12 14 22 24 26 34 35 37 45 48 50 58 59 61 69 71 73 81 82 84 92
2 5 11 13 16 22 25 28 34 36 39 45 49 52 58 60 63 69 72 75 81 83 86 92
1 5 11 12 16 22 24 28 34 35 39 45 48 52 58 59 63 69 71 75 81 82 86 92
3 4 11 14 15 22 26 27 34 37 38 45 50 51 58 61 62 69 73 74 81 84 85 92
6 7 8 9 10 17 18 19 20 21 29 30 31 32 33 40 41 42 43 44 53 54 55 56 57 64 65 66 67 68 76 77 78 79 80 87 88 89 90 91
32 2 4 70 7 72 9 74 77 46 79 49 51 54 23 56 25 27 93 30
1 3 6 70 8 71 73 76 46 78 48 50 53 23 24 55 26 29 93 31
33 2 5 70 7 72 10 75 77 46 80 49 52 54 23 25 57 28 93 30
1 33 5 6 70 71 10 75 76 46 48 80 52 53 23 24 57 28 29 93
32 3 4 70 8 9 73 74 46 78 79 50 51 23 55 56 26 27 93 31
2 34 4 70 72 74 11 46 49 81 51 23 25 58 27 93
1 34 3 70 71 73 11 46 48 81 50 23 24 26 58 93
2 34 5 70 72 11 75 46 49 81 52 23 25 58 28 93
1 34 5 70 71 11 75 46 48 81 52 23 24 58 28 93
34 3 4 70 73 74 11 46 81 50 51 23 26 27 58 93
6 7 8 9 10 23 29 30 31 32 33 46 53 54 55 56 57 70 76 77 78 79 80 93
12 13 14 15 16 17 18 19 20 21 22 35 36 37 38 39 40 41 42 43 44 45 59 60 61 62 63 64 65 66 67 68 69 82 83 84 85 86 87 88 89 90 91 92
65 2 67 4 7 9 13 15 47 49 18 51 20 54 56 60 62 94
64 1 66 3 6 8 12 14 47 48 17 50 19 53 55 59 61 94
65 2 68 5 7 10 13 47 16 49 18 52 21 54 57 60 94 63
64 1 68 5 6 10 12 47 16 17 48 52 21 53 57 59 94 63
66 3 4 67 8 9 14 15 47 50 19 20 51 55 56 61 62 94
2 4 69 11 13 15 47 49 51 22 58 60 62 94
1 3 69 11 12 14 47 48 50 22 58 59 61 94
2 5 69 11 13 47 16 49 52 22 58 60 94 63
1 5 69 11 12 47 16 48 52 22 58 59 94 63
3 4 69 11 14 15 47 50 51 22 58 61 62 94
6 7 8 9 10 17 18 19 20 21 47 53 54 55 56 57 64 65 66 67 68 94
2 4 70 7 9 47 49 51 54 23 56 94
1 3 6 70 8 47 48 50 53 23 55 94
2 5 70 7 10 47 49 52 54 23 57 94
1 5 6 70 10 47 48 52 53 23 57 94
3 4 70 8 9 47 50 51 23 55 56 94
2 4 70 11 47 49 51 23 58 94
1 3 70 11 47 48 50 23 58 94
2 5 70 11 47 49 52 23 58 94
1 5 70 11 47 48 52 23 58 94
3 4 70 11 47 50 51 23 58 94
6 7 8 9 10 70 47 53 54 23 55 56 57 94
12 13 14 15 16 17 18 19 20 21 22 47 59 60 61 62 63 64 65 66 67 68 69 94
24 25 26 27 28 29 30 31 32 33 34 35 36 37 38 39 40 41 42 43 44 45 46 71 72 73 74 75 76 77 78 79 80 81 82 83 84 85 86 87 88 89 90 91 92 93
32 2 4 36 38 7 9 41 43 13 15 18 20 25 27 30 95
95 1 3 35 37 6 8 40 42 12 14 17 19 24 26 29 31
33 2 36 5 7 39 41 10 44 13 16 18 21 25 28 30 95
1 33 35 5 6 39 40 10 12 44 16 17 21 24 28 29 95
32 95 3 4 37 38 8 9 42 43 14 15 19 20 26 27 31
2 34 4 36 38 11 13 45 15 22 25 27 95
1 34 3 35 37 11 12 45 14 22 24 26 95
2 34 36 5 39 11 13 45 16 22 25 28 95
1 34 35 5 39 11 12 45 16 22 24 28 95
34 3 4 37 38 11 45 14 15 22 26 27 95
32 33 95 6 7 8 9 10 40 41 42 43 44 17 18 19 20 21 29 30 31
32 2 4 7 9 46 23 25 27 30 95
95 1 3 6 8 46 23 24 26 29 31
33 2 5 7 10 46 23 25 28 30 95
1 33 5 6 10 46 23 24 28 29 95
32 95 3 4 8 9 46 23 26 27 31
2 34 4 11 46 23 25 27 95
1 34 3 11 46 23 24 26 95
2 34 5 11 46 23 25 28 95
1 34 5 11 46 23 24 28 95
34 3 4 11 46 23 26 27 95
32 33 95 6 7 8 9 10 46 23 29 30 31
12 13 14 15 16 17 18 19 20 21 22 35 36 37 38 39 40 41 42 43 44 45 95
2 4 7 9 13 15 47 18 20 95
1 3 6 8 12 14 47 17 19 95
2 5 7 10 13 47 16 18 21 95
1 5 6 10 12 47 16 17 21 95
3 4 8 9 14 15 47 19 20 95
2 4 11 13 15 47 22 95
1 3 11 12 14 47 22 95
2 5 11 13 47 16 22 95
1 5 11 12 47 16 22 95
3 4 11 14 15 47 22 95
6 7 8 9 10 47 17 18 19 20 21 95
2 4 7 9 47 23 95
1 3 6 8 47 23 95
2 5 7 10 47 23 95
1 5 6 10 47 23 95
3 4 8 9 47 23 95
2 4 11 47 23 95
1 3 11 47 23 95
2 5 11 47 23 95
1 5 11 47 23 95
3 4 11 47 23 95
6 7 8 9 10 47 23 95
12 13 14 15 16 17 18 19 20 21 22 47 95
24 25 26 27 28 29 30 31 32 33 34 35 36 37 38 39 40 41 42 43 44 45 46 95
48 49 50 51 52 53 54 55 56 57 58 59 60 61 62 63 64 65 66 67 68 69 70 71 72 73 74 75 76 77 78 79 80 81 82 83 84 85 86 87 88 89 90 91 92 93 94
