191 2360
2 131 4 133 7 136 9 138 13 15 144 18 146 20 149 151 25 27 155 157 30 32 160 162 36 38 167 41 169 43 172 174 49 178 51 180 54 183 56 185 60 62 65 67 72 74 77 79 83 85 88 90 97 99 102 104 108 110 113 115 120 122 125 127
1 130 3 132 6 135 8 137 12 14 143 17 145 19 148 150 24 26 154 156 29 31 159 161 35 37 166 40 168 42 171 173 48 177 50 179 53 182 55 184 59 61 64 66 71 73 76 78 82 84 87 89 96 98 101 103 107 109 112 114 119 121 124 126
128 2 131 5 134 7 136 10 139 13 16 144 18 147 21 149 152 25 155 28 30 158 160 33 163 36 39 167 41 170 44 172 175 49 178 52 181 54 183 57 186 60 63 65 68 72 75 77 80 83 86 88 91 97 100 102 105 108 111 113 116 120 123 125
128 1 130 5 6 134 135 10 139 12 143 16 17 147 148 21 24 152 154 28 29 158 159 33 35 163 166 39 40 170 171 44 175 48 177 52 53 181 182 57 186 59 63 64 68 71 75 76 80 82 86 87 91 96 100 101 105 107 111 112 116 119 123 124
3 4 132 133 8 9 137 138 14 15 145 146 19 20 150 151 26 27 156 157 31 32 161 162 37 38 168 169 42 43 173 174 50 51 179 180 55 56 184 185 61 62 66 67 73 74 78 79 84 85 89 90 98 99 103 104 109 110 114 115 121 122 126 127
129 2 131 4 133 11 140 13 15 144 146 22 25 153 27 155 157 34 36 164 38 167 169 45 176 49 178 51 180 58 187 60 62 69 72 74 81 83 85 92 97 99 106 108 110 117 120 122
1 129 3 130 132 11 12 140 14 143 145 22 24 153 26 154 156 34 35 164 37 166 168 45 48 176 50 177 179 58 59 187 61 69 71 73 81 82 84 92 96 98 106 107 109 117 119 121
129 2 131 5 134 11 140 13 16 144 147 22 25 153 155 28 158 34 36 164 39 167 170 45 176 49 178 52 181 58 187 60 63 69 72 75 81 83 86 92 97 100 106 108 111 117 120 123
1 129 130 5 134 11 12 140 143 16 147 22 24 153 154 28 158 34 35 164 166 39 170 45 48 176 177 52 181 58 59 187 63 69 71 75 81 82 86 92 96 100 106 107 111 117 119 123
129 3 4 132 133 11 140 14 15 145 146 22 153 26 27 156 157 34 164 37 38 168 169 45 176 50 51 179 180 58 187 61 62 69 73 74 81 84 85 92 98 99 106 109 110 117 121 122
128 6 7 8 9 10 135 136 137 138 139 17 18 19 20 21 148 149 150 151 152 29 30 31 32 33 159 160 161 162 163 40 41 42 43 44 171 172 173 174 175 53 54 55 56 57 182 183 184 185 186 64 65 66 67 68 76 77 78 79 80 87 88 89 90 91 101 102 103 104 105 112 113 114 115 116 124 125 126 127
2 4 7 9 141 144 146 149 23 151 25 27 30 32 165 167 169 172 46 174 49 51 54 56 188 70 72 74 77 79 93 97 99 102 104 118 120 122 125 127
1 3 6 8 141 143 145 148 150 23 24 26 29 31 165 166 168 171 173 46 48 50 53 55 188 70 71 73 76 78 93 96 98 101 103 118 119 121 124 126
128 2 5 7 10 141 144 147 149 23 152 25 28 30 33 165 167 170 172 46 175 49 52 54 57 188 70 72 75 77 80 93 97 100 102 105 118 120 123 125
128 1 5 6 10 141 143 147 148 23 24 152 28 29 33 165 166 170 171 46 175 48 52 53 57 188 70 71 75 76 80 93 96 100 101 105 118 119 123 124
3 4 8 9 141 145 146 150 23 151 26 27 31 32 165 168 169 173 46 174 50 51 55 56 188 70 73 74 78 79 93 98 99 103 104 118 121 122 126 127
129 2 4 11 141 144 146 23 25 153 27 34 165 167 169 46 176 49 51 58 188 70 72 74 81 93 97 99 106 118 120 122
1 129 3 11 141 143 145 23 24 153 26 34 165 166 168 46 48 176 50 58 188 70 71 73 81 93 96 98 106 118 119 121
129 2 5 11 141 144 147 23 25 153 28 34 165 167 170 46 176 49 52 58 188 70 72 75 81 93 97 100 106 118 120 123
1 129 5 11 141 143 147 23 24 153 28 34 165 166 170 46 48 176 52 58 188 70 71 75 81 93 96 100 106 118 119 123
129 3 4 11 141 145 146 23 153 26 27 34 165 168 169 46 176 50 51 58 188 70 73 74 81 93 98 99 106 118 121 122
128 6 7 8 9 10 141 148 149 150 23 151 152 29 30 31 32 33 165 171 172 173 46 174 175 53 54 55 56 57 188 70 76 77 78 79 80 93 101 102 103 104 105 118 124 125 126 127
12 13 14 15 16 17 18 19 20 21 22 35 36 37 38 39 40 41 42 43 44 45 59 60 61 62 63 64 65 66 67 68 69 82 83 84 85 86 87 88 89 90 91 92 107 108 109 110 111 112 113 114 115 116 117 130 131 132 133 134 135 136 137 138 139 140 154 155 156 157 158 159 160 161 162 163 164 177 178 179 180 181 182 183 184 185 186 187
2 4 7 9 13 142 15 144 18 146 20 149 151 155 157 160 162 47 49 51 54 56 60 189 62 65 67 94 97 99 102 104 108 110 113 115
1 3 6 8 12 14 142 143 17 145 19 148 150 154 156 159 161 47 48 50 53 55 59 61 189 64 66 94 96 98 101 103 107 109 112 114
2 5 7 10 13 142 16 144 18 147 21 149 152 155 158 160 163 47 49 52 54 57 60 189 63 65 68 94 97 100 102 105 108 111 113 116
1 5 6 10 12 142 143 16 17 147 148 21 152 154 158 159 163 47 48 52 53 57 59 189 63 64 68 94 96 100 101 105 107 111 112 116
3 4 8 9 14 15 142 145 146 19 20 150 151 156 157 161 162 47 50 51 55 56 61 62 189 66 67 94 98 99 103 104 109 110 114 115
2 4 11 13 142 15 144 146 22 153 155 157 164 47 49 51 58 60 189 62 69 94 97 99 106 108 110 117
1 3 11 12 14 142 143 145 22 153 154 156 164 47 48 50 58 59 61 189 69 94 96 98 106 107 109 117
2 5 11 13 142 16 144 147 22 153 155 158 164 47 49 52 58 60 189 63 69 94 97 100 106 108 111 117
1 5 11 12 142 143 16 147 22 153 154 158 164 47 48 52 58 59 189 63 69 94 96 100 106 107 111 117
3 4 11 14 15 142 145 146 22 153 156 157 164 47 50 51 58 61 62 189 69 94 98 99 106 109 110 117
6 7 8 9 10 142 17 18 19 20 21 148 149 150 151 152 159 160 161 162 163 47 53 54 55 56 57 189 64 65 66 67 68 94 101 102 103 104 105 112 113 114 115 116
2 4 7 9 142 144 146 149 23 151 165 47 49 51 54 56 189 70 94 97 99 102 104 118
1 3 6 8 142 143 145 148 150 23 165 47 48 50 53 55 189 70 94 96 98 101 103 118
2 5 7 10 142 144 147 149 23 152 165 47 49 52 54 57 189 70 94 97 100 102 105 118
1 5 6 10 142 143 147 148 23 152 165 47 48 52 53 57 189 70 94 96 100 101 105 118
3 4 8 9 142 145 146 150 23 151 165 47 50 51 55 56 189 70 94 98 99 103 104 118
97 2 99 4 165 70 106 11 142 47 144 49 146 51 118 23 153 58 189 94
96 1 98 3 165 70 106 11 142 47 48 143 50 145 118 23 153 58 189 94
97 2 100 5 70 165 106 11 142 47 144 49 147 52 118 23 153 58 189 94
96 1 100 5 70 165 106 11 142 47 48 143 147 52 118 23 153 58 189 94
98 3 4 99 70 165 106 11 142 47 145 50 51 146 118 23 153 58 189 94
6 7 8 9 10 142 148 149 150 23 151 152 165 47 53 54 55 56 57 189 70 94 101 102 103 104 105 118
12 13 14 15 16 17 18 19 20 21 22 142 154 155 156 157 158 159 160 161 162 163 164 47 59 60 61 62 63 64 65 66 67 68 69 189 94 107 108 109 110 111 112 113 114 115 116 117
24 25 26 27 28 29 30 31 32 33 34 35 36 37 38 39 40 41 42 43 44 45 46 71 72 73 74 75 76 77 78 79 80 81 82 83 84 85 86 87 88 89 90 91 92 93 119 120 121 122 123 124 125 126 127 128 129 130 131 132 133 134 135 136 137 138 139 140 141 166 167 168 169 170 171 172 173 174 175 176 177 178 179 180 181 182 183 184 185 186 187 188
2 131 4 133 7 136 9 138 13 15 18 20 25 27 30 32 36 38 41 43 190 95 97 99 102 104 108 110 113 115 120 122 125 127
1 130 3 132 6 135 8 137 12 14 17 19 24 26 29 31 35 37 40 42 190 95 96 98 101 103 107 109 112 114 119 121 124 126
128 2 131 5 134 7 136 10 139 13 16 18 21 25 28 30 33 36 39 41 44 190 95 97 100 102 105 108 111 113 116 120 123 125
128 1 130 5 6 134 135 10 139 12 16 17 21 24 28 29 33 35 39 40 44 190 95 96 100 101 105 107 111 112 116 119 123 124
3 4 132 133 8 9 137 138 14 15 19 20 26 27 31 32 37 38 42 43 190 95 98 99 103 104 109 110 114 115 121 122 126 127
129 2 131 4 133 11 140 13 15 22 25 27 34 36 38 45 190 95 97 99 106 108 110 117 120 122
1 129 3 130 132 11 12 140 14 22 24 26 34 35 37 45 190 95 96 98 106 107 109 117 119 121
129 2 131 5 134 11 140 13 16 22 25 28 34 36 39 45 190 95 97 100 106 108 111 117 120 123
1 129 130 5 134 11 12 140 16 22 24 28 34 35 39 45 190 95 96 100 106 107 111 117 119 123
129 3 4 132 133 11 140 14 15 22 26 27 34 37 38 45 190 95 98 99 106 109 110 117 121 122
128 6 7 8 9 10 135 136 137 138 139 17 18 19 20 21 29 30 31 32 33 40 41 42 43 44 190 95 101 102 103 104 105 112 113 114 115 116 124 125 126 127
2 4 7 9 141 23 25 27 30 32 46 190 95 97 99 102 104 118 120 122 125 127
1 3 6 8 141 23 24 26 29 31 46 190 95 96 98 101 103 118 119 121 124 126
128 2 5 7 10 141 23 25 28 30 33 46 190 95 97 100 102 105 118 120 123 125
128 1 5 6 10 141 23 24 28 29 33 46 190 95 96 100 101 105 118 119 123 124
3 4 8 9 141 23 26 27 31 32 46 190 95 98 99 103 104 118 121 122 126 127
97 2 34 4 99 129 106 11 141 46 118 23 120 25 122 27 190 95
96 1 34 3 98 129 106 11 141 46 118 23 24 119 26 121 190 95
97 2 34 100 5 129 106 11 141 46 118 23 120 25 123 28 190 95
96 1 34 129 100 5 106 11 141 46 118 23 24 119 123 28 190 95
129 34 3 4 98 99 106 11 141 46 118 23 121 26 27 122 190 95
128 6 7 8 9 10 141 23 29 30 31 32 33 46 190 95 101 102 103 104 105 118 124 125 126 127
130 131 132 133 134 135 136 137 138 139 12 13 14 15 16 17 18 19 20 21 22 35 36 37 38 39 40 41 42 43 44 45 190 140 95 107 108 109 110 111 112 113 114 115 116 117
97 2 99 4 102 7 104 9 108 13 110 15 47 113 18 115 20 142 190 95
96 1 98 3 101 6 103 8 107 12 109 14 47 112 17 114 19 142 190 95
97 2 100 5 102 7 105 10 108 13 142 47 16 111 18 113 116 21 190 95
96 1 100 5 6 101 105 10 107 12 142 47 16 17 111 112 116 21 190 95
98 3 4 99 103 8 9 104 109 14 15 47 110 114 19 20 115 142 190 95
97 2 99 4 106 11 108 13 110 15 47 142 117 22 190 95
96 1 98 3 106 11 12 107 14 47 109 142 117 22 190 95
97 2 100 5 106 11 108 13 142 47 16 111 117 22 190 95
96 1 100 5 106 11 12 107 142 47 16 111 117 22 190 95
98 3 4 99 106 11 109 14 15 47 110 142 117 22 190 95
6 7 8 9 10 142 17 18 19 20 21 47 190 95 101 102 103 104 105 112 113 114 115 116
97 2 99 4 102 7 104 9 142 47 118 23 190 95
96 1 98 3 101 6 103 8 142 47 118 23 190 95
97 2 100 5 102 7 105 10 142 47 118 23 190 95
96 1 100 5 6 101 105 10 142 47 118 23 190 95
98 3 4 99 103 8 9 104 142 47 118 23 190 95
97 2 99 4 106 11 142 47 118 23 190 95
96 1 98 3 106 11 142 47 118 23 190 95
97 2 100 5 106 11 142 47 118 23 190 95
96 1 100 5 106 11 142 47 118 23 190 95
98 3 4 99 106 11 142 47 118 23 190 95
101 6 7 8 9 10 102 103 104 105 47 142 118 23 190 95
12 13 14 15 16 17 18 19 20 21 22 142 47 190 95 107 108 109 110 111 112 113 114 115 116 117
128 129 130 131 132 133 134 135 136 137 138 139 140 141 24 25 26 27 28 29 30 31 32 33 34 35 36 37 38 39 40 41 42 43 44 45 46 190 95 119 120 121 122 123 124 125 126 127
48 49 50 51 52 53 54 55 56 57 58 59 60 61 62 63 64 65 66 67 68 69 70 71 72 73 74 75 76 77 78 79 80 81 82 83 84 85 86 87 88 89 90 91 92 93 94 143 144 145 146 147 148 149 150 151 152 153 154 155 156 157 158 159 160 161 162 163 164 165 166 167 168 169 170 171 172 173 174 175 176 177 178 179 180 181 182 183 184 185 186 187 188 189
2 4 7 9 13 15 18 20 25 27 30 32 36 38 41 43 49 51 54 56 60 62 191 65 67 72 74 77 79 83 85 88 90
1 3 6 8 12 14 17 19 24 26 29 31 35 37 40 42 48 50 53 55 59 61 191 64 66 71 73 76 78 82 84 87 89
2 5 7 10 13 16 18 21 25 28 30 33 36 39 41 44 49 52 54 57 60 63 191 65 68 72 75 77 80 83 86 88 91
1 5 6 10 12 16 17 21 24 28 29 33 35 39 40 44 48 52 53 57 59 63 64 191 68 71 75 76 80 82 86 87 91
3 4 8 9 14 15 19 20 26 27 31 32 37 38 42 43 50 51 55 56 61 62 191 66 67 73 74 78 79 84 85 89 90
2 4 11 13 15 22 25 27 34 36 38 45 49 51 58 60 62 191 69 72 74 81 83 85 92
1 3 11 12 14 22 24 26 34 35 37 45 48 50 58 59 61 191 69 71 73 81 82 84 92
2 5 11 13 16 22 25 28 34 36 39 45 49 52 58 60 63 191 69 72 75 81 83 86 92
1 5 11 12 16 22 24 28 34 35 39 45 48 52 58 59 63 191 69 71 75 81 82 86 92
3 4 11 14 15 22 26 27 34 37 38 45 50 51 58 61 62 191 69 73 74 81 84 85 92
6 7 8 9 10 17 18 19 20 21 29 30 31 32 33 40 41 42 43 44 53 54 55 56 57 191 64 65 66 67 68 76 77 78 79 80 87 88 89 90 91
32 2 4 70 7 72 9 74 77 46 79 49 51 54 23 56 25 27 93 30 191
191 1 3 6 70 8 71 73 76 46 78 48 50 53 23 24 55 26 29 93 31
33 2 5 70 7 72 10 75 77 46 80 49 52 54 23 25 57 28 93 30 191
1 33 5 6 70 71 10 75 76 46 48 80 52 53 23 24 57 28 29 93 191
32 191 3 4 70 8 9 73 74 46 78 79 50 51 23 55 56 26 27 93 31
2 34 4 70 72 74 11 46 49 81 51 23 25 58 27 93 191
1 34 3 70 71 73 11 46 48 81 50 23 24 26 58 93 191
2 34 5 70 72 11 75 46 49 81 52 23 25 58 28 93 191
1 34 5 70 71 11 75 46 48 81 52 23 24 58 28 93 191
34 3 4 70 73 74 11 46 81 50 51 23 26 27 58 93 191
6 7 8 9 10 23 29 30 31 32 33 46 53 54 55 56 57 191 70 76 77 78 79 80 93
12 13 14 15 16 17 18 19 20 21 22 35 36 37 38 39 40 41 42 43 44 45 59 60 61 62 63 64 65 66 67 68 69 191 82 83 84 85 86 87 88 89 90 91 92
191 65 2 67 4 7 9 13 15 47 49 18 51 20 54 56 60 62 94
64 1 66 3 6 8 12 14 47 48 17 50 19 53 55 59 61 94 191
191 65 2 68 5 7 10 13 47 16 49 18 52 21 54 57 60 94 63
64 1 191 68 5 6 10 12 47 16 17 48 52 21 53 57 59 94 63
191 66 3 4 67 8 9 14 15 47 50 19 20 51 55 56 61 62 94
191 2 4 69 11 13 15 47 49 51 22 58 60 62 94
1 3 69 11 12 14 47 48 50 22 58 59 61 94 191
191 2 5 69 11 13 47 16 49 52 22 58 60 94 63
191 1 5 69 11 12 47 16 48 52 22 58 59 94 63
191 3 4 69 11 14 15 47 50 51 22 58 61 62 94
6 7 8 9 10 17 18 19 20 21 47 53 54 55 56 57 191 64 65 66 67 68 94
2 4 70 7 9 47 49 51 54 23 56 94 191
1 3 6 70 8 47 48 50 53 23 55 94 191
2 5 70 7 10 47 49 52 54 23 57 94 191
1 5 6 70 10 47 48 52 53 23 57 94 191
3 4 70 8 9 47 50 51 23 55 56 94 191
2 4 70 11 47 49 51 23 58 94 191
1 3 70 11 47 48 50 23 58 94 191
2 5 70 11 47 49 52 23 58 94 191
1 5 70 11 47 48 52 23 58 94 191
3 4 70 11 47 50 51 23 58 94 191
6 7 8 9 10 70 47 53 54 23 55 56 57 94 191
12 13 14 15 16 17 18 19 20 21 22 47 59 60 61 62 63 64 65 66 67 68 69 191 94
24 25 26 27 28 29 30 31 32 33 34 35 36 37 38 39 40 41 42 43 44 45 46 191 71 72 73 74 75 76 77 78 79 80 81 82 83 84 85 86 87 88 89 90 91 92 93
32 191 2 4 36 38 7 9 41 43 13 15 18 20 25 27 30 95
95 1 191 3 35 37 6 8 40 42 12 14 17 19 24 26 29 31
191 33 2 36 5 7 39 41 10 44 13 16 18 21 25 28 30 95
191 1 33 35 5 6 39 40 10 12 44 16 17 21 24 28 29 95
32 95 191 3 4 37 38 8 9 42 43 14 15 19 20 26 27 31
191 2 34 4 36 38 11 13 45 15 22 25 27 95
191 1 34 3 35 37 11 12 45 14 22 24 26 95
191 2 34 36 5 39 11 13 45 16 22 25 28 95
191 1 34 35 5 39 11 12 45 16 22 24 28 95
191 34 3 4 37 38 11 45 14 15 22 26 27 95
6 7 8 9 10 17 18 19 20 21 29 30 31 32 33 40 41 42 43 44 191 95
32 191 2 4 7 9 46 23 25 27 30 95
95 1 191 3 6 8 46 23 24 26 29 31
191 33 2 5 7 10 46 23 25 28 30 95
191 1 33 5 6 10 46 23 24 28 29 95
32 95 191 3 4 8 9 46 23 26 27 31
191 2 34 4 11 46 23 25 27 95
191 1 34 3 11 46 23 24 26 95
191 2 34 5 11 46 23 25 28 95
191 1 34 5 11 46 23 24 28 95
191 34 3 4 11 46 23 26 27 95
32 33 95 191 6 7 8 9 10 46 23 29 30 31
12 13 14 15 16 17 18 19 20 21 22 35 36 37 38 39 40 41 42 43 44 45 191 95
191 2 4 7 9 13 15 47 18 20 95
191 1 3 6 8 12 14 47 17 19 95
191 2 5 7 10 13 47 16 18 21 95
191 1 5 6 10 12 47 16 17 21 95
191 3 4 8 9 14 15 47 19 20 95
191 2 4 11 13 15 47 22 95
191 1 3 11 12 14 47 22 95
191 2 5 11 13 47 16 22 95
191 1 5 11 12 47 16 22 95
191 3 4 11 14 15 47 22 95
191 6 7 8 9 10 47 17 18 19 20 21 95
191 2 4 7 9 47 23 95
191 1 3 6 8 47 23 95
191 2 5 7 10 47 23 95
191 1 5 6 10 47 23 95
191 3 4 8 9 47 23 95
191 2 4 11 47 23 95
191 1 3 11 47 23 95
191 2 5 11 47 23 95
191 1 5 11 47 23 95
191 3 4 11 47 23 95
191 6 7 8 9 10 47 23 95
191 12 13 14 15 16 17 18 19 20 21 22 47 95
24 25 26 27 28 29 30 31 32 33 34 35 36 37 38 39 40 41 42 43 44 45 46 191 95
48 49 50 51 52 53 54 55 56 57 58 59 60 61 62 63 64 65 66 67 68 69 70 71 72 73 74 75 76 77 78 79 80 81 82 83 84 85 86 87 88 89 90 91 92 93 94 191
96 97 98 99 100 101 102 103 104 105 106 107 108 109 110 111 112 113 114 115 116 117 118 119 120 121 122 123 124 125 126 127 128 129 130 131 132 133 134 135 136 137 138 139 140 141 142 143 144 145 146 147 148 149 150 151 152 153 154 155 156 157 158 159 160 161 162 163 164 165 166 167 168 169 170 171 172 173 174 175 176 177 178 179 180 181 182 183 184 185 186 187 188 189 190
