47 472
0 32 2 4 36 38 7 9 41 43 13 15 18 20 25 27 30 
1 1 3 35 37 6 8 40 42 12 14 17 19 24 26 29 31 
0 33 2 36 5 7 39 41 10 44 13 16 18 21 25 28 30 
1 1 33 35 5 6 39 40 10 12 44 16 17 21 24 28 29 
2 32 3 4 37 38 8 9 42 43 14 15 19 20 26 27 31 
0 2 34 4 36 38 11 13 45 15 22 25 27 
1 1 34 3 35 37 11 12 45 14 22 24 26 
0 2 34 36 5 39 11 13 45 16 22 25 28 
1 1 34 35 5 39 11 12 45 16 22 24 28 
2 34 3 4 37 38 11 45 14 15 22 26 27 
3 32 33 6 7 8 9 10 40 41 42 43 44 17 18 19 20 21 29 30 31 
0 32 2 4 7 9 46 23 25 27 30 
1 1 3 6 8 46 23 24 26 29 31 
0 33 2 5 7 10 46 23 25 28 30 
1 1 33 5 6 10 46 23 24 28 29 
2 32 3 4 8 9 46 23 26 27 31 
0 2 34 4 11 46 23 25 27 
1 1 34 3 11 46 23 24 26 
0 2 34 5 11 46 23 25 28 
1 1 34 5 11 46 23 24 28 
2 34 3 4 11 46 23 26 27 
3 32 33 6 7 8 9 10 46 23 29 30 31 
4 12 13 14 15 16 17 18 19 20 21 22 35 36 37 38 39 40 41 42 43 44 45 
0 2 4 7 9 13 15 47 18 20 
1 1 3 6 8 12 14 47 17 19 
0 2 5 7 10 13 47 16 18 21 
1 1 5 6 10 12 47 16 17 21 
2 3 4 8 9 14 15 47 19 20 
0 2 4 11 13 15 47 22 
1 1 3 11 12 14 47 22 
0 2 5 11 13 47 16 22 
1 1 5 11 12 47 16 22 
2 3 4 11 14 15 47 22 
3 6 7 8 9 10 47 17 18 19 20 21 
0 2 4 7 9 47 23 
1 1 3 6 8 47 23 
0 2 5 7 10 47 23 
1 1 5 6 10 47 23 
2 3 4 8 9 47 23 
0 47 2 11 4 23 
1 47 1 3 11 23 
0 47 2 11 5 23 
1 47 1 11 5 23 
2 47 3 4 11 23 
3 6 7 8 9 10 47 23 
4 12 13 14 15 16 17 18 19 20 21 22 47 
5 24 25 26 27 28 29 30 31 32 33 34 35 36 37 38 39 40 41 42 43 44 45 46 
