450 8169
263 265 139 397 270 272 146 19 148 153 414 32 162 291 164 293 426 171 43 432 440 442 443 189 320 326 72 200 204 334 208 338 86 215 345 94 95 97 98 100 360 362 239 113 115 244 243 379 252 123
258 7 264 267 13 276 154 283 414 417 291 164 41 429 430 431 55 188 320 193 66 64 68 325 326 74 333 211 217 352 224 355 103 361 240 369 114 373 245 375 120 250
4 134 136 266 11 142 404 22 282 35 170 44 45 304 180 314 60 61 75 341 218 224 356 367 368 117 255
3 132 133 11 145 402 22 406 25 282 26 156 410 284 31 288 32 162 35 37 165 167 425 170 44 301 435 54 183 441 313 443 61 446 63 323 324 328 75 76 80 338 339 217 346 89 218 222 96 98 99 235 365 367 115 371 117 125 255
131 393 267 396 141 270 269 400 16 268 147 403 399 397 23 152 414 286 32 30 162 163 36 294 168 44 173 172 49 307 435 437 182 311 312 55 441 443 189 190 193 450 196 69 70 68 329 334 207 340 341 214 216 228 359 106 364 112 115 244 372 376 122 251 123 383
130 133 8 265 137 267 402 407 412 161 169 301 174 47 45 54 185 313 318 199 83 346 227 365 119 250
385 2 258 389 395 16 403 414 32 291 164 39 168 426 429 302 431 175 178 53 438 55 184 317 319 193 450 323 326 330 331 205 78 341 342 343 216 89 219 221 225 357 110 111 240 116
130 131 261 6 10 402 155 412 289 161 297 301 45 47 46 54 57 313 318 63 199 330 77 359 365 112 369 119 253
320 355 36 230 167 137 268 175 50 148 28 253 351
131 260 261 8 272 18 147 148 23 408 155 157 30 287 161 418 419 39 296 169 297 171 300 45 429 428 46 178 437 438 316 189 191 63 199 329 330 77 78 81 82 343 87 90 351 359 232 104 112 369 245 119 121 124 253
3 4 260 273 274 275 404 405 22 151 278 153 170 44 300 179 180 61 318 192 194 72 202 75 78 218 226 98 229 112 117 119 254
135 393 270 271 144 145 17 413 31 416 295 172 46 306 53 444 323 199 335 208 215 349 93 96 356 359 233 118 119 376 122 127
2 264 270 19 20 157 288 176 179 444 66 325 332 336 84 87 227 100 366 113 121 250
385 387 260 259 262 263 264 388 139 277 151 408 25 282 413 30 288 420 38 295 296 169 426 170 429 301 431 303 46 180 183 441 62 319 191 195 325 71 204 205 206 78 208 337 83 212 222 352 358 238 366 370 115 242 117 375 247 122 380 125
388 137 138 146 278 24 153 154 417 34 49 434 436 56 185 187 190 322 69 326 333 336 217 224 100 231 239 118 379
5 389 7 393 267 269 398 399 403 23 32 424 40 426 172 429 302 173 177 53 438 311 184 441 443 188 447 319 450 201 330 205 335 79 212 214 87 343 221 354 357 358 230 110 115 244
260 12 269 397 270 400 144 399 402 278 411 413 30 414 288 419 37 165 39 295 426 298 428 301 427 176 306 54 205 334 335 208 81 349 94 93 226 356 235 365 239 243 119 376 251 252 123 127
262 135 392 265 10 268 270 23 157 287 416 418 419 39 296 425 300 312 58 191 71 329 201 203 204 76 79 81 212 87 90 239 369 245 121 124 382
128 1 133 13 270 272 20 157 288 432 176 179 320 450 66 200 332 338 84 87 90 220 102 360 361 366 113 121 250
13 270 19 157 288 42 301 176 179 309 184 443 189 199 204 332 338 84 87 357 366 113 121 250
385 388 265 393 269 144 273 275 24 280 152 285 160 417 289 422 38 40 41 299 174 176 304 179 52 438 55 311 313 316 61 62 65 450 323 332 84 215 352 225 99 357 361 364 238 113 242 373 118 247 117
3 4 131 11 273 404 290 421 170 44 179 180 308 183 314 60 61 75 341 345 218 349 222 224 356 117 374 255
256 5 392 10 394 266 141 142 399 16 18 403 152 408 284 157 287 417 34 418 419 39 296 427 45 432 305 304 310 183 312 190 192 321 196 71 328 335 81 214 87 90 230 245 374 375 249 121 124
160 224 322 163 388 422 231 265 137 43 268 141 333 111 15 242 21 56 190 415
4 132 134 263 264 139 14 276 151 282 32 170 427 180 54 182 183 313 62 191 323 71 76 80 343 344 96 352 228 359 366 239 238 255
4 397 141 282 414 31 288 419 37 422 298 433 307 435 309 183 318 194 209 210 85 217 90 89 98 365 242 123 127
68 356 166 202 138 428 46 271 80 49 338 149 285 158
415 355 231 9 137 362 369 242 51 310 279 189 351
130 438 198
256 260 5 261 388 10 394 268 269 14 397 17 273 403 147 153 411 413 286 289 161 36 39 168 169 298 428 46 49 178 309 437 55 316 189 190 64 71 200 202 204 205 78 207 337 341 344 359 232 104 366 239 112 370 242 372 117 247 248 377 251 123 380 383
259 4 140 12 398 281 26 282 288 37 168 173 435 188 449 75 334 89 350 98 102 232 365 245
1 4 5 7 16 25 35 37 39 41 43 44 54 56 67 70 76 80 89 96 97 99 100 106 115 120 123 125 132 133 136 145 149 153 158 162 164 165 168 172 173 174 175 183 204 215 216 218 219 221 222 223 228 229 235 244 251 252 267 269 270 274 275 284 293 301 307 311 313 314 323 324 326 331 334 340 345 357 363 364 367 380 393 399 400 403 406 426 429 432 441 443 446 450
67 292 164 420 422 358 74 172 397 175 434 371 341 375 279 254 126
353 321 195 196 417 166 71 392 425 297 328 427 15 368 335 310 23 375 249 408 374
3 4 133 132 136 266 394 142 146 404 406 282 156 32 160 167 44 45 304 307 53 441 444 319 72 73 204 77 218 219 222 226 99 228 235 238 368 240 115 381
257 5 9 268 400 148 280 157 30 414 288 286 293 167 424 296 168 175 49 181 437 55 312 313 315 189 449 195 70 200 329 77 206 207 341 347 359 363 367 112 253 383
4 269 270 400 17 146 403 145 149 276 279 26 282 413 414 31 32 288 290 164 41 42 299 301 173 306 435 180 198 75 77 334 208 209 216 345 89 219 93 98 357 363 365 241 371 244 120 378 251 253
256 385 393 139 269 14 144 21 277 152 409 410 420 41 426 429 301 303 304 52 313 61 319 447 65 325 327 206 208 222 225 229 102 117 122 125
260 261 7 10 397 17 18 403 147 23 155 411 157 30 287 32 161 418 419 168 296 298 169 428 175 178 437 316 193 450 73 205 78 81 87 216 89 90 221 232 104 239 245 121 251 123 124
354 358 230 201 269 79 16 177 212 149 21 374 188 381
385 2 393 267 269 400 144 403 276 21 149 152 283 412 32 37 38 304 52 313 61 320 64 65 68 330 333 209 210 216 345 217 219 93 224 225 361 363 114 117 120 250
386 389 263 145 20 276 279 290 37 421 299 428 301 173 180 438 184 443 315 196 198 77 79 83 232 365 371 244 248 253
1 386 149 279 24 153 32 164 293 294 426 432 322 326 204 334 210 215 345 220 97 100 114 243 377
3 4 5 136 266 11 142 399 270 145 403 22 282 415 32 162 35 170 45 304 307 55 443 61 70 75 333 216 218 228 106 108 364 368 117 251
256 130 3 261 6 8 136 10 266 142 402 23 153 282 284 412 161 35 164 424 44 429 301 47 304 305 308 181 438 183 184 313 54 446 318 320 192 199 77 79 343 217 348 222 224 232 365 368 119 251
387 260 259 388 261 8 264 10 131 12 14 275 282 27 155 413 30 296 169 297 50 183 441 63 192 195 71 199 330 204 77 78 337 83 212 353 102 358 359 366 112 369 370 115 372 242 117 247 379 380 253
129 130 133 6 8 393 267 397 402 148 405 280 412 160 161 169 45 174 301 54 185 58 313 318 449 199 328 336 83 346 100 231 365 238 111 369 114 371 119 250
449 434 307 179 359
385 132 5 390 263 137 266 138 268 15 399 149 278 27 283 285 30 158 286 417 419 36 166 168 305 436 181 53 183 55 57 185 187 437 189 322 69 326 201 202 207 80 336 210 211 341 221 95 356 100 359 105 107 365 237 367 239 112 243 116 374 375 120 118 254 383
129 353 421 9 46 114 151 282 379 316
362 430 369 437 28 415
385 386 65 225 38 41 393 269 144 304 21 117 152 313 378 61
385 132 389 7 266 138 12 397 399 16 146 404 406 409 283 156 285 287 35 419 167 426 429 302 49 307 181 438 187 444 445 319 320 322 201 330 329 205 334 211 343 221 95 354 228 357 105 361 107 365 237 110 238 240 243 115 123 254
130 4 260 6 132 8 141 272 17 402 25 412 415 32 160 161 169 428 45 301 47 433 440 185 313 318 193 66 323 199 203 332 77 76 208 81 80 87 88 346 220 94 96 226 235 365 119 248 121 252 381 124
2 258 5 7 268 144 275 21 152 414 30 286 417 289 291 36 164 168 44 174 49 437 313 59 316 189 193 326 207 341 359 240 113 242 112 118 381 126 383
388 135 136 137 142 15 274 24 32 419 429 441 314 190 322 323 67 333 340 345 223 224 357 231 240 243 120 123 380
353 196 421 263 8 367 49 305 210 436 116 374 183 440 184 91 316 443
384 129 385 262 392 393 265 397 145 18 405 280 411 287 160 419 294 167 300 47 310 62 191 449 201 204 96 111 114 115 371 246 381
325 296 138 427 430 145 243 55 315 348
94 224 3 356 67 299 176 213 22 439 446 191
385 3 4 393 11 269 144 21 22 152 290 38 41 170 44 304 52 313 65 75 218 225 117
129 263 264 265 139 141 14 273 21 278 151 280 25 409 282 285 286 413 160 418 166 169 297 170 176 179 180 183 58 444 191 328 200 205 339 84 352 366 238 114 115 370 117 246 247 125 126
131 4 261 8 10 396 402 410 155 156 167 297 46 175 179 182 322 199 328 73 330 75 76 77 339 217 89 219 97 98 359 112 369 115 371 251 253 255
320 224 2 68 41 361 267 173 398 333 114 276 181 440 120 250 283 217 30 222
128 385 393 269 144 402 21 151 152 153 421 38 165 41 304 52 313 61 446 199 74 331 222 97 225 368 241 117 124
128 2 133 264 13 272 19 169 429 430 54 313 185 445 325 200 203 84 87 346 92 220 102 103 361 362
136 270 274 32 33 296 299 429 303 176 56 441 314 60 323 340 213 223 357 104 120 123 380
2 131 132 5 267 396 397 399 400 147 276 27 283 163 294 424 41 305 435 436 182 441 64 320 193 196 329 333 334 340 217 224 361 110 114 244 372 120 376 250 122 123
448 417 100 5 326 328 137 138 365 15 336 49 239 275 436 118 278 185 187 95
258 5 135 394 267 396 138 270 399 403 32 162 419 36 299 44 178 179 306 307 443 448 197 329 74 206 210 339 212 82 215 216 228 361 106 364 248 251 126 127
388 134 264 392 138 269 14 270 273 18 276 149 23 408 25 157 30 413 417 34 169 427 46 182 310 321 196 328 329 204 78 335 337 343 228 366 370 242 117 374 247 375 249 380 255
1 259 260 261 262 394 11 140 274 278 153 285 160 35 300 437 188 320 73 202 77 86 88 344 346 219 94 226 98 234 235 368 121 378 381 254
129 394 396 399 400 160 35 422 39 175 306 182 63 197 72 77 217 89 219 226 368 251 381 255
255 2 258 133 262 135 396 399 400 273 402 147 276 152 153 154 157 158 416 33 417 421 165 166 430 431 176 305 178 436 182 188 444 446 65 70 200 211 212 340 84 343 216 345 351 352 97 355 229 233 109 368 369 373 245 375 117 378 251 124 127
3 4 392 11 398 273 402 275 22 151 278 281 410 156 413 31 290 164 37 423 168 167 170 299 44 430 179 61 63 191 321 322 449 192 194 328 76 78 334 339 217 218 89 349 350 354 98 101 102 229 232 357 109 238 112 241 115 371 117 378
4 132 135 265 268 400 18 402 25 154 410 156 157 287 32 416 418 293 167 425 429 305 306 54 312 313 186 63 323 197 200 328 201 75 203 79 80 339 212 343 217 89 219 222 96 98 364 239 369 115 371 250
131 261 8 10 394 145 276 279 280 155 156 160 161 35 36 37 163 297 42 299 45 46 429 301 433 173 180 54 438 189 63 195 198 199 72 73 329 330 206 343 219 226 359 232 363 365 367 368 369 112 371 244 119 381 253
260 261 388 7 10 11 14 401 275 147 278 151 282 413 30 161 290 39 169 428 46 178 437 316 192 450 194 71 75 204 337 83 349 352 229 232 104 366 112 370 242 117 374 380
386 389 135 265 266 268 16 18 402 413 286 157 416 290 421 40 425 42 428 45 301 177 308 181 438 312 315 188 320 201 203 76 212 348 222 224 225 354 358 230 232 239 369 117 125
4 132 264 138 149 279 25 27 285 413 158 32 159 166 49 436 54 439 313 323 202 76 346 96 356 237
260 10 17 18 403 23 157 287 418 419 39 296 428 304 309 54 208 340 84 87 90 94 226 355 106 107 235 238 110 115 245 248 377 121 252 124
10 267 394 138 272 148 408 171 300 306 311 189 191 448 197 70 329 206 210 339 215 104 361 248
387 260 133 6 259 264 267 14 401 151 282 290 296 169 42 46 47 174 439 183 185 441 450 195 78 337 212 346 349 358 115 374 247 250
128 133 13 270 272 273 19 20 21 278 152 409 285 157 287 160 288 165 166 297 302 304 176 179 311 441 442 62 66 200 74 330 332 81 340 343 87 220 351 102 361 106 110 239 238 366 370 243 115 113 118 247 248 121 378 250 380 252
397 141 26 414 419 422 298 433 309 183 314 194 332 209 210 89 90 99 231 242 373 123 127
1 259 261 390 262 140 270 272 148 285 165 293 171 172 432 437 442 188 189 72 213 88 344 95 234 235 239 115 244 243 119 121 378
136 10 13 270 16 400 18 19 20 275 403 23 272 154 155 157 287 288 289 418 419 293 39 296 169 176 306 179 54 313 185 66 203 332 81 84 214 215 346 219 220 349 90 229 230 361 366 113 244 245 377 250 121 124 383
259 261 262 265 140 144 285 414 422 306 437 54 188 190 324 197 72 201 212 86 344 92 234 235 121 378
4 7 396 402 403 26 282 156 410 31 32 288 37 39 168 167 175 435 182 445 63 450 328 73 75 76 339 85 216 217 219 221 98 365 115 371 251 255
10 141 18 19 23 26 157 287 418 419 39 296 298 307 309 438 183 318 194 206 81 209 85 87 352 242 244 245 121 124 127
320 425 237 215 440 57 184 443 95
88 448 66 396
389 12 270 144 17 413 37 295 41 299 306 335 208 209 345 349 356 367 247 376 119 127
1 260 267 17 150 410 162 428 54 443 60 320 323 72 330 208 81 338 346 98 226 235 240 252
1 385 132 138 270 271 399 272 148 283 293 294 171 432 49 53 181 442 187 189 69 201 86 91 221 105 107 239 115 244 243 254
384 130 4 133 132 135 392 393 12 271 145 275 25 284 158 32 416 165 172 301 302 174 433 54 183 313 58 444 446 323 324 199 331 76 80 215 218 222 229 359 233 234 367 370 118 122 252 125
1 402 147 150 153 158 32 164 421 165 293 426 43 431 432 436 185 446 63 65 326 199 200 74 204 333 334 338 341 215 345 346 100 357 229 368 124 254 255
1 4 260 11 274 402 153 26 282 156 410 31 288 417 37 167 297 300 435 63 192 320 72 328 202 75 76 211 339 89 217 94 226 364 365 115 371 125 254
4 133 141 21 406 280 32 35 299 438 311 441 450 323 332 85 215 218 222 352 357 361 235 364 373 253
1 129 263 264 137 138 13 15 148 278 153 283 156 32 417 162 164 293 298 43 426 47 432 49 436 309 185 187 319 69 326 329 332 204 334 336 215 345 97 226 227 104 239 369 114 246 118 122 380
75 180 187 367
256 128 133 139 398 272 19 281 410 31 38 168 46 308 449 66 200 75 334 84 220 350 232 361 376
2 66 227 429 430 122 159
260 261 10 270 142 272 274 147 148 408 281 30 161 39 169 171 300 428 303 176 178 437 183 316 189 191 67 323 198 78 82 100 232 237 370 380
385 131 259 132 138 269 399 401 277 154 283 287 288 429 175 49 306 53 181 311 187 328 201 211 221 95 233 107 237 379 125 254
5 270 399 403 287 32 162 44 432 304 307 184 443 70 335 81 84 340 216 228 364 238 110 113 248 251 252
254 385 132 105 201 138 399 49 81 53 181 411 283 221 187 95
134 262 44 404 277 382
262 396 269 400 273 275 416 417 165 166 296 305 435 182 316 444 74 75 343 345 353 233 113 117 247 378
389 7 270 16 274 157 286 287 417 293 424 426 429 302 304 176 53 438 189 319 68 196 198 330 203 205 81 84 340 343 221 357 106 238 372 244 374 376 248 252
129 385 258 388 133 7 265 137 393 395 397 405 24 280 160 164 47 178 184 58 317 449 323 331 342 219 221 225 227 369 114 371
258 131 5 389 134 8 261 10 11 268 275 278 151 155 285 30 286 36 420 168 297 46 49 437 438 55 189 63 192 194 199 330 75 77 78 333 207 341 348 356 229 359 369 116 253 383
1 13 269 270 400 273 19 20 21 403 275 157 288 417 289 296 174 432 176 306 435 179 55 184 316 320 332 335 84 87 215 219 361 106 109 366 242 118 247 377 250 379 121
2 388 393 267 397 276 405 280 410 283 163 41 43 47 175 50 58 62 64 449 320 68 332 333 216 217 224 100 230 361 111 115 371 246 120 122 250
1 4 5 14 16 32 35 46 53 58 62 63 75 76 81 83 84 86 89 95 98 114 132 134 146 148 152 156 167 171 172 173 183 189 195 212 217 223 228 238 239 240 243 244 246 247 259 260 261 264 267 269 270 272 293 296 302 307 309 311 319 324 328 330 339 343 344 351 358 359 371 377 387 393 399 402 403 404 406 410 429 432 433 441 442 444 450
420 389 7 263 367 112 49 305 435 436 210 438 183 374 57 315
385 3 4 388 262 391 393 11 396 269 14 144 400 21 22 280 152 413 30 286 416 38 166 41 170 169 44 46 304 305 52 182 313 444 61 62 65 71 74 75 204 78 79 337 343 345 218 225 230 233 109 238 366 370 242 378 380 125 126
135 137 138 393 12 15 271 145 275 21 278 416 289 417 172 174 49 436 55 185 187 316 444 69 326 199 336 84 215 96 354 100 359 233 362 239 113 242 122
130 261 6 8 10 11 12 270 144 17 402 405 280 412 413 161 165 423 295 172 45 429 47 301 306 54 438 313 318 198 199 202 77 335 208 213 86 343 93 349 356 232 365 376 127
2 136 267 400 274 403 276 149 283 32 37 41 429 49 56 441 314 64 320 67 68 323 333 340 216 217 219 223 224 357 361 363 114 250 123 380
259 261 262 10 140 13 141 270 18 19 20 23 285 157 415 287 288 418 419 39 296 176 179 437 54 188 193 199 72 203 332 81 338 84 86 87 88 344 90 349 357 234 235 365 366 113 245 248 378 250 252 124
129 131 5 135 393 12 397 14 271 399 145 277 283 416 420 38 298 426 172 429 301 175 303 435 441 444 319 321 193 68 325 199 329 206 334 208 340 215 216 222 96 100 103 359 233 114 372 118 376 123 125
1 131 5 263 136 139 141 397 399 17 146 274 26 411 30 414 32 287 162 419 422 39 298 426 172 429 433 435 53 56 441 314 445 319 320 193 67 68 323 200 329 205 334 210 340 85 223 354 357 360 361 238 239 240 372 120 376 122 251 380
258 10 266 141 271 143 18 402 23 153 157 415 287 290 418 419 421 165 39 296 297 170 434 54 446 320 65 193 74 331 332 81 342 87 90 97 357 360 232 365 368 241 245 248 121 252
4 269 14 145 402 147 277 280 284 413 286 287 32 417 288 420 165 38 169 426 429 301 303 175 306 183 313 188 444 62 319 446 196 325 324 328 206 79 208 211 214 218 221 222 96 98 105 233 364 237 238 367 117 248 122 379 126
413 33 420 70 422 358 137 169 397 238 175 434 371 117 55 279 280 444 125 62 286
258 135 12 141 270 399 144 17 26 413 295 298 299 178 306 309 438 183 194 70 74 335 208 212 85 216 90 93 349 356 242 119 376 251
133 399 272 19 421 301 178 445 317 447 65 66 199 200 336 84 220 222 102 361 365 379
160 418 100 197 73 265 426 298 366 47 111 400 50 306 58 122 410 62
96 161 6 359 8 199 234 45 302 47 365 433 301 402 149 54 119 313 412 29 318
5 134 261 8 10 397 399 22 155 290 292 421 297 46 435 308 183 441 63 193 450 68 199 329 202 330 77 333 334 340 345 349 222 359 105 112 369 372 374 376 122 123 253
385 4 138 399 146 404 406 25 283 156 287 32 418 35 167 428 301 49 305 307 53 54 181 313 186 187 444 319 323 68 201 76 80 219 221 95 96 228 105 107 364 238 240 115 250 254
128 4 6 137 267 272 145 19 275 406 280 152 157 158 32 35 165 169 174 47 176 185 441 444 189 66 200 74 331 83 84 340 346 218 220 222 351 96 99 229 102 361 235 111 369 377 250 378 252
385 3 131 228 71 295 264 330 427 108 333 112 115 276 182 343 25 255
258 393 265 12 268 399 271 145 18 157 416 419 425 299 172 178 438 56 312 444 322 70 199 201 74 203 76 79 212 215 216 96 359 233 239 369 243 118 122 251 127
3 260 266 267 142 274 275 154 155 282 32 35 293 44 45 429 304 177 56 441 314 447 67 323 340 87 223 357 368 244 120 123 380
388 133 6 263 9 265 138 15 278 24 280 28 417 162 298 49 436 309 310 56 185 187 189 190 319 322 324 69 326 333 208 336 351 224 226 355 100 231 235 111 239 369 118 380 126
385 132 137 394 267 15 399 149 278 27 412 285 158 283 417 419 166 296 427 49 306 307 436 53 181 185 59 315 187 448 69 70 71 197 201 202 329 326 206 80 336 82 339 210 215 221 95 100 356 105 361 107 239 118 248 254 255
256 1 263 264 397 14 270 146 278 151 25 410 282 290 162 38 170 180 183 62 191 200 331 352 102 360 366 239 238 123
259 261 262 72 234 235 437 86 88 121 282 378 188 285 344 31
5 397 399 403 23 152 24 26 414 415 163 419 422 298 433 309 54 183 312 190 62 193 194 196 328 332 205 210 339 85 214 90 99 365 242 373 248 121 123 124 252 127
256 386 3 136 266 274 23 281 282 284 35 44 45 300 304 305 183 56 316 192 323 104 237 368 380
290 258 357 165 232 170 331 266 241 434 214 342 124
385 265 393 12 269 270 17 21 152 413 38 295 41 425 304 306 52 55 313 61 65 201 335 208 212 88 93 349 225 356 117 119 376 127
384 4 133 389 135 392 393 12 271 275 276 279 284 158 32 416 37 165 42 299 44 173 174 172 301 180 183 313 58 59 186 444 446 324 198 199 331 77 215 218 222 96 229 359 233 365 366 367 371 244 118 122 252 125 253
1 132 263 393 139 397 15 404 406 153 156 287 162 35 37 167 426 434 307 53 444 445 319 320 200 329 345 217 354 228 357 359 360 361 238 239 240 115 243 123
260 5 261 10 396 400 153 30 158 161 163 294 39 169 428 431 305 178 436 437 182 316 68 196 200 74 78 334 211 214 97 229 104 232 244 248 125 255
1 392 9 10 270 272 279 408 36 293 167 171 300 47 175 432 441 442 189 191 336 82 86 95 355 100 104 239 369 115 244 243
130 386 138 400 403 27 285 158 32 37 166 294 40 41 426 43 427 49 322 71 202 80 210 216 219 348 220 356 363 243 120 377 255
397 404 153 161 164 303 431 185 442 319 199 338 341 214 346 348 94 97 357 232 374 251 254
263 264 11 139 14 401 275 278 25 282 290 170 50 180 183 62 191 192 65 450 194 75 78 337 83 349 352 229 366 238 112 374
385 5 133 393 141 269 399 144 403 21 23 157 165 38 41 429 176 304 52 55 312 313 61 190 65 196 74 84 340 214 223 351 225 366 115 117 378
256 1 260 394 11 15 146 147 402 274 150 403 411 30 158 32 164 421 165 293 426 43 300 45 431 432 434 436 309 185 442 446 190 65 326 199 72 200 74 202 204 334 338 341 215 344 217 346 345 97 98 226 100 357 229 368 372 248 377 251 124 254 255
2 258 136 398 15 400 276 155 285 417 293 429 431 306 312 188 197 200 74 76 211 87 343 352 355 105 369 373 245 375
226 131 293 261 39 8 136 10 297 199 77 46 330 112 369 359 406 87 154 253 63
4 132 146 402 404 406 410 35 167 307 53 437 444 63 319 328 75 76 77 339 89 217 220 98 100 228 238 240 115 371
257 133 390 135 265 10 268 13 270 400 18 19 20 23 152 284 414 287 416 417 418 419 36 165 293 39 424 296 425 288 176 179 181 312 313 315 449 196 198 71 200 329 74 201 76 203 332 79 81 84 340 212 87 90 351 110 239 366 113 369 244 245 374 121 378 250 124
133 138 267 145 147 275 149 153 27 285 32 166 174 431 49 436 200 74 331 202 80 96 97 356 229 252 255
80 223 328 350 103
129 388 394 273 404 21 24 284 285 35 299 47 176 433 179 54 58 62 72 73 201 77 84 219 226 238 111 368 242 247 381
130 260 261 6 8 10 402 147 404 150 412 30 39 169 428 45 429 47 301 178 437 54 438 313 316 318 199 77 78 343 348 104 232 365 119 375 255
1 4 5 263 137 139 397 270 399 146 403 32 290 425 298 44 307 309 443 319 320 70 200 331 336 216 346 94 353 226 100 228 360 106 364 239 123 380 251
384 68 5 422 294 196 204 77 141 302 400 396 114 147 334 182 407 24 415
1 2 385 258 7 395 150 153 413 414 32 33 290 291 292 37 293 426 43 45 431 432 178 55 184 442 317 193 323 325 326 75 331 204 334 341 342 215 217 345 219 221 97 225 100 357 111 240 241 371 375 378 251
258 4 133 266 143 399 17 145 402 278 152 153 411 284 157 32 290 419 421 298 427 172 301 176 434 183 313 446 65 324 74 205 334 84 213 86 340 218 222 351 96 97 229 357 232 109 365 367 368 241 243 119 378 124 125
387 262 138 396 400 149 278 409 27 285 158 416 34 425 297 49 305 182 185 444 62 200 74 202 207 80 84 343 345 356 233 109 366 238 368 370 117 378
385 4 132 261 9 146 402 148 404 406 410 156 35 36 294 175 307 53 58 444 63 319 328 75 76 339 89 217 98 228 238 240 115 371 381
5 7 268 269 398 403 281 285 30 31 32 286 36 39 296 175 49 437 55 315 189 449 450 75 334 207 337 341 216 89 221 350 356 102 359 232 112 383
260 133 6 261 388 10 267 14 272 147 280 413 30 286 161 39 428 46 47 174 178 437 54 313 185 188 444 62 316 66 71 203 204 78 337 210 83 87 346 220 104 232 238 366 370 242 117 250 380 125 126
3 4 263 264 11 139 14 143 398 22 151 25 282 421 44 180 183 61 62 191 327 75 331 342 218 352 366 238 241 244 117 124
1 10 270 272 148 408 293 300 432 182 442 189 191 82 340 86 95 104 239 115 244 243
5 135 393 267 12 269 271 16 145 399 403 32 33 416 165 173 303 311 441 315 444 450 199 206 213 86 215 96 359 233 115 244 118 119 374 122 123
5 393 267 269 399 16 145 403 276 279 282 31 32 37 424 42 299 172 301 180 311 441 64 450 198 77 334 365 115 371 245 244 253
133 6 267 145 275 21 158 32 417 289 169 47 55 185 316 331 83 346 96 229 238 113 242 118 250 252
7 9 396 397 269 403 148 277 279 283 287 32 33 288 36 420 422 39 167 168 429 434 306 182 63 450 328 73 209 211 216 89 217 219 221 358 105 233 237 114 371 122 251 379 125 126 255
133 390 13 270 399 17 273 19 20 21 402 278 152 411 284 157 285 160 417 288 419 165 293 298 299 427 301 303 179 183 60 62 194 67 196 198 74 332 205 334 337 84 213 340 87 351 104 365 110 238 366 113 243 244 374 247 121 378 250
354 358 230 40 136 201 79 16 241 212 346 188
128 385 258 260 261 7 135 10 395 399 147 30 161 164 422 39 169 428 301 437 184 316 445 317 323 70 74 331 78 336 212 342 216 219 221 222 225 104 232 365 111 379 251 127
11 13 270 273 19 20 21 22 285 157 160 288 430 48 176 62 63 70 75 332 84 87 238 366 113 247 121 250
3 263 264 11 139 14 145 404 276 22 151 279 25 281 282 37 42 170 299 173 301 183 62 191 198 77 352 101 365 366 238 371 244 253
385 257 132 138 266 398 399 400 283 157 414 288 36 293 424 296 45 49 308 53 440 313 312 187 315 64 320 449 200 201 79 348 221 222 95 224 232 105 107 254
5 134 262 264 396 400 147 276 25 416 163 166 294 171 427 175 305 444 63 68 196 71 73 74 334 343 89 217 219 345 228 233 109 117 378 251 253 255
256 131 4 260 387 259 264 263 266 139 141 14 142 270 145 274 22 23 151 25 26 281 282 284 32 290 165 421 296 170 298 300 45 46 301 176 49 305 304 180 436 308 309 57 441 313 316 62 191 192 446 194 323 195 324 210 83 212 85 345 90 218 349 222 96 352 358 104 237 366 238 367 242 115 116 374 247 380 125 127
385 258 7 267 395 16 20 164 42 45 301 432 178 440 57 315 443 317 323 331 335 342 91 219 221 225 106 111 113
133 6 137 138 267 15 399 272 150 278 153 417 166 294 169 174 47 49 436 54 313 187 66 69 326 199 203 336 338 83 341 87 346 220 97 100 357 239 118 250 254
418 323 132 76 364 145 305 377 250 219 287
385 132 137 138 15 399 278 283 417 49 436 53 181 185 446 69 326 201 206 336 221 95 100 101 228 105 107 239 118 254
2 258 259 261 262 140 16 402 276 154 282 285 31 417 40 169 301 431 177 437 192 72 201 74 79 211 212 86 88 344 349 352 354 355 358 230 234 235 369 373 245 375 121 378 125
1 5 133 392 137 10 268 270 272 20 148 408 280 28 30 286 290 36 293 168 171 300 432 49 437 310 55 441 442 191 195 329 77 206 207 82 341 86 95 351 227 355 231 104 359 235 363 110 367 112 239 115 244 373 243 380 253 383
256 388 5 137 394 141 15 399 403 23 24 152 153 411 30 414 306 309 312 56 322 196 197 200 202 333 341 214 88 216 344 224 231 372 248 377
262 263 392 265 10 139 264 14 272 18 148 405 151 408 25 282 288 419 170 171 300 180 183 58 60 189 62 195 201 75 204 82 352 359 104 366 238
256 266 11 142 275 278 23 151 284 45 46 304 305 183 188 194 75 78 98 229 112 383
2 131 258 5 7 141 397 399 414 415 291 164 39 435 54 55 441 68 326 329 332 334 340 347 365 240 372 248 121 122 123 124 252 376
11 141 270 275 278 151 26 423 298 176 309 183 445 192 198 75 78 85 90 355 229 112 242 247 127
387 260 259 264 14 280 34 36 296 46 183 441 189 191 329 77 206 83 212 358 363 367 115 247 379 253
5 392 396 141 270 399 400 274 147 403 23 152 408 157 417 34 163 293 294 42 427 176 182 310 312 57 190 321 68 198 71 327 328 203 334 335 214 230 110 244 374 375 249 125
129 138 267 394 400 154 414 293 429 306 312 190 448 70 200 73 201 329 76 206 82 339 210 343 88 215 361 248
262 390 270 145 276 279 284 29 157 417 37 293 42 299 173 301 176 180 194 196 77 209 104 365 110 371 244 374 119 253
128 130 131 261 6 135 8 393 10 12 271 145 402 20 405 150 153 155 412 416 161 421 297 172 45 46 47 301 54 185 313 444 318 63 65 330 77 338 341 215 346 222 96 97 357 359 233 365 112 369 118 119 121 122 253 254
128 1 257 256 133 263 265 394 139 397 271 272 400 146 19 147 403 278 153 154 409 411 157 158 30 414 288 162 291 36 293 166 424 297 296 429 431 306 436 181 309 312 313 315 62 190 449 66 197 74 202 76 204 208 338 84 341 343 344 346 220 97 229 102 360 361 362 366 239 238 370 372 248 377 123 252 379 255
385 132 262 135 392 265 138 268 399 16 144 18 283 157 287 160 416 419 40 425 300 49 177 53 181 312 58 187 188 191 197 203 76 204 79 212 88 221 95 354 358 230 105 107 239 369 254
256 131 260 138 11 394 274 403 149 405 408 153 27 411 285 30 158 166 300 49 309 190 318 72 200 80 341 344 98 226 356 236 372 119 248 377 254
135 265 268 272 18 274 157 416 417 169 425 54 312 185 313 316 66 196 201 76 79 212 87 346 220 349 364 110 239 369 245 121 380
1 388 262 392 265 268 14 18 20 153 283 413 30 32 290 35 163 164 419 293 169 426 43 300 46 432 305 58 191 326 71 200 201 78 334 337 215 345 97 100 366 370 242 117 380
389 7 141 14 397 16 17 399 402 278 411 30 419 165 39 426 298 427 429 302 301 176 53 438 62 319 321 328 330 334 339 343 344 221 357 231 359 365 110 239 243 123 251
262 138 267 394 14 277 280 36 420 38 426 172 429 301 303 306 435 438 187 315 189 319 448 195 197 70 325 329 77 208 209 82 339 210 215 90 222 352 361 363 367 374 248 122 125 253
383 36 5 166 359 168 268 398 112 49 308 437 341 55 189 30 286
1 260 137 265 12 269 14 270 144 17 400 277 413 414 288 291 420 37 38 295 426 428 429 301 303 306 54 319 324 325 200 206 335 81 338 339 347 93 94 351 222 349 226 356 362 235 119 376 249 122 379 252 125 251 127
352 355 37 198 41 206 175 435 307 85 438 345 26 90 93 318
386 263 138 267 394 141 397 149 26 414 419 422 294 41 169 43 426 49 433 305 436 306 183 57 448 322 197 70 329 206 82 339 85 215 220 361 367 243 116 374 248 377 123
2 258 266 269 147 276 277 154 285 287 288 417 419 429 175 431 49 306 53 188 322 328 74 214 221 350 352 98 355 105 233 364 365 237 369 243 373 245 375 248 379 125
258 387 260 259 135 264 265 268 14 399 16 144 18 157 416 40 425 426 296 46 177 178 183 312 441 188 448 321 195 70 201 74 203 76 79 83 88 216 354 230 358 239 369 115 247 251 127
67 165 299 172 176 86 119 60
196 5 420 230 141 143 16 368 399 147 211 403 150 87 23 152 248 312 125 190
1 135 393 138 267 12 394 271 400 145 403 21 280 153 32 289 416 164 293 426 43 172 429 299 432 306 438 311 444 448 450 323 197 70 199 326 329 204 332 206 334 82 210 339 87 345 91 219 96 97 352 99 100 229 357 359 361 233 364 113 373 118 248 377 122 383
258 5 7 135 270 399 400 403 149 283 32 162 37 39 168 41 295 44 302 175 178 307 443 190 450 70 74 212 89 219 221 228 106 363 364 114 120 122 251 127
2 4 267 396 15 146 402 276 153 26 283 156 410 164 167 41 45 175 434 182 63 64 320 68 328 73 329 75 76 333 339 89 219 224 98 360 361 114 115 243 371 120 250 251 255
3 4 133 11 145 22 406 284 32 35 165 170 44 301 183 441 313 61 446 447 324 327 75 222 96 99 235 364 367 117 125
385 258 132 7 394 395 396 400 403 149 287 32 160 289 35 164 37 418 41 298 175 305 178 306 182 184 186 317 63 323 72 73 331 76 77 342 87 215 89 216 217 221 225 226 361 363 364 111 368 113 120 377 250 251 381 255
128 386 133 272 19 149 156 294 169 426 43 54 185 313 66 322 200 203 336 210 84 87 346 102 361 243 246 377
385 258 132 389 7 138 395 269 399 16 403 277 283 287 32 288 164 39 168 426 429 302 175 49 178 306 53 181 438 184 187 317 319 450 323 328 201 330 331 205 211 342 343 216 89 219 95 225 357 105 233 107 237 110 111 367 379 125 254
128 131 4 133 266 14 398 399 145 277 22 406 284 286 32 290 35 420 165 38 421 426 45 429 303 301 178 308 181 183 440 441 313 445 317 319 64 65 320 446 324 325 199 76 206 79 208 336 345 218 348 349 96 224 99 232 235 365 367 374 122 379 125
32 351 67 323 357 136 429 272 274 115 339 340 56 120 152 123 441 380 314 159
2 3 388 137 266 267 15 276 22 24 280 283 41 45 308 181 56 60 190 64 320 322 68 333 79 217 348 222 228 356 231 232 361 114 120 250
385 258 7 393 395 269 144 401 21 152 409 164 38 41 304 178 52 184 313 61 317 65 323 331 79 342 219 221 111 117
260 263 137 394 11 17 274 153 155 160 162 35 298 428 300 309 54 319 72 73 202 77 208 81 336 219 94 98 100 235 368 252 380 381 254
100 6 103 264 235 13 111 336 373 283 189 351
132 5 134 264 270 399 146 403 276 404 406 25 156 412 32 162 35 167 427 44 307 53 182 187 443 444 319 70 71 343 216 224 106 364 238 240 115 251 255
255 133 11 145 147 275 278 151 153 158 32 165 38 174 431 435 436 192 194 200 74 75 331 78 87 215 345 96 97 361 112 252 383
354 196 358 40 9 201 79 16 177 114 339 212 117 214 87 23 376 188 413 286
224 415 322 388 137 205 430 47 15 333 85 310 24 56 28 189 190 317
258 386 260 389 261 10 266 398 143 147 404 150 281 30 31 161 290 165 421 39 168 169 42 428 45 429 178 434 308 181 438 437 315 316 320 449 75 77 78 79 334 343 348 222 350 224 357 102 104 241 119 124
262 135 393 12 269 396 271 400 145 277 287 288 416 166 172 429 175 305 306 182 444 199 328 74 211 342 215 343 345 221 96 359 105 109 237 117 118 122 379 378 125
96 130 259 261 262 72 235 140 302 433 437 86 88 121 313 378 188 285 344
259 4 133 260 261 262 137 140 17 406 285 32 35 428 437 54 441 188 189 324 72 208 81 86 88 344 218 94 222 351 226 99 227 234 373 121 378 252
202
266 269 142 274 277 281 285 413 287 288 419 421 300 429 175 49 306 436 53 183 439 316 322 323 328 80 211 91 221 104 105 233 365 243 379 380 125
132 263 392 264 139 397 14 272 273 146 404 21 278 151 280 25 281 409 156 285 286 413 160 282 287 35 166 167 423 169 170 299 297 426 174 47 176 430 304 179 180 53 307 183 444 445 62 191 320 321 322 319 200 329 75 81 84 340 352 354 228 357 361 106 110 366 240 370 115 117 247 248 123 252 125 126 406
1 135 263 137 138 139 265 397 268 15 272 17 18 146 148 270 278 25 411 157 30 416 417 162 293 39 425 298 171 302 432 49 436 311 312 185 441 187 442 189 69 326 200 201 330 203 76 205 79 336 84 212 86 343 348 95 100 360 363 240 369 115 244 243 118 123 251
2 258 132 7 397 146 404 406 156 414 287 416 35 164 291 167 426 307 53 55 56 444 445 319 320 193 326 329 94 354 228 357 361 238 239 115 123
65 258 290 164 37 165 357 232 170 75 266 334 143 177 434 371 378 124 413
388 141 14 275 21 24 26 28 413 30 160 417 289 169 298 46 174 309 183 55 316 194 71 204 78 337 85 90 366 113 370 117 118 246 380 127
1 386 135 266 270 399 272 17 146 402 148 149 278 411 285 419 165 294 293 426 43 171 298 302 301 176 49 432 427 53 311 56 441 442 59 189 322 329 330 205 334 210 211 84 86 343 217 220 95 360 237 365 239 115 244 377
1 5 136 393 267 269 398 270 16 145 272 147 148 275 276 279 403 157 32 417 37 421 293 42 170 171 172 173 301 176 305 299 432 180 436 311 441 442 189 450 68 196 198 327 77 86 87 399 90 95 360 365 110 239 115 243 371 374 253
2 258 10 18 276 23 282 154 157 31 287 417 418 419 39 296 173 301 431 188 74 203 334 81 211 87 90 349 352 355 369 373 375 121 124
100 325 422 332 114 115 242 58 283 220 62
387 260 259 264 269 270 14 273 275 21 285 30 160 417 296 46 176 179 435 183 441 316 62 194 195 71 83 84 212 93 358 109 238 113 115
256 138 267 394 141 147 403 153 411 30 287 415 42 304 306 309 54 190 448 193 197 70 200 329 202 332 206 81 82 210 84 211 214 215 340 339 341 344 361 106 365 110 238 372 121 377 124 125 252
448 321 34 417 196 71 392 328 427 335 208 310 23 375 408 374
2 132 133 6 267 13 270 19 20 404 276 283 157 287 288 418 41 169 299 174 47 176 305 179 185 186 64 320 323 68 76 333 332 83 84 87 217 346 219 224 361 364 366 113 114 120 121
255 258 5 135 396 269 397 399 400 17 270 403 150 153 411 30 414 32 288 162 164 37 39 298 299 44 45 175 303 178 306 307 182 438 443 63 70 73 74 205 208 212 216 89 217 219 228 106 364 239 374 123 127
1 260 133 265 141 17 145 275 158 414 32 287 415 291 428 174 304 54 193 200 331 332 208 81 338 84 340 94 96 226 229 106 235 362 365 110 238 248 121 379 124
131 261 8 9 10 145 276 279 280 155 36 37 297 42 299 173 46 302 301 180 182 189 63 195 198 199 329 330 77 206 99 359 363 365 367 112 369 371 244
385 132 260 138 11 399 400 274 150 153 283 33 300 49 53 181 185 187 199 72 201 202 338 341 346 221 95 97 98 226 357 105 107
3 4 134 264 138 396 147 276 149 22 25 153 158 161 427 175 431 436 182 314 63 71 200 73 74 341 343 89 217 219 349 97 228 229 251
266 139 394 142 403 23 153 282 411 410 284 30 38 45 304 305 309 183 190 192 200 202 341 344 102 372 248 377
288 449 36 293 200 424 296 400 403 276 181 312 313 315 157 381 414
385 2 7 135 266 395 143 399 276 154 414 417 290 291 164 165 431 178 434 55 184 188 317 193 323 70 326 74 331 211 212 342 216 344 219 221 352 225 355 357 232 111 112 240 241 369 245 373 375 251 124 127
387 260 261 262 264 140 14 282 413 285 31 296 46 437 183 441 188 195 72 83 212 86 88 344 358 105 234 235 115 247 121 378
384 259 387 261 136 264 10 11 14 17 274 147 406 153 30 161 39 296 169 300 428 46 178 437 54 183 441 316 195 72 202 78 208 81 83 212 94 98 226 358 104 232 235 115 247 252 254
131 259 260 262 8 10 140 268 147 279 155 285 30 161 39 167 169 297 428 45 46 429 178 437 438 188 316 63 199 72 330 77 78 340 86 343 88 344 359 104 232 234 235 112 369 115 119 121 378 253
259 261 392 265 140 396 14 400 18 405 285 288 416 419 166 300 431 305 437 182 58 188 444 191 198 72 201 74 204 206 86 343 88 344 345 359 233 234 235 108 109 117 375 121 378
1 387 264 137 139 397 14 146 151 25 282 162 290 42 170 298 49 305 180 436 309 183 57 62 191 319 200 331 336 210 352 226 100 360 238 239 367 366 116 374 123 380
2 259 260 387 134 263 139 13 14 276 151 25 282 296 425 170 427 46 180 182 183 441 62 191 66 195 325 71 80 336 83 212 343 352 227 100 228 358 238 366 115 247 255
1 129 388 6 135 262 137 392 268 144 18 21 24 157 414 416 418 291 419 425 300 312 58 62 191 200 201 203 76 204 79 208 338 212 88 362 366 111 239 369 379 252 381
256 258 3 390 136 142 143 23 282 284 285 290 35 419 165 44 45 304 49 434 305 308 53 181 183 192 320 322 79 211 348 222 224 357 232 237 365 368 241 243 124
2 5 6 133 136 393 138 394 269 399 16 403 276 410 283 158 32 41 169 172 173 174 47 306 311 184 185 441 443 64 448 320 450 68 197 70 329 333 206 335 82 83 210 339 215 217 346 94 224 361 114 115 244 120 248 250
5 261 135 9 265 18 279 24 157 30 286 416 36 422 168 425 49 437 55 312 189 317 201 203 76 204 79 207 212 340 341 359 239 112 369 383
385 5 393 267 270 399 16 17 144 400 275 21 273 403 152 277 30 414 32 417 287 288 37 38 40 41 168 296 172 173 429 175 304 306 435 52 311 441 313 316 61 65 450 325 71 328 208 211 221 225 105 233 109 237 113 115 244 117 247 251 379 125
1 5 139 12 13 269 399 144 17 18 19 20 148 400 403 272 157 414 413 32 417 162 288 37 293 295 171 44 431 176 303 432 179 307 306 183 442 443 189 446 194 67 196 70 71 198 329 332 335 208 84 86 87 216 93 349 95 228 356 104 106 364 110 239 366 113 115 243 244 374 119 247 121 250 251 376 127
135 393 12 145 27 416 297 172 440 444 320 199 200 215 95 96 359 233 368 118 122 124
128 1 133 10 270 19 148 408 293 169 171 300 432 54 185 313 442 189 191 66 200 203 82 84 86 87 346 220 95 223 102 104 361 238 239 115 243 244
11 269 275 21 22 285 30 160 417 296 176 179 435 316 62 71 74 75 84 344 352 109 238 113 247
260 136 11 142 153 281 285 32 417 300 429 183 56 441 314 443 316 67 196 323 72 202 203 340 223 98 226 357 104 237 110 120 123 380 254
133 136 11 269 399 145 273 21 278 151 158 32 417 289 293 294 296 46 174 435 55 316 192 194 69 75 331 78 87 96 229 109 112 113 242 244 118 247 252
257 2 258 134 264 267 145 279 25 154 283 417 37 41 42 427 299 173 301 431 180 182 188 64 320 68 198 71 74 77 333 211 343 217 224 352 355 228 361 365 369 114 371 244 245 373 375 120 250 253 255
393 269 14 287 288 420 38 426 301 429 175 303 306 319 325 328 206 208 211 221 222 105 233 108 237 122 379 125
137 138 11 139 15 399 17 402 275 151 409 411 417 419 165 166 297 298 427 301 176 49 436 185 187 62 192 194 69 326 72 200 75 205 78 334 336 84 100 229 365 238 239 112 366 370 243 118
261 268 397 145 148 276 28 33 420 37 422 42 43 299 173 301 175 434 180 437 198 77 80 340 358 365 371 244 373 253 126
133 137 393 397 21 405 413 286 291 36 169 299 47 438 311 58 444 189 62 449 450 195 323 329 332 77 206 215 344 224 352 99 357 361 363 364 238 111 367 369 114 371 117 373 119 125 126 253
392 142 398 274 31 423 168 299 300 430 180 183 316 321 322 323 449 75 334 337 350 354 102 104 232 237 238 380
256 3 4 259 263 136 264 266 139 140 14 142 401 151 25 26 31 288 290 35 37 170 44 45 46 173 304 50 435 180 183 443 188 62 191 450 78 334 337 83 89 349 352 353 98 365 238 366 368 245 374 379
385 2 132 138 267 399 276 294 41 175 49 53 181 187 64 320 68 201 204 332 333 216 217 221 95 224 227 100 105 361 107 114 246 120 122 250 254
256 4 390 266 142 145 23 408 157 415 32 160 165 423 45 301 176 305 304 183 313 446 192 324 198 218 222 96 367 125
259 261 262 138 266 140 273 274 21 149 154 27 158 160 419 166 168 176 49 179 53 437 188 62 446 322 72 202 80 211 84 86 88 344 356 359 234 235 237 238 365 112 243 247 121 378
5 268 280 413 30 36 168 169 49 437 55 444 189 62 79 207 341 222 230 359 110 238 112 117 125 126 383
384 132 10 269 397 18 146 277 23 411 157 288 418 419 39 296 426 429 175 304 305 306 53 310 58 186 445 319 320 323 328 201 329 76 81 211 84 340 87 90 219 221 354 357 105 106 233 364 237 110 238 240 361 245 248 121 250 123 124 125 252 379
257 4 262 13 14 269 270 17 400 19 20 277 405 26 282 157 414 31 287 36 37 293 424 296 429 175 176 431 306 179 435 181 312 313 315 191 449 200 328 332 208 211 84 87 89 221 98 359 105 233 237 365 366 113 375 121 250 251 379 125
417 390 8 361 300 174 400 113 242 275 306 21 118 87 55 215 377 219 403 316 30
258 131 386 389 263 266 139 143 401 22 151 282 413 162 164 37 165 421 42 428 434 308 438 183 315 61 189 450 75 204 331 78 79 334 337 83 345 349 222 357 232 241 371 374 378 124
1 2 193 164 258 326 7 200 265 362 208 240 338 55 280 379 252 414
33 131 164 303 341 375
1 257 136 270 272 400 275 148 153 154 155 157 414 32 288 417 36 164 424 296 426 43 171 429 176 432 306 181 312 313 442 315 189 449 196 197 198 326 200 76 204 334 86 87 215 343 345 95 97 100 110 239 115 243 244 374
385 386 388 5 396 400 147 275 149 283 163 167 426 43 182 185 58 322 68 196 334 210 220 95 243 377 381
349 356 134 359 12 396 14 270 144 17 208 306 335 119 216 344 376 93 413 127
257 259 260 387 264 10 138 269 14 400 273 18 275 23 157 414 287 288 417 418 419 36 293 39 168 424 427 46 435 181 183 312 313 441 59 316 315 449 67 195 200 81 337 83 212 87 90 358 109 113 115 245 247 121 124
131 261 8 10 271 278 409 155 34 166 425 46 62 63 320 199 200 330 77 84 98 359 238 366 112 368 370 369 124 253
129 263 137 141 397 399 17 402 278 26 411 30 162 419 165 39 426 427 301 176 309 183 319 194 205 334 336 85 90 219 226 100 362 365 239 242 243 122 123 251 380 127
135 392 145 276 21 279 280 281 160 37 423 42 173 430 301 176 180 438 311 60 321 322 67 323 450 70 198 75 332 77 213 215 93 352 354 99 357 361 364 365 238 371 244 373 250 251 253 127
260 262 392 265 10 11 142 272 18 274 148 408 153 281 289 419 171 183 58 316 189 191 323 72 201 202 204 82 98 226 104 237 380 254
128 130 4 132 6 8 14 399 17 145 402 20 276 277 278 279 411 284 412 32 161 419 420 37 38 165 42 298 299 45 173 47 176 426 178 429 180 303 54 183 184 312 313 443 188 445 317 318 319 446 324 325 198 199 77 205 79 206 208 336 334 218 222 350 96 427 365 367 243 244 245 371 119 122 379 125 253
130 389 7 16 163 426 429 433 53 438 311 441 442 319 324 330 205 84 343 216 221 96 357 234 110 239 115 243 253
397 14 270 277 150 292 420 38 426 172 301 429 176 315 319 67 325 206 208 222 104 374 122 251 125
256 385 3 136 393 266 269 142 144 21 23 152 282 284 287 35 38 41 44 45 305 52 183 313 61 192 65 81 84 340 225 106 110 238 368 117 248 252
256 132 262 263 266 396 142 400 147 23 284 287 416 418 166 45 304 49 436 182 183 57 186 444 192 323 68 324 74 76 204 210 343 345 219 233 364 109 367 116 117 244 374 250 378
129 138 267 12 269 270 394 144 17 400 403 277 154 413 414 287 288 289 37 293 295 429 175 312 190 448 197 70 200 73 329 328 76 206 335 208 82 210 211 339 87 88 215 343 219 93 221 349 356 105 233 361 237 113 119 248 377 376 251 379 125 127
132 5 138 270 399 146 403 404 406 408 26 156 32 162 35 167 44 48 435 53 443 444 318 319 70 209 216 90 228 106 364 238 240 115 251
131 266 22 290 421 45 181 183 439 447 320 327 79 207 345 348 349 222 224 102 232 374
256 263 137 394 141 403 20 153 26 411 30 162 298 183 190 319 194 200 202 336 81 85 341 344 90 226 100 242 115 372 248 377 380 127
384 392 137 23 408 411 28 287 417 34 427 58 189 321 196 71 328 335 231 374 375 249
5 393 267 269 399 16 403 21 280 32 299 172 173 302 438 441 442 450 323 330 332 82 84 215 343 345 352 99 357 105 361 364 239 115 243 244 373
257 5 135 265 268 141 399 400 18 403 406 23 152 154 157 414 288 416 36 293 421 296 424 425 301 429 306 181 313 315 190 449 196 197 200 201 203 76 79 212 214 343 239 369 383
257 130 385 4 132 6 8 393 269 144 145 272 402 400 21 152 25 284 157 412 414 32 161 288 36 165 38 293 296 41 169 424 45 301 47 304 52 181 54 55 183 185 312 315 61 318 446 65 66 323 449 324 199 200 203 76 80 87 218 346 220 222 96 225 234 365 367 117 119 377 125
32 255 3 67 357 323 136 429 274 340 85 22 341 56 120 441 123 348 380 223
257 386 389 138 400 409 157 414 288 290 36 293 421 168 296 42 427 172 428 424 303 181 438 184 312 313 59 449 200 206 79 337 232 116 374
260 261 10 269 142 273 274 147 275 21 281 30 161 289 417 39 296 169 300 428 174 50 178 435 437 55 183 57 323 203 78 104 232 364 237 109 113 242 118 247 380
128 385 258 7 395 268 399 164 301 178 184 445 448 323 331 336 342 219 221 222 225 358 231 365 111 379
130 6 8 11 402 405 26 412 161 45 301 47 307 435 54 313 199 202 209 90 365 119
132 389 7 263 137 397 14 16 146 404 277 150 406 156 287 162 35 420 38 167 298 426 301 302 303 429 307 53 309 438 444 445 320 325 329 330 205 206 208 336 343 221 222 226 354 100 228 357 361 110 238 240 115 122 123 380 125
1 2 9 266 267 397 271 146 19 276 283 287 162 41 297 426 45 432 308 53 181 443 445 319 64 68 72 329 333 79 339 217 91 348 94 222 224 98 354 357 232 361 238 240 113 114 368 120 250 123 124
392 23 408 281 417 34 423 299 427 430 310 322 196 71 328 75 205 335 212 354 238 374 375 249 122
386 388 135 392 137 266 15 149 24 281 285 419 294 423 426 43 299 430 49 53 56 190 63 321 75 333 210 211 220 224 354 231 237 238 365 243 377
385 258 4 132 7 136 395 12 142 274 21 280 25 281 438 287 32 418 164 299 300 429 305 178 54 183 56 184 186 311 313 314 316 317 441 450 67 331 76 332 80 340 342 215 219 221 94 223 96 225 352 99 357 104 361 364 237 111 373 120 250 123 380
4 137 145 284 32 165 301 302 305 433 183 313 441 446 208 88 218 222 351 96 235 367 115 125
2 264 13 14 269 277 164 420 38 426 301 429 303 59 319 66 206 208 222 246 122 125
1 2 258 7 137 138 15 278 153 414 32 417 291 164 293 426 43 432 49 436 55 185 187 193 69 204 334 336 215 345 97 100 360 239 240 367 118
196 421 38 170 398 244 308 436 218
4 392 141 269 402 277 23 408 410 156 159 287 288 34 417 167 427 429 47 175 306 310 62 63 321 196 69 71 75 76 205 335 211 339 89 217 221 98 105 233 237 115 371 374 375 249 379 125
131 5 10 138 267 394 270 399 397 18 146 280 157 287 36 426 306 435 53 441 189 445 319 320 193 448 195 68 197 70 71 77 206 334 82 210 339 340 215 217 348 354 100 357 360 361 363 238 367 240 243 372 248 376 122 123 253
131 261 134 7 8 389 10 16 155 41 297 426 429 46 302 53 438 311 441 442 63 319 199 77 205 333 84 343 221 94 357 359 110 239 112 369 115 243 253
385 258 133 7 263 139 395 143 145 275 158 32 162 290 164 170 174 178 184 317 65 323 342 219 221 96 225 229 111 124 252
13 141 270 19 20 21 280 283 157 415 288 299 176 179 54 311 438 193 450 323 84 85 87 215 351 352 99 100 357 361 364 365 366 113 114 373 246 248 121 250 124 252
2 131 388 134 137 267 15 276 24 283 41 427 44 56 190 64 320 322 68 330 217 224 97 231 361 112 114 120 250
1 131 5 396 397 398 399 400 17 402 147 278 153 281 282 411 413 31 32 290 163 164 37 165 293 168 294 298 43 427 173 301 426 176 432 435 53 182 441 419 193 449 68 196 326 329 75 204 205 340 215 345 350 97 100 357 102 232 365 241 243 371 245 372 376 122 123 378
392 267 12 270 398 16 17 144 23 408 413 417 34 295 424 427 432 306 310 184 443 447 321 196 71 328 208 93 349 356 106 113 374 119 375 249 376 127
128 263 264 137 138 392 13 15 399 148 278 417 162 298 301 47 49 178 436 309 185 187 317 445 319 69 326 340 220 222 226 227 100 365 239 369 118 379 380
388 14 401 151 281 282 413 30 290 423 168 169 296 46 176 438 315 449 450 71 204 78 83 349 366 242 370 117 374 380
1 4 265 19 20 150 153 27 414 291 185 199 200 208 341 346 94 97 357 362 372 121 379 252 254
4 138 267 395 141 394 402 410 156 167 306 62 63 320 448 197 70 328 329 75 76 205 206 208 82 210 215 89 217 223 98 230 361 115 371 248
131 5 133 261 136 268 397 399 274 279 152 157 287 32 165 171 429 176 304 435 437 56 441 314 193 67 68 323 329 74 334 336 81 84 223 351 357 106 110 238 372 120 248 122 123 252 378 380 376
256 382 383 3 5 7 394 268 403 22 150 153 411 30 286 33 36 164 292 168 49 309 437 55 185 314 189 190 199 200 202 207 338 344 346 97 357 359 360 367 112 372 375 248 377 254 255
225 258 323 164 385 7 233 170 331 395 111 143 178 436 184 219 124 221 317 413
261 134 7 262 264 10 389 396 16 400 276 25 154 416 161 293 166 426 427 45 302 429 305 306 53 182 311 312 441 442 438 444 319 197 71 200 74 330 76 77 205 84 345 221 228 357 232 233 109 110 239 115 243 117 119 378 255
256 258 259 261 262 394 140 273 403 280 25 153 411 285 30 295 309 437 188 190 72 200 202 205 341 86 88 234 235 115 372 248 121 377 378
1 131 262 396 400 146 22 153 32 416 290 164 37 166 293 421 41 426 43 432 305 308 182 183 56 311 444 326 74 204 334 209 215 343 93 222 349 97 100 229 233 109 117 374 378
4 133 6 267 272 150 153 410 162 169 425 174 47 177 54 185 313 443 447 66 199 72 200 203 80 338 83 341 87 220 94 97 357 250 254
208 193 36
224 161 320 352 232 329 266 45 79 112 239 308 149 150 181 404 314 59 222
127 131 12 270 144 17 401 22 151 282 413 290 421 295 428 306 308 183 188 450 75 203 78 335 208 337 83 87 345 93 222 356 360 245 374 119 376 121 255
31 384 449 102 168 232 75 301 334 398 211 376 281 159
133 9 10 137 152 28 157 165 429 176 189 324 74 332 208 84 340 223 227 355 235 115 373 378
2 258 263 264 139 14 273 276 21 151 280 25 154 282 416 417 170 299 431 180 438 183 311 188 62 191 450 323 74 332 78 206 209 211 215 90 348 99 355 357 361 363 364 238 366 369 245 373 375
34 162 394 109 46 50 57 282 379
392 397 16 146 281 410 287 423 40 425 426 299 430 177 53 188 445 319 320 321 322 201 329 75 79 212 357 230 358 361 238 240 118 123
2 258 392 9 137 148 276 154 28 417 431 434 441 188 189 194 74 81 209 211 351 352 369 245 373 375
3 390 138 12 270 144 17 149 22 27 285 158 413 166 295 168 49 306 60 202 335 80 208 93 349 224 359 112 119 376 382 127
258 389 7 136 266 397 143 16 146 274 20 21 150 280 153 413 287 32 290 164 37 165 426 299 429 302 434 53 438 311 56 185 314 441 445 319 320 450 67 323 199 329 330 75 332 205 334 338 340 341 215 343 346 221 223 352 97 354 99 232 361 364 110 238 240 241 371 373 120 121 378 123 124 380 254
259 260 387 264 397 14 16 279 33 420 422 40 296 46 175 177 434 183 441 188 317 444 195 201 79 83 212 354 230 115 371 247 126
130 131 5 261 135 8 262 10 393 12 268 397 271 145 146 405 25 155 285 30 286 288 416 36 295 168 297 172 46 48 49 437 55 444 189 63 191 199 330 77 205 207 341 215 96 356 360 233 112 369 115 118 122 253 383
416 1 162 326 263 200 329 359 139 393 397 239 146 19 243 244 341 217 123 124 349
128 2 133 138 267 394 397 272 400 146 19 276 21 403 280 283 287 289 41 426 299 306 53 438 311 445 319 64 320 66 323 68 197 70 447 200 329 450 332 333 206 448 82 210 84 339 87 215 217 219 220 224 352 354 99 229 102 357 364 238 240 113 114 373 120 248 250 123 377 383
1 66 291 200 265 298 396 208 369 338 51 118 379 28 252 414 415
32 352 195 36 37 419 41 329 77 206 239 367 400 403 149 120 216 280 219 189 253
132 5 270 399 403 21 280 287 32 417 162 418 299 44 305 307 438 311 186 443 316 450 323 70 203 76 332 211 215 216 218 219 352 98 99 228 357 361 106 373 250 251 380 125
128 130 4 6 8 266 141 399 17 145 402 276 278 279 26 282 412 285 411 31 288 161 415 419 37 165 42 298 299 45 173 47 176 49 178 301 180 53 54 435 313 317 318 445 193 322 69 198 199 332 77 205 334 336 211 89 222 98 427 237 243 244 371 119 248 121 379 124 252 253
129 388 263 264 265 139 13 14 270 145 19 20 278 151 152 25 282 409 157 30 413 288 418 166 422 169 170 297 46 176 179 180 183 62 191 71 200 204 332 78 337 84 87 352 238 113 242 370 117 121 250 380
3 4 263 145 280 284 32 36 165 301 431 49 305 436 183 57 313 189 446 195 324 326 329 77 206 210 341 218 221 222 93 96 101 363 116 374 125 253
3 136 266 394 142 271 402 153 282 160 34 35 165 166 421 297 425 44 45 304 446 320 65 72 73 74 77 214 219 97 226 124 381
2 131 258 133 261 135 8 137 10 265 268 18 148 276 280 154 155 28 157 415 416 417 297 425 46 47 431 51 312 188 63 199 201 74 203 76 77 330 79 336 211 212 352 355 100 359 362 111 112 239 245 373 375 253
388 14 278 409 413 30 166 169 297 46 62 71 200 204 78 337 84 96 104 238 366 242 117 380
4 393 397 145 402 276 405 279 280 410 156 413 33 290 164 37 420 167 422 42 299 173 301 47 175 434 180 58 63 449 198 328 75 76 77 334 339 89 217 98 357 358 365 111 241 114 115 244 378 253 126
256 131 5 394 397 399 403 153 411 30 424 428 46 435 309 441 190 193 68 200 329 202 334 338 340 341 344 110 248 377 122 123 376
2 258 141 276 21 279 280 154 417 299 431 438 311 188 189 450 323 74 332 211 85 215 351 352 99 227 355 357 361 235 364 369 245 375
131 263 392 397 270 400 401 22 23 150 151 282 408 157 417 34 290 293 421 40 427 172 303 176 49 305 308 436 310 183 57 315 321 450 196 198 71 328 78 206 335 337 210 83 345 349 222 110 367 116 244 375 249 251
2 258 262 392 14 276 23 408 154 288 33 34 161 164 292 417 427 431 49 310 188 321 196 71 328 74 335 211 341 352 355 369 245 373 374 249
131 5 12 397 270 399 144 17 413 295 424 306 435 441 193 68 329 334 335 208 340 93 349 350 356 102 230 110 372 119 122 123 127
256 386 133 394 400 403 149 153 411 30 289 294 426 43 306 309 313 186 190 322 200 202 81 210 341 87 215 344 219 220 361 113 115 243 372 248
259 133 261 262 140 396 400 152 157 285 413 416 290 164 37 165 166 176 305 434 52 437 182 188 444 72 74 75 334 84 340 86 343 88 344 345 351 357 233 234 235 109 241 371 117 121 382
128 1 265 269 15 399 277 282 414 287 288 291 301 46 175 429 50 178 306 317 445 195 200 328 208 336 338 211 221 222 353 105 233 362 237 365 113 252 125
388 263 136 137 14 142 274 406 281 413 30 414 32 417 162 169 298 300 429 46 309 183 56 441 314 316 189 319 67 323 71 203 204 78 336 337 84 340 223 226 100 357 104 364 237 366 242 370 117 120 123
160 257 226 35 385 294 167 40 72 73 265 394 77 368 433 54 55 58 219
18 378 108 341 356
192 417 36 5 229 359 168 361 268 207 112 49 341 437 87 55 215 312 189 30 286
96 163 260 388 392 145 310 440 58 411 350 287
258 132 134 7 393 138 395 269 14 399 144 21 152 283 164 38 167 294 41 304 49 178 52 53 181 184 313 58 187 61 317 65 323 201 331 342 219 221 95 225 105 107 111 117 381 254
290 322 421 294 389 232 42 43 428 426 142 79 210 243 52 149 435 438 377 315 220
195 259 260 166 263 264 296 358 14 46 83 115 212 183 247 441 443
384 137 265 14 15 21 24 413 30 160 294 169 46 56 190 322 71 204 333 78 337 224 231 366 111 114 242 370 117 380
386 7 16 145 290 420 421 42 426 428 429 302 53 438 315 319 330 205 79 343 93 221 357 232 110 112 116
289 356 198 266 176 49 86 284 157
117
384 262 265 145 18 148 23 408 281 417 34 419 423 299 300 427 430 310 441 58 189 191 321 322 196 71 328 201 75 204 335 336 96 354 355 238 374 375 249
385 5 135 267 12 269 397 271 16 144 145 146 403 21 277 405 152 280 32 416 38 41 172 173 47 304 52 311 313 58 441 444 61 65 449 450 199 215 399 96 225 359 360 233 111 114 115 244 117 118 371 122
256 138 267 403 23 153 411 30 160 35 306 309 190 448 197 70 72 73 200 202 329 77 206 82 210 339 341 215 344 219 353 226 361 368 372 248 377 381
225 258 323 164 385 421 7 331 111 178 339 342 184 219 221 317
5 262 400 147 416 163 166 294 295 175 305 182 444 63 68 196 70 73 74 334 343 89 217 219 92 345 233 362 109 117 378 251 255
1 131 5 263 393 139 141 399 17 146 405 150 279 280 26 411 30 287 414 33 162 419 420 422 39 298 426 47 175 303 434 433 435 53 441 58 445 319 320 193 449 68 200 329 205 334 210 340 85 354 357 358 359 360 361 238 111 239 240 114 371 372 374 376 122 123 251 126
16 281 154 31 421 168 424 170 432 181 440 447 64 449 327 75 334 207 335 350 222 102 232 244
5 16 17 23 32 44 49 53 68 70 73 74 95 105 106 107 115 122 123 127 128 131 132 135 138 141 152 162 165 172 173 176 178 181 185 187 190 193 196 201 205 212 214 216 221 222 228 243 244 251 254 258 267 269 270 275 278 283 298 301 307 311 312 317 329 334 336 340 364 365 372 376 379 385 393 397 402 403 411 419 427 435 441 443 445 450
129 257 5 262 396 269 270 17 147 403 149 154 157 414 32 288 289 163 36 37 166 293 294 41 296 424 429 416 305 306 181 182 312 313 315 444 449 68 196 197 200 73 74 76 334 208 87 215 216 343 219 345 233 361 363 109 113 117 374 120 377 378 251 254
225 290 450 105 427 78 337 83 435 374 151 282 349
130 4 6 8 399 17 278 406 153 410 411 156 412 161 419 165 421 167 298 427 45 301 47 176 54 313 188 318 63 446 65 199 328 74 75 76 205 334 79 339 89 217 97 98 365 368 115 243 371 119 124 125
256 257 5 7 393 394 267 141 269 270 16 399 400 149 23 152 153 411 30 32 289 162 37 39 168 41 44 172 173 175 306 307 309 311 312 441 443 190 450 196 70 200 202 81 341 214 87 215 89 216 219 344 221 228 361 106 363 364 113 115 244 372 120 248 377 251
3 132 11 146 22 150 406 156 160 161 35 167 307 180 53 444 319 348 228 232 108 238 240 115 250
288 449 262 199 359 393 202 11 424 397 111 47 114 371 119 280 58 318 191
4 132 133 260 146 402 404 155 156 32 35 167 307 53 312 441 444 319 218 222 99 228 235 238 240 115 380
433 163 6
392 10 14 272 148 23 284 412 417 34 171 300 427 307 310 189 191 321 196 71 328 202 335 82 104 374 375 249
225 166 38 200 297 238 366 370 84 53 278 315 62
256 129 4 139 267 402 156 38 167 436 443 63 328 75 76 339 89 217 346 94 98 354 102 114 115 371
256 384 394 397 399 17 402 403 278 153 30 287 419 165 39 298 427 301 176 309 310 58 190 200 202 205 334 341 344 107 365 239 243 372 248 377 123 251
161 130 228 6 199 8 41 138 45 301 47 365 402 54 119 408 313 318
259 388 12 14 270 144 17 280 30 286 290 164 37 295 169 46 306 436 439 444 62 71 75 204 78 79 80 208 334 335 337 342 93 349 356 357 230 237 238 366 241 242 370 371 117 119 376 378 380 125 126 127
1 2 257 258 5 7 265 141 269 270 397 17 400 26 157 288 418 291 36 37 164 293 296 419 422 424 433 306 181 55 312 313 315 190 193 449 197 326 200 208 210 338 85 88 362 240 123 251 252 379 380
193 163 422 231 362 44 141 332 365 369 51 54 24 121 248 28 124 252 284
262 135 265 393 12 268 396 271 400 145 18 157 166 425 172 305 182 312 442 444 199 201 74 203 76 79 212 215 343 345 96 352 359 360 233 109 239 240 369 117 118 122 378
2 258 392 137 138 269 270 15 273 274 275 276 21 278 23 408 154 157 289 34 293 296 427 174 431 176 49 435 436 310 55 185 187 188 316 321 196 69 198 71 326 328 74 203 335 336 211 352 98 355 100 364 109 110 239 113 242 369 244 245 118 247 373 249 374 375 380 125 383
129 132 265 10 18 23 157 414 287 419 39 296 305 186 62 323 76 81 87 90 219 364 366 245 121 250 124
262 135 392 265 10 138 266 141 397 399 17 18 402 278 23 26 411 157 285 287 414 418 165 422 39 296 298 427 300 301 176 49 433 53 56 58 191 322 70 201 204 205 334 81 210 211 85 87 90 363 237 365 243 245 121 123 124
389 397 14 277 279 33 38 422 424 426 301 429 175 303 434 438 439 319 325 206 208 214 222 358 112 371 116 122 125 126
128 386 131 389 395 398 402 22 153 290 165 42 170 428 50 308 438 183 312 57 315 446 65 199 327 74 79 345 349 222 97 232 237 368 244 374 124
268 141 397 21 279 24 26 414 415 33 163 419 420 175 433 178 434 448 73 210 85 88 358 366 371 246 123 126
321 194 322 354 392 75 299 427 238 430 337 119 281 284
257 398 16 400 405 157 414 288 36 293 420 296 45 173 181 312 313 315 447 449 68 200 335 110 372 376
4 135 264 265 268 144 18 157 416 34 162 166 297 436 312 443 201 203 76 79 212 346 91 354 239 368 369
1 129 386 389 7 397 14 16 17 146 149 277 153 287 32 164 293 38 294 420 298 43 301 302 303 429 432 53 438 445 319 320 322 325 326 329 330 204 205 206 334 208 210 212 215 343 345 220 221 222 97 354 100 357 361 110 238 240 243 377 122 123 125
134 264 392 138 399 17 401 402 276 149 278 23 408 25 411 417 34 419 165 423 296 298 301 176 182 310 59 315 321 196 71 328 205 333 334 335 343 228 365 243 374 375 249 255
386 132 260 261 389 10 17 147 27 30 161 290 421 39 169 42 178 437 54 438 315 316 78 79 208 81 349 94 226 104 232 235 372 252
2 261 389 7 136 10 269 14 16 400 274 277 152 154 287 32 161 288 420 293 38 426 45 301 175 302 303 306 430 53 438 56 312 314 441 319 448 66 67 323 197 325 200 328 330 76 77 205 206 208 211 340 215 343 221 222 223 351 357 103 232 105 233 237 110 115 119 120 122 123 379 125 380
321 2 66 322 354 103 231 392 74 75 299 423 238 429 51 179 281 59
2 258 262 7 14 270 147 276 150 153 154 158 288 417 164 436 442 188 200 74 211 352 97 355 229 367 369 245 373 375 255
1 270 398 272 19 148 23 153 32 164 293 426 43 171 436 184 442 189 320 326 204 334 335 86 215 345 95 97 100 106 239 113 115 243 244
96 160 130 419 324 422 234 77 141 302 397 210 115 85 54 407 441 26 123 381 414
258 266 397 143 15 146 279 153 33 290 420 165 422 175 48 217 355 357 358 232 241 371 378 124 126
386 131 4 5 269 397 399 273 401 275 26 282 31 288 417 37 296 307 441 316 318 193 68 329 206 334 209 340 89 98 229 109 365 113 116 372 247 376 122 123
263 137 138 15 147 278 153 410 413 158 417 425 431 432 49 305 183 439 57 185 187 68 69 326 327 200 74 80 336 210 342 97 100 229 237 239 367 116 244 118 374 255
259 260 5 261 262 10 140 268 147 279 156 285 30 286 161 36 39 168 169 428 49 178 51 55 188 189 316 72 78 207 340 341 86 88 344 359 104 232 234 235 112 121 378 383
386 261 389 7 135 10 16 21 280 29 161 290 420 421 42 299 426 45 302 428 429 53 311 315 319 450 323 330 332 77 206 79 205 209 337 215 343 90 221 352 99 357 232 361 364 110 112 116 373 119 251 127
420 237 80 83 308 436 60 413
64 1 384 398 271 181 54 184 57 91 443 222
131 4 5 133 259 136 260 264 267 387 269 14 392 16 393 274 397 148 399 403 406 32 35 296 172 173 46 302 429 433 435 183 56 311 314 442 189 193 450 67 68 195 323 324 329 330 334 83 84 212 340 343 218 222 223 99 355 357 358 235 239 115 243 244 372 247 120 376 122 123 380
1 270 272 148 150 153 416 164 293 171 302 431 432 311 441 189 330 84 86 343 95 239 115 243 244
1 387 4 5 267 270 399 16 274 403 20 282 410 32 162 425 42 44 301 307 184 57 440 320 70 335 216 346 91 94 228 106 364 251
132 133 262 135 393 12 13 396 271 400 145 146 404 406 280 156 413 286 416 35 166 167 169 172 305 307 53 182 62 319 199 74 215 343 345 96 228 358 359 233 109 238 240 115 117 118 122 378 125 126
128 397 399 146 287 426 301 178 53 317 319 320 66 194 329 336 89 222 354 357 361 365 238 240 123 379
4 270 145 402 153 284 285 32 165 421 45 301 183 313 187 60 65 324 74 218 222 96 97 367 368 124 125
128 38 136 361 424 398 335 16 308 218 346
69 70 197 422 329 138 267 361 394 206 429 82 210 212 306 339 215 248 249 92 317
257 393 397 398 400 405 280 281 157 414 31 288 36 293 168 296 424 47 48 181 312 313 58 315 200 75 334 337 350 102 232 111 114 371
131 5 7 393 267 269 399 16 401 19 403 21 151 280 282 32 290 39 168 299 172 173 175 438 311 441 323 332 78 337 83 215 216 89 221 349 352 99 357 361 364 115 244 373 374
