450 9803
388 389 7 8 13 18 277 278 154 283 164 293 298 44 49 439 440 183 187 444 445 324 199 330 203 334 215 219 220 97 98 103 105 109 367 368 379
128 385 390 9 265 139 140 270 14 398 19 406 410 411 291 165 38 39 296 40 45 50 308 181 186 445 64 320 66 71 335 209 84 215 218 94 354 99 109 110 374 380
257 386 390 262 10 396 142 15 147 20 151 24 25 156 30 159 32 37 295 41 300 429 435 51 441 59 446 450 69 200 331 205 339 106 235 236 367 111 372 119 249
386 132 391 392 10 11 402 277 21 280 281 283 413 161 291 293 38 426 301 47 52 443 190 447 448 191 322 196 327 332 333 206 338 222 223 227 100 101 102 232 107 108 111 113 370 371 116 247 121 126
131 388 387 263 393 397 398 401 148 23 409 282 27 414 292 41 299 311 184 189 448 74 212 213 88 218 221 227 102 112 378
384 260 8 393 394 139 265 269 18 274 150 23 154 33 162 35 293 38 40 298 304 432 179 308 439 449 324 72 329 203 339 342 219 224 98 104 108 109 368 113 118 375 379 252
384 1 129 385 389 390 265 395 13 399 275 149 24 280 155 283 289 34 44 50 309 55 184 444 193 69 330 334 335 336 209 339 341 215 220 225 226 100 229 103 109 239 111 116 373 119 379
1 385 6 134 265 404 276 281 412 417 35 295 40 169 44 46 302 436 310 56 314 187 316 192 330 331 77 336 80 210 219 221 224 99 359 111 115 116
253 2 263 392 267 268 397 396 401 18 153 26 283 162 291 165 38 167 41 43 428 47 306 435 52 307 57 447 75 88 345 351 227 102 232 116 378 381 382 255
127 3 4 133 132 392 393 397 16 17 283 27 413 286 288 292 37 168 297 41 172 173 302 48 438 312 448 323 196 207 339 212 343 344 218 223 228 229 103 106 108 114 119 376 122 123 382 383
4 388 137 398 274 407 408 159 415 33 162 34 420 38 303 47 305 49 439 59 317 190 448 449 195 324 72 80 208 339 342 218 227 229 104 109 113 243 118 252 253
385 258 386 389 266 394 139 13 271 399 404 149 280 409 156 160 161 168 41 170 46 304 309 438 314 193 204 78 335 80 209 214 215 348 224 229 230 103 373 124 381
1 385 130 7 395 12 400 19 276 404 275 154 286 289 35 295 40 44 51 309 310 54 56 184 314 315 441 331 336 339 341 215 216 91 220 347 350 224 225 226 232 106 109 237 111 117 122 379
2 388 140 141 401 406 282 410 411 31 418 162 165 422 423 46 47 50 435 52 308 311 313 57 316 447 320 321 63 198 75 332 211 83 342 343 88 345 217 222 230 112 121 252 381 255
384 3 132 389 268 142 398 16 17 274 407 412 286 159 164 168 171 303 49 433 307 52 438 441 58 317 448 322 323 196 202 81 338 217 227 228 113 117 373 376 378 127
128 133 393 10 394 137 398 15 403 22 279 407 284 413 33 292 164 38 169 47 48 49 303 308 54 313 314 59 317 449 213 344 218 219 350 223 99 227 228 233 235 109 240 119 123 125 382
385 129 258 134 265 10 139 143 15 144 275 25 284 285 34 165 168 426 44 304 49 50 53 438 311 55 314 60 445 189 316 450 324 329 201 78 335 209 214 215 86 345 91 348 224 225 354 229 230 233 124
1 130 387 6 135 264 9 392 270 401 145 19 276 405 277 281 29 286 289 162 167 40 169 435 52 444 325 199 331 80 81 211 84 341 215 221 226 109 240 116 375 379
128 2 396 13 140 141 18 402 146 151 282 410 287 295 42 428 46 177 50 306 311 58 62 320 197 326 331 342 353 226 227 97 230 236 238 241 243 117 381 383
3 132 261 137 138 398 142 147 403 407 152 153 283 288 33 298 171 429 47 48 52 53 312 441 314 57 317 62 63 319 322 202 203 332 204 81 338 343 217 93 222 351 94 353 228 232 233 237 243 373 118
4 390 138 395 399 403 404 22 279 280 285 413 418 292 165 293 170 43 303 48 179 309 55 59 188 63 202 334 344 223 224 233 234 112 382
131 136 143 16 21 149 405 280 285 413 290 304 309 53 59 450 323 204 334 335 340 344 345 94 225 356 233 235 241 246 125
5 6 135 264 265 266 396 140 145 401 410 286 415 30 171 174 432 50 306 179 437 55 439 315 60 317 444 65 322 194 66 325 330 207 84 212 340 91 92 221 97 354 226 230 231 235 236 240 116 121
257 385 3 7 137 398 402 146 406 25 26 411 283 28 288 416 421 167 295 297 173 46 51 56 57 58 316 447 63 66 67 326 72 205 336 337 83 342 227 231 232 362 236 115 243 117
3 134 263 393 137 139 398 17 146 403 278 24 152 412 157 28 32 417 418 416 168 427 47 53 56 57 62 68 326 327 328 337 338 83 228 359 233 236 243 247 248 249 123
9 138 267 403 148 279 24 408 153 409 28 284 158 294 169 428 174 177 179 435 53 440 59 63 319 449 447 69 325 210 83 339 338 215 87 344 100 357 234 114 119
388 5 10 395 399 400 401 149 405 279 154 155 28 285 286 159 291 295 170 298 176 434 179 54 55 314 59 60 189 61 65 66 195 69 329 208 214 345 350 229 230 104 234 235 115 118 120 249 379 125 255
385 137 396 142 401 149 150 406 24 25 26 27 155 281 415 160 419 420 295 171 176 435 181 56 59 60 61 190 189 65 66 325 329 335 214 94 362 235 236 110 239 367 114 115 116 249 250 252 126
132 270 271 18 277 282 156 416 166 172 48 180 438 443 192 66 67 450 328 202 76 333 337 213 342 341 218 347 90 222 98 103 232 233 360 117 246
3 391 398 147 404 23 408 283 157 31 289 293 294 423 168 427 43 301 432 178 179 52 308 438 183 62 63 64 193 67 69 72 332 333 337 211 347 348 227 228 232 237 238 242 117 121 252
140 14 145 148 404 152 154 284 30 158 34 35 164 418 38 423 168 422 174 433 179 438 184 58 59 62 63 64 449 198 73 332 333 78 338 343 348 354 229 233 365 370 242 248 124 255
3 400 273 405 149 25 410 285 159 419 169 429 175 49 183 441 59 60 446 70 74 331 336 339 340 344 216 345 221 350 93 99 106 363 235 109 239 240 115 249 125 254
260 6 394 11 16 144 20 149 150 407 155 160 34 292 165 296 297 170 304 305 434 309 181 182 186 187 315 61 445 65 450 67 66 70 71 72 201 330 75 341 214 346 350 351 356 231 236 250 124
258 7 11 143 17 402 148 151 155 31 287 33 161 417 292 38 425 426 307 436 441 57 187 61 62 65 66 193 72 335 336 341 342 346 348 351 353 238 241 117 373 245 123 127
6 391 8 13 403 276 153 157 31 292 167 427 43 301 432 308 437 183 442 186 63 447 449 68 72 73 203 332 77 334 211 339 342 87 348 352 96 224 98 109 238 366 114 243 118 247 378 252 127
258 263 268 397 152 410 415 289 37 422 423 168 300 173 433 179 307 438 184 185 190 319 64 62 68 69 73 75 343 217 348 349 353 242 244 127
130 3 259 261 264 10 266 273 151 410 158 159 36 164 424 41 428 429 174 175 434 183 315 68 70 200 338 93 230 363 109 240 115 244 375 248 376 119 379 125
2 4 260 6 9 394 11 270 16 274 279 31 34 165 296 299 430 304 180 189 445 190 66 71 201 329 80 337 214 342 95 351 355 356 99 227 231 361 112 369 240 241 117 375 251 380 124 254 255
256 2 130 261 400 406 407 281 155 412 413 418 162 292 166 40 425 171 303 176 47 308 182 310 441 188 446 63 193 65 71 72 76 77 78 335 86 87 217 346 91 220 222 351 223 356 232 237 242 245 373 117 251
128 2 258 6 8 264 267 13 269 272 18 403 147 276 154 417 161 39 167 44 431 177 178 437 183 186 63 71 87 92 96 353 352 358 232 362 366 243 251 379
3 259 5 263 9 10 12 397 409 282 414 37 294 299 173 307 438 443 318 192 69 343 88 217 345 348 93 349 354 102 359 230 358 234 363 115 372 119 120 253 127
259 264 274 19 149 405 410 158 415 416 290 164 420 421 425 43 428 174 306 311 184 313 439 319 191 65 64 196 68 74 204 80 81 338 84 86 344 219 223 354 355 230 359 240 245 374 248 254
387 390 136 9 265 267 400 272 275 404 21 406 279 149 411 155 157 30 162 35 291 296 425 42 301 47 434 180 181 436 189 191 69 71 74 80 81 85 344 90 346 351 355 356 99 100 361 236 365 369 245 382 255
256 1 258 130 132 7 8 266 396 13 400 17 412 416 417 40 302 310 441 187 446 76 81 86 347 220 348 96 352 356 103 233 368 242 247 122 123 127
2 262 267 277 161 424 172 303 431 178 309 314 442 187 192 68 71 199 77 84 341 89 353 98 357 108 238 243 251 123
385 390 134 8 263 138 12 14 19 404 275 24 282 414 160 165 168 299 173 50 309 189 192 448 193 74 204 79 349 353 98 102 359 358 239 368 369 243 372 244
130 4 133 9 11 269 14 16 403 20 405 25 39 295 43 434 179 185 314 59 444 189 190 313 449 194 84 220 351 223 99 355 229 235 236 109 241 245 125 126
131 265 10 270 16 20 21 150 280 410 411 29 164 427 434 306 180 181 312 186 60 445 317 319 450 329 74 330 202 85 215 344 87 92 95 351 356 104 361 241 246 375 251 254
1 388 393 11 15 16 17 278 407 281 285 286 32 163 168 297 428 302 176 177 53 181 182 186 187 316 58 318 191 317 446 322 195 196 197 323 77 211 86 87 91 93 96 228 357 105 362 361 237 366 367 113 247 375 377 123 127
129 2 7 136 137 138 267 14 398 17 19 406 23 282 413 287 423 298 46 303 308 438 316 447 197 208 83 353 226 97 354 357 102 358 362 238 239 243 244 253 383
257 129 3 268 13 278 24 414 167 424 299 429 430 435 309 438 183 437 315 189 320 193 194 448 198 77 205 88 90 347 95 98 359 363 108 244
384 130 4 391 9 395 396 14 15 18 20 150 281 154 410 30 286 160 289 288 166 295 169 171 300 435 56 444 189 190 61 194 198 200 75 80 349 94 354 359 104 364 108 240 114 250 379 378
131 132 137 139 269 17 20 22 281 25 26 410 285 409 416 290 169 49 306 440 186 319 191 194 195 70 200 81 86 345 220 94 95 356 229 357 359 361 110 241 247 380
260 13 271 16 272 147 407 281 27 412 417 297 170 171 302 433 181 438 183 440 318 322 323 196 197 201 77 206 208 80 82 213 343 222 350 96 98 101 102 106 242 247 376 122 383
7 138 399 17 21 277 23 27 284 289 163 291 168 298 174 303 308 182 59 188 317 64 193 322 192 197 327 201 213 87 92 348 97 102 358 363 111 113 377 122 381 382
129 388 134 135 8 139 140 13 268 142 274 278 24 25 28 412 158 303 304 434 52 309 314 189 194 322 74 79 348 359 232 360 365 113 250 254 383
130 263 9 265 140 14 20 405 24 25 34 294 425 300 173 305 179 436 310 441 443 60 315 326 199 204 79 209 211 83 85 216 345 94 353 101 104 369 114 249 250 379
384 141 15 402 19 24 280 411 31 287 292 294 426 49 177 311 315 190 62 320 195 196 67 201 204 81 84 225 354 356 101 230 361 366 114 375
386 3 137 138 11 142 143 16 272 145 21 22 278 152 26 27 28 31 32 415 417 296 47 178 55 312 313 442 325 72 77 206 211 87 223 101 106 363 235 111 367 368 116 118 376 121 248 252 253 382
258 387 138 266 143 17 23 27 28 32 423 297 428 303 48 432 176 307 439 57 444 188 446 198 329 73 202 77 83 212 86 214 217 219 356 358 103 104 107 111 368 372 248 377 122 253 381 383
387 388 393 405 279 27 28 283 414 288 33 34 419 290 293 295 424 297 303 52 180 308 185 314 189 65 194 198 70 199 203 204 207 89 94 359 232 364 108 113 373 117 378 383
256 261 134 263 140 141 145 146 19 20 148 25 410 30 31 415 289 34 418 36 164 420 430 309 184 58 443 315 444 189 194 195 199 200 328 209 210 83 85 90 353 354 365 238 371 250
256 384 130 261 390 136 395 269 14 270 141 146 20 21 24 26 285 30 31 286 35 294 39 40 426 179 442 186 316 189 447 320 449 66 200 201 204 332 337 341 89 217 91 222 359 107 365 112 114 115 371 375 250 251 380 125
257 2 390 391 401 145 408 411 413 30 31 415 161 291 36 422 423 42 427 298 301 300 433 306 307 437 55 311 183 192 196 325 197 73 201 203 206 210 217 223 235 247 120 381
259 264 392 266 143 402 148 149 23 151 27 28 288 33 34 292 421 39 423 168 42 302 176 432 307 312 61 446 331 86 88 93 222 356 112 241 368 374 127
384 2 387 264 393 139 398 272 144 403 149 23 24 27 28 29 283 33 34 163 419 38 168 297 429 308 309 63 319 194 450 203 335 207 84 213 340 94 225 362 363 110 368 115 117 374 249
260 389 393 394 145 148 404 150 24 411 284 29 30 159 416 33 301 430 304 305 314 58 315 189 186 191 195 328 75 76 205 79 80 84 213 214 344 350 95 224 365 238 109 370 375 250 123 124
256 262 135 136 267 269 146 405 151 152 25 410 160 35 36 37 421 42 300 45 305 306 179 321 449 70 201 334 84 215 89 91 220 96 225 359 115 244 120 377 376 249 125
257 386 3 131 133 390 7 136 391 396 397 142 401 406 152 26 27 283 157 30 291 36 41 298 43 300 301 302 306 307 312 317 193 197 338 210 343 217 221 226 98 228 358 232 362 118 120 382 126
263 392 137 397 273 402 151 414 32 33 419 37 421 304 307 53 189 61 194 68 328 73 331 79 207 88 217 93 241 378 253 383
2 134 393 265 139 270 144 272 403 149 155 160 33 419 38 39 40 43 45 434 308 182 314 319 194 323 199 84 92 94 228 233 362 243 123 379 380 254
130 260 6 393 11 139 145 150 24 409 30 33 34 35 39 424 174 430 304 303 309 439 59 315 189 319 449 200 205 210 85 214 213 346 349 95 100 229 231 236 365 116 121 123 124 255
130 135 266 395 151 154 410 156 31 416 417 290 35 36 421 422 424 307 310 312 315 60 64 192 320 197 70 325 334 82 210 214 87 220 96 230 231 244
388 5 262 138 267 396 268 401 273 275 406 282 158 32 416 163 422 42 43 427 173 46 48 432 306 437 56 185 197 326 203 216 92 95 97 231 361 236 365 366 252 382 383
263 9 396 14 402 407 283 33 417 36 303 306 52 438 313 67 213 216 349 232 234 239 368 117 373 124 126
133 264 398 143 149 153 154 29 413 157 39 424 425 427 44 303 178 308 310 184 313 314 315 444 318 67 199 200 204 78 79 337 85 89 90 94 223 224 99 228 238 369 114 247 248 123
386 259 260 391 8 265 399 145 276 278 409 155 161 35 419 164 166 39 425 45 430 49 51 54 310 314 59 60 188 319 325 200 329 205 90 219 95 98 99 240 368 370 114 375 124 380 255
255 129 265 12 399 17 276 150 155 31 39 426 305 309 310 311 316 330 76 211 219 96 352 235 237 242 371 376 251 381 127
262 393 138 146 411 160 416 427 428 46 430 437 56 57 313 318 446 322 67 70 326 203 76 332 333 207 83 212 340 88 92 93 226 231 236 377 250
389 263 8 394 11 12 18 147 148 279 152 281 412 158 164 38 422 169 42 43 52 54 183 188 318 191 322 67 323 207 337 343 88 93 222 98 101 102 103 232 371 373 378 383
384 130 259 132 134 135 264 138 15 399 18 402 20 274 149 153 413 418 42 43 44 429 434 308 53 312 58 319 323 329 333 348 222 355 233 240 243 245 374 248 379
384 385 260 389 265 145 150 280 409 160 419 163 430 431 433 435 436 54 440 316 444 319 321 324 200 73 330 205 206 210 339 211 215 343 91 95 96 229 105 234 370 375 249 253
261 397 14 271 24 25 410 282 156 26 155 287 284 161 167 425 172 305 50 57 441 60 62 321 194 325 326 79 340 90 91 220 101 104 106 110 240 245 374 250 380 381
2 387 133 262 135 261 138 267 18 403 405 23 151 152 411 286 421 42 426 45 302 47 431 308 58 442 187 315 321 66 67 68 322 326 71 327 331 207 341 342 92 97 225 358 231 363 236 107 243 248 377 251 123 382
256 388 262 148 153 158 287 422 166 43 428 427 303 48 432 434 436 437 438 439 57 443 62 191 448 323 324 327 72 328 76 208 209 214 346 352 98 99 232 237 113 242 371 373 118 247 252
258 388 138 143 400 17 402 149 285 158 287 159 418 290 164 39 423 42 44 175 49 53 439 312 60 444 319 65 324 197 328 329 204 333 209 338 214 344 219 348 93 94 222 99 229 104 107 113 243 248 377 253
136 138 269 141 270 275 279 408 26 155 284 35 163 165 39 40 424 48 49 434 435 433 55 440 59 318 324 325 73 329 330 334 343 220 349 94 95 100 228 230 105 361 366 239 369 374 375 251 380 254
385 259 5 9 14 155 284 160 161 165 295 41 170 425 169 430 431 304 51 437 311 439 441 442 446 319 320 65 194 321 70 326 327 331 206 79 80 212 216 345 217 221 349 96 102 104 364 245 374 375 380 381 255
262 135 403 405 151 156 157 286 288 290 421 293 45 431 178 308 436 438 442 315 61 446 63 68 200 201 76 332 207 336 212 341 217 91 352 225 107 237 110 371 117 246 377 380
256 262 268 141 144 273 29 157 163 166 422 43 172 178 51 436 437 313 442 443 62 448 321 76 77 332 337 83 213 342 346 218 98 108 364 369 117 254 383
384 258 389 262 13 269 17 274 23 159 287 39 172 173 428 304 49 433 438 440 442 444 445 63 319 68 197 329 330 335 209 82 83 215 89 220 352 99 105 107 109 110 377 379 253
385 259 134 265 138 270 144 275 406 23 408 411 160 291 40 296 299 174 48 434 181 55 186 318 194 325 71 74 203 334 79 84 215 344 220 95 100 228 110 113 244 245 125 254 383
257 259 262 142 147 20 281 410 285 414 32 420 37 41 169 175 49 305 436 439 441 446 65 321 450 70 79 80 336 86 216 349 96 99 101 104 106 367 240 241 371 372 245 255
256 2 387 262 265 266 143 272 20 22 408 28 157 156 290 291 292 426 171 301 431 176 175 178 52 53 57 443 61 447 448 66 326 71 327 200 76 332 333 338 341 86 87 217 223 356 102 232 361 362 107 108 238 110 117 246 373 247 251 380
388 393 141 143 272 148 278 409 411 414 163 38 167 299 172 48 177 433 51 432 53 438 184 442 189 447 448 321 67 198 72 74 203 77 82 342 87 218 347 92 348 352 98 231 247 383
384 258 260 262 393 394 265 268 273 274 150 158 35 40 169 168 44 172 49 178 54 438 439 442 444 448 68 73 78 82 214 88 219 93 352 354 98 99 358 109 373 375 248 253
383 1 259 264 139 270 274 19 23 155 293 169 174 50 434 179 55 444 445 449 325 74 203 330 336 84 341 349 225 354 226 359 105 365 111 113 116 249 254 255
1 260 6 265 270 144 275 276 412 29 414 156 160 161 417 35 420 45 46 175 302 51 435 180 54 436 187 444 445 192 450 324 69 77 205 335 80 336 340 85 345 90 221 350 95 96 356 101 234 114 120 250
2 388 262 263 8 392 265 268 397 271 16 276 153 158 32 162 38 43 171 302 47 431 175 436 181 441 442 445 446 193 327 331 76 77 337 85 86 346 91 93 351 96 223 227 356 355 237 247 378 122 252 382
257 386 4 262 7 393 138 267 272 273 277 26 158 167 168 296 43 172 443 447 72 206 338 339 87 344 218 92 223 229 103 362 363 367 114 116 119 378
384 258 259 4 263 147 278 284 415 417 420 423 168 173 305 54 310 438 57 58 59 444 183 190 195 327 329 80 83 339 348 93 353 98 104 237 368 369 114 119
385 386 4 5 390 9 395 268 270 271 274 275 156 161 165 41 169 300 46 50 179 178 54 55 440 448 449 194 450 80 340 215 88 94 225 354 358 105 364 110 369 244 381
1 386 389 7 265 10 12 399 400 149 281 155 29 415 161 296 170 171 44 299 439 185 441 60 190 446 195 80 209 341 342 214 216 347 221 100 232 106 237 111 240 119 120 122 380
387 261 6 11 272 147 277 150 282 27 412 286 420 423 298 427 172 48 176 177 52 308 57 313 186 60 447 193 198 328 201 330 202 83 213 86 342 88 93 356 101 361 106 107 240 242 371 252
384 1 388 389 267 271 272 274 277 287 159 163 164 168 428 49 177 181 182 312 313 318 323 203 82 87 91 223 97 228 357 102 361 107 108 367 372 377 123 382
3 392 10 139 13 273 278 284 32 288 419 169 302 309 54 59 444 448 449 193 334 83 212 344 219 93 350 358 103 104 363 235 109 368 240 114 122 125 254
4 395 274 153 285 289 423 426 175 444 445 60 316 63 194 199 329 201 333 84 340 86 89 91 94 225 104 105 110 369 243
386 387 4 260 6 130 392 10 394 274 275 276 277 150 154 290 162 166 167 171 45 51 52 184 61 446 195 199 200 205 341 90 94 356 105 364 110 116
128 1 2 6 7 11 395 13 271 16 18 403 286 32 162 35 291 37 172 47 177 305 187 447 191 67 328 332 342 215 91 222 96 353 361 106 238 111 112 241 366 243 368 376 125
2 387 271 403 277 282 283 28 156 287 292 168 426 173 429 178 53 181 314 319 192 66 197 202 204 336 83 89 91 92 94 223 228 102 361 362 107 108 363 238 112 372 246 123 253
3 4 388 390 7 8 392 395 13 399 273 404 277 278 280 283 285 164 165 293 169 170 428 302 174 179 55 59 60 187 188 449 339 344 219 348 97 229 103 109 367 113 114 243 373 119 122
128 131 5 390 136 264 14 398 400 275 404 21 149 38 175 308 184 63 65 194 324 333 335 345 218 356 234 109 110 241 114 115 243 246 379
4 6 11 15 401 274 405 281 285 286 159 291 166 295 171 429 176 49 432 305 437 55 56 184 186 61 317 190 322 200 205 207 339 85 86 341 92 97 226 236 365 364 111 371 375 121 249
257 386 262 391 392 10 395 398 142 402 276 280 281 26 283 28 158 288 35 291 168 172 173 177 305 52 183 57 58 190 63 196 201 331 76 77 206 337 342 215 222 351 352 98 227 100 101 231 361 106 363 111 112 241 370 371 117 122 125
131 387 134 8 138 139 398 401 24 27 28 283 32 163 37 41 426 297 302 178 311 188 63 66 68 197 202 207 336 343 221 223 359 364 112 244 372 118 246 377 249 123
4 7 8 9 393 398 18 404 277 23 28 284 288 162 294 169 298 174 432 179 435 440 59 187 319 193 449 325 72 208 210 339 213 342 215 344 97 100 359 234 108 239 367 373 118 378 124 252 383
128 384 395 13 398 15 400 401 19 24 283 29 30 286 34 290 291 38 39 294 176 180 308 61 449 66 450 200 75 204 214 89 90 218 94 350 225 230 114 373 124
259 6 390 137 11 396 142 399 400 20 279 281 409 27 286 159 290 35 291 295 170 429 176 305 181 185 314 59 195 69 325 335 336 209 210 339 85 346 224 362 235 367 241 115 116 246 249 379 252 126
386 3 261 7 391 10 396 397 16 280 26 412 292 37 296 41 171 172 431 177 438 443 190 196 328 213 218 347 100 101 103 232 237 111 370 122 126 127
131 387 397 398 401 404 27 288 289 162 293 294 41 298 302 178 307 179 311 64 68 69 343 217 221 353 98 358 103 233 122
255 4 388 393 140 14 398 399 145 23 284 30 414 288 289 162 293 174 432 179 184 59 449 193 198 72 208 213 342 349 229 359 365 113 370 124 252 383
384 10 394 13 399 400 405 410 283 295 299 44 175 309 54 55 439 185 314 315 60 441 446 193 324 331 214 216 219 221 350 99 103 106 111 240 114 373 119 120
134 10 139 396 16 400 404 407 25 411 412 155 286 34 290 292 296 297 171 44 45 49 435 181 310 182 314 187 319 67 71 72 76 210 84 341 349 224 225 356 231 360 105 236 110 115
258 131 133 263 391 393 12 143 272 17 148 406 407 412 31 33 162 165 38 166 296 177 435 182 311 438 186 316 67 72 201 75 77 206 208 211 345 347 352 237 368 116 117 373 121 252 255
392 16 403 22 408 27 413 286 32 288 37 297 298 47 307 188 317 63 192 449 68 196 334 339 212 213 219 92 223 224 227 233 106 109 114 243 376 253
128 129 4 137 398 399 407 409 410 28 415 294 300 174 47 303 184 313 185 317 190 318 193 324 69 328 75 208 213 344 227 228 229 234 239 244 118 119 253
129 258 261 134 264 10 139 266 15 400 405 151 34 35 36 295 168 41 44 300 49 180 438 65 78 348 350 224 229 245 374 119 376
2 135 264 394 140 16 145 19 289 40 425 301 181 186 326 199 337 211 342 215 346 350 351 227 230 236 109 112 241 117 379 126
131 132 7 136 396 141 140 17 407 410 413 287 418 423 426 303 177 50 51 437 311 56 188 191 320 193 321 448 447 326 78 211 213 357 230 242 126 127
132 133 261 388 264 13 142 269 18 402 147 154 413 288 417 37 293 39 171 44 302 47 303 178 307 52 183 57 441 317 63 322 323 72 73 81 212 217 347 348 222 351 223 353 108 237 238 368 243 379
129 258 259 5 263 398 148 22 418 292 294 48 304 53 189 318 69 328 202 340 345 349 223 354 228 230 234 239 112 115 120 249 124 382
384 129 130 4 134 10 394 139 15 399 143 20 149 410 29 413 416 420 165 421 295 299 44 300 306 53 311 185 314 191 323 196 329 330 81 214 344 345 219 350 360 233 234 240 245 249 254
130 387 260 390 264 136 10 267 271 16 400 145 272 405 406 280 157 415 162 291 420 165 296 301 174 47 434 181 310 314 444 320 69 325 330 76 84 351 354 355 356 241 370 124 382
385 132 263 8 136 17 146 406 278 25 282 412 286 416 295 168 297 46 431 182 56 316 62 71 328 331 205 206 81 92 348 352 228 233 238 115 247 123 127
128 138 18 147 146 403 23 407 152 157 413 416 417 418 293 424 309 56 314 188 317 194 322 68 326 199 73 207 81 84 89 348 222 351 353 227 357 363 236
129 385 259 133 134 390 138 267 275 148 403 22 408 409 413 160 292 165 294 423 43 177 50 179 184 313 318 63 447 323 68 69 324 202 333 87 348 228 357 359 239 112 243 249 382
388 11 143 16 20 405 24 25 410 154 28 409 414 159 415 160 413 419 420 169 298 50 180 53 185 59 194 323 195 324 70 208 219 350 351 233 234 236 240 241 244 245 118 250 126
135 136 264 265 395 139 270 20 21 149 405 404 26 155 416 419 296 427 300 301 46 174 431 50 306 309 55 312 186 59 60 444 317 319 329 74 202 79 81 84 86 87 344 92 354 100 230 236 365 239 240 241 115 246 250 251 254
385 2 258 132 388 6 393 138 12 141 270 17 146 278 151 407 25 157 413 416 161 163 422 295 168 426 427 302 431 306 180 53 181 308 56 316 321 66 450 71 72 202 205 206 341 352 97 228 357 360 106 362 236 241 115 373 246 123 251 127
128 129 2 388 391 14 146 19 147 23 412 157 31 416 422 168 427 301 303 432 308 56 57 313 62 326 207 337 211 343 354 232 236 237 239 244 247 248 121 252
129 388 139 267 14 19 148 152 409 413 419 422 423 428 430 433 177 58 315 189 62 63 447 320 323 332 205 87 90 95 354 357 364 239 242 244 248 249
130 3 388 391 396 15 273 20 149 409 410 281 284 28 286 415 166 298 171 300 429 305 434 183 56 185 59 445 190 189 195 69 200 329 208 93 224 234 114 244 118 250 379
132 137 394 17 149 22 405 411 34 419 420 421 290 425 299 301 306 435 185 186 59 60 65 196 325 200 329 330 76 205 204 86 214 94 95 356 357 362 239 240 241 246 247 249 250 251 124 255
257 270 17 146 408 412 33 161 422 296 297 302 433 436 180 438 187 447 66 323 450 197 326 71 201 202 331 336 208 213 341 90 92 98 360 362 363 367 241 247 251 252
128 133 391 399 272 18 23 152 284 157 31 289 418 301 174 303 437 438 59 62 64 193 67 198 327 72 328 203 77 82 338 211 358 363 237 242 247 248 121 252
134 135 139 140 144 19 24 25 409 152 153 158 414 418 422 424 168 428 304 433 309 438 189 62 63 194 68 328 332 333 79 338 348 360 365 242 244 248 249 250 254
130 3 259 135 140 273 20 409 154 284 30 159 415 419 420 40 424 300 305 434 179 436 54 183 441 190 195 326 329 80 339 211 216 93 354 101 104 363 365 249 250 254
385 131 260 5 389 136 266 394 141 402 405 281 26 155 31 287 34 290 292 164 421 426 170 175 304 177 435 311 186 62 191 65 67 199 201 335 80 85 214 350 95 361 234 366 246 375 250 124 255
256 132 261 7 138 12 396 142 143 268 22 407 153 27 28 156 155 413 32 33 162 292 421 422 166 425 42 43 426 171 302 431 438 312 441 65 66 71 327 76 335 81 341 86 213 217 346 351 356 103 362 363 112 368 242 245 247 251 252 253
257 258 6 262 267 276 28 413 157 33 162 293 298 427 48 432 177 52 439 442 186 188 444 447 193 67 198 72 329 78 82 214 219 96 104 363 108 366 368 252 253
258 3 139 397 19 405 410 288 34 290 419 37 295 173 307 180 438 314 65 68 70 199 73 338 84 343 89 217 223 364 249 254 127
384 256 260 261 135 141 145 146 274 20 279 25 158 31 36 420 164 425 169 428 429 59 444 195 68 69 80 338 339 84 354 229 366 370 371 248 249 254
261 9 271 146 20 149 279 26 411 416 35 419 165 170 301 430 175 174 304 306 442 189 445 447 190 191 450 196 76 332 206 81 337 339 85 215 217 222 224 99 355 356 107 235 366 369 371 245 250
256 1 130 387 6 137 393 13 271 400 273 147 408 27 413 31 288 417 293 422 40 297 298 171 302 176 177 306 52 436 310 183 312 441 188 446 73 76 346 220 351 362 108 237 366 372 252
257 259 262 7 264 138 272 148 149 277 27 28 33 34 418 292 161 39 423 298 43 172 431 437 187 448 71 332 77 78 83 341 87 88 217 347 352 97 353 103 362 363 373 374 248 123 251 252
3 263 12 149 282 29 429 178 443 319 192 194 450 199 73 335 83 340 343 89 348 94 225 98 102 358 363 110 369 372 374 253
260 133 135 264 139 140 145 403 150 25 411 30 415 416 35 169 43 300 301 174 179 439 184 313 186 444 189 191 449 69 200 329 76 339 89 90 349 94 223 365 239 369 370 244 375
256 262 265 267 146 152 26 31 290 164 37 421 42 174 431 434 306 311 56 185 445 325 201 74 206 80 85 86 344 350 96 99 100 365 366 114 371 376 377 254
257 3 262 137 11 267 15 147 27 285 32 37 422 171 176 432 307 181 183 441 186 313 446 191 67 195 202 338 86 343 91 356 228 105 361 366 238 113 118 375 252
262 263 136 137 267 12 406 28 414 33 419 46 304 52 313 442 316 189 318 194 68 71 203 79 207 208 82 88 92 352 98 226 372 248 378
385 257 4 265 139 12 270 144 273 282 155 34 167 40 45 173 178 309 437 183 439 443 64 448 192 199 77 83 88 347 98 102 103 358 363 364 369 372 373 379 380 254
260 133 6 9 265 11 394 269 14 400 18 149 150 288 289 39 425 43 179 435 310 439 313 319 449 194 325 198 200 341 346 223 99 359 231 108 109 236 370 116 375 120 121 378 124 255
261 139 279 280 409 417 289 419 164 422 426 170 430 431 49 434 307 55 312 185 311 316 319 192 321 66 450 197 200 201 74 206 82 339 211 87 344 90 346 95 355 229 359 105 366 370 115 381 254
1 257 260 392 267 15 16 271 273 148 276 407 152 281 285 158 31 163 37 42 170 303 48 177 437 440 312 62 322 195 202 77 207 80 86 350 232 105 361 366 111 371 373 375 376 383
2 132 133 136 9 14 272 17 21 277 406 153 287 33 291 292 38 168 46 433 182 316 447 192 323 197 201 202 203 208 213 87 88 349 226 227 102 362 234 111 239 377 378 124 381
257 259 264 142 149 278 412 29 418 39 167 425 429 52 437 310 183 315 322 200 77 209 85 90 347 232 363 108 364 368 113 373 378 124 383
386 263 391 9 265 270 18 274 404 276 24 288 161 35 166 40 425 173 51 435 440 443 194 198 205 210 83 339 95 353 100 229 108 369 370 378 380 254
384 385 134 391 264 265 10 139 12 140 266 15 17 146 275 404 25 409 284 285 30 31 36 165 294 425 46 49 436 55 311 439 316 189 319 65 66 195 326 200 201 204 206 210 211 215 96 352 100 101 229 105 365 110 237 114 370 242 244 374 375 376 380 381 127
256 260 262 8 137 16 18 152 281 26 412 157 413 415 32 296 170 428 52 53 440 313 318 191 196 203 207 80 88 93 350 96 97 357 102 106 111 371 116 377
389 394 12 268 148 21 279 153 27 287 33 163 164 291 169 297 428 303 54 182 442 187 188 192 197 201 202 203 207 213 343 88 222 103 111 118 381
384 130 388 269 142 15 20 149 23 154 283 28 413 412 159 288 293 39 298 178 52 54 314 188 322 324 329 203 208 209 213 94 99 355 103 232 108 238 240 113 368 245 373 119 378 123 379
260 263 10 404 279 155 29 299 45 173 431 440 443 320 321 194 199 206 210 83 340 339 215 90 91 95 96 353 100 104 109 114 119 375 379 380
384 386 390 392 10 397 270 275 151 24 282 285 287 161 36 421 294 167 295 41 172 300 46 431 176 305 440 57 321 195 74 204 206 211 216 91 101 110 369 114 376 380 381
386 133 138 267 272 145 23 153 26 157 158 31 286 415 291 37 296 297 42 303 306 437 182 55 438 317 318 322 196 325 327 72 207 216 92 222 97 226 358 363 235 111 242 116 372 248 377 121 126
263 392 266 268 397 148 153 32 37 293 297 302 176 432 434 439 318 446 448 193 324 333 209 212 86 214 217 93 94 98 99 356 107 363 112 373 122 382 383
384 258 387 393 269 400 154 27 28 285 159 288 290 39 297 173 429 175 303 49 308 439 60 319 65 324 198 204 207 209 338 213 214 94 104 113 117 118 378 379
129 385 136 141 19 148 150 280 26 154 418 164 40 299 430 49 435 309 58 314 444 445 189 320 324 199 328 330 95 104 105 361 234 109 238 366 114 119 375 251 124 380 255
385 130 386 390 395 269 270 156 30 161 40 425 171 300 45 431 305 179 436 437 441 442 59 446 191 449 325 326 327 200 201 331 76 205 206 210 212 215 89 90 217 94 96 102 359 110 115 246 120 379 380
387 6 262 136 390 396 401 147 403 21 23 26 27 157 30 31 288 162 36 293 423 300 47 432 178 307 57 442 441 63 68 327 201 332 333 210 212 216 217 221 97 102 232 363 111 116 120 121 252 382
387 388 137 139 268 397 144 402 151 408 29 421 38 43 48 433 307 312 443 61 323 327 202 331 208 218 98 227 233 364 369 241 117 247 253 254 127
128 2 388 133 393 139 269 398 272 403 279 28 159 33 298 43 429 48 49 434 54 182 440 445 329 330 334 208 215 219 220 92 223 224 99 105 362 110 118 123
385 389 134 265 393 404 406 33 289 291 165 39 296 170 174 303 49 434 435 181 309 55 440 186 445 319 325 71 330 210 213 220 349 224 105 239 123 124 380
1 130 386 257 262 391 142 147 281 154 285 30 159 32 161 35 37 166 40 424 51 54 315 446 64 320 334 80 336 210 215 345 220 221 225 101 367 239 114 370 372 244
387 5 7 136 392 263 13 397 272 401 275 407 411 157 31 418 36 42 301 302 303 306 185 443 446 62 448 447 322 321 76 332 333 338 212 216 218 348 222 95 223 352 226 108 365 112 113 371 121 378 126
132 388 263 137 393 268 397 142 143 396 407 409 412 414 158 163 36 421 299 302 47 303 306 184 443 61 74 333 216 217 218 103 118 122 126
128 2 388 389 260 265 138 394 269 398 143 272 148 150 157 413 159 33 35 40 427 48 49 308 53 182 439 313 318 63 67 329 337 338 213 214 92 228 104 362 113 244 247 375 124
1 8 393 399 144 404 278 280 155 33 34 170 44 45 304 49 188 319 195 325 330 336 84 213 341 215 344 219 220 225 98 226 229 109 111 368 116 123
129 389 135 391 399 271 400 276 21 150 281 154 412 417 39 424 170 171 302 305 309 310 55 441 187 60 446 192 326 331 77 334 80 336 219 221 226 111 370 115 244 125 381
131 5 263 393 268 141 142 17 146 401 275 406 153 27 28 157 411 160 418 421 38 168 43 46 47 430 177 51 52 56 316 61 62 63 321 67 70 327 72 332 337 340 217 95 223 231 236 365 376 378 250 382
4 388 11 396 142 398 273 402 147 407 153 281 283 28 412 418 36 293 38 422 47 433 306 307 52 312 313 58 191 322 328 339 343 216 344 218 222 227 101 229 103 232 113 114 371 119 126
129 4 132 394 402 403 148 279 153 157 413 415 159 418 420 423 169 42 43 427 49 178 305 53 313 444 190 318 449 67 195 328 333 80 337 339 85 214 219 222 109 238 243 247 248 378
8 266 395 271 274 278 279 156 29 285 161 163 165 424 41 170 45 46 429 433 55 188 64 450 73 334 335 340 343 220 224 98 229 110 368 244 379 125 253 381
129 7 391 12 399 145 150 281 284 30 415 34 39 46 175 51 309 55 441 315 446 320 321 69 325 335 336 341 342 216 219 347 99 104 232 106 237 116 245 374 121 122 126
387 261 135 137 272 146 277 405 23 281 411 156 160 162 418 167 423 426 427 172 430 47 51 52 53 308 56 313 442 315 316 61 62 66 322 196 70 71 198 332 333 207 83 340 88 217 92 222 226 102 231 107 236 366 112 241 246 250 382
384 257 389 137 11 142 273 274 147 278 407 152 281 27 159 164 168 427 173 49 53 58 187 62 191 318 448 322 67 348 101 103 232 108 237 238 371 373 118 247
4 132 389 10 394 15 143 402 408 153 413 423 169 42 298 174 49 54 312 58 318 64 194 323 329 334 343 344 219 350 222 229 235 240 114 119 125
390 144 400 19 275 280 414 289 163 165 170 426 429 49 50 433 54 55 311 316 319 64 320 69 325 73 74 201 334 210 340 86 343 91 349 229 230 359 234 110 239 115 244 253 255
387 392 14 400 145 277 150 281 284 286 31 162 420 167 176 51 52 439 60 61 446 194 345 350 95 104 235 245 374 121 250
128 1 256 262 135 393 18 402 148 277 405 151 156 416 161 421 297 426 427 172 45 302 177 436 57 315 61 62 447 71 331 76 341 217 346 225 353 227 107 108 238 243
256 3 142 143 398 157 288 162 163 37 166 168 429 432 178 52 53 436 438 314 62 63 319 72 202 76 77 204 332 333 337 82 338 213 89 346 347 94 223 228 108 237 238 368 113 242 117 247
389 390 394 395 399 144 17 148 280 284 285 158 414 287 33 289 163 165 38 423 168 170 433 178 179 54 55 58 314 63 64 68 197 338 343 89 218 348 104 107 238 114 377 124
131 259 136 138 139 395 270 15 144 20 21 280 408 29 285 159 290 164 165 170 429 48 180 60 318 450 200 329 335 339 345 349 228 356 104 361 110 241 369 115 244 246 375 249 254
1 259 6 391 145 20 281 286 160 35 165 169 170 171 430 432 309 437 439 441 314 61 317 445 64 446 66 322 74 79 335 207 212 340 92 349 95 97 225 231 105 240 245 255
12 398 143 402 20 22 282 283 288 290 421 168 42 173 46 176 432 57 58 441 61 63 200 76 337 86 346 351 353 356 232 110 117 248 380
257 3 134 139 268 141 398 143 24 411 422 167 178 51 437 317 448 321 67 72 332 77 337 82 342 343 347 352 98 228 231 359 233 108 364 113 247 249
258 4 134 262 139 399 404 408 153 284 158 289 163 168 172 173 433 178 435 54 440 442 59 443 64 325 82 210 339 343 88 344 215 348 223 224 352 100 358 234 114 248 124
135 264 10 140 269 401 405 23 286 160 290 291 164 293 424 169 170 174 176 309 61 66 194 70 203 79 80 84 340 344 89 345 349 350 225 354 230 113 115 383
137 11 396 142 270 144 406 410 27 414 160 165 171 50 435 180 181 54 445 324 340 85 341 346 221 350 231 360 362 234 367 116 244 121 251 124 252 126 255
256 2 386 7 265 12 17 402 282 166 422 171 175 176 438 57 441 443 445 62 328 85 86 341 218 91 347 346 355 103 232 371 373 118 251 252
386 8 267 398 272 403 404 408 26 289 294 167 168 296 298 172 432 178 179 182 183 62 447 64 69 197 72 73 206 82 213 342 343 217 223 352 228 231 238 116 118 123 252
128 129 260 262 263 393 140 268 14 399 145 18 147 409 30 417 289 35 163 294 168 173 49 309 438 57 442 59 443 319 327 78 82 339 344 352 354 358 234 363 365 237 368 370 124 255
130 259 5 10 268 23 414 293 295 175 178 179 439 184 441 60 446 448 449 203 331 79 340 214 88 89 345 216 221 354 355 358 106 235 364 240 125 383
129 5 389 16 144 275 149 406 407 410 412 29 414 285 286 289 291 292 165 296 297 170 171 299 176 435 54 55 182 440 186 187 316 319 66 67 450 72 200 75 210 90 346 349 350 351 104 360 234 239 240 116 245 119 375 121 125 126 255
257 258 132 263 265 266 267 12 143 17 148 276 150 27 28 287 33 292 293 38 420 423 297 175 176 307 436 441 186 60 445 446 191 67 327 72 73 330 337 212 85 86 342 351 96 355 103 232 361 368 240 371 117 246 373 122
128 1 2 386 7 12 13 398 271 17 18 277 408 153 26 283 288 168 296 172 48 178 307 181 183 442 187 449 68 206 334 82 339 343 91 92 348 222 224 353 352 357 102 361 109 238 368 114 243 116 372
259 392 13 399 273 147 404 410 415 32 417 294 298 300 173 174 302 179 184 57 185 443 190 193 327 329 74 75 212 88 93 358 103 363 237 244 122
130 261 266 268 14 15 399 20 149 405 151 153 155 415 290 36 39 423 41 300 429 175 178 179 434 185 60 189 63 64 448 194 319 324 69 70 199 333 210 88 89 94 358 235 243 245 374 120 376 380 255
2 386 5 389 10 11 16 400 274 275 285 29 299 180 184 185 190 201 209 337 342 90 95 227 100 356 229 236 112 117 119 379
1 132 6 262 8 137 395 16 276 150 413 286 287 418 292 420 421 42 302 303 181 187 60 188 446 191 316 193 196 330 77 78 86 96 352 357 106 366 111 240 367 242 247 122 125
1 7 264 267 13 269 271 273 403 154 282 287 39 44 47 53 181 182 183 187 192 68 73 83 87 91 92 353 228 357 361 372 377 379 382
5 8 392 18 278 23 409 283 414 32 302 179 183 188 69 208 212 340 88 345 349 98 230 103 359 235 239 115 120 122 383
130 4 135 14 274 275 20 279 153 410 284 29 416 289 421 39 295 423 170 429 174 306 54 311 184 190 191 63 65 194 196 333 80 81 339 86 215 345 350 359 360 234 235 109 114 243 374 379 255
130 131 4 387 10 267 395 269 16 272 274 404 21 151 280 157 415 162 291 39 295 296 42 426 301 47 431 306 181 310 184 59 189 319 64 449 325 200 76 206 210 340 346 94 351 224 99 100 355 230 105 236 365 110 364 239 115 380 125 382
6 8 395 12 13 142 17 21 153 281 412 286 417 35 291 292 296 297 305 307 181 182 442 192 67 76 206 215 343 348 223 357 233 237 366 238 118 123 125 382 127
387 262 7 263 393 13 17 403 22 282 156 287 292 424 297 426 309 183 58 187 314 66 68 199 203 207 336 84 89 97 353 102 358 107 368 243 117 246 248 377 123
385 388 390 7 13 18 19 274 277 275 23 283 160 165 294 298 174 50 184 187 188 194 69 79 97 354 359 367 239 113 244 383
128 384 4 5 389 135 9 394 11 398 15 16 19 279 24 284 30 414 165 38 295 294 299 300 180 308 190 325 199 329 339 218 350 351 99 355 229 236 240 241 114 250 125 126 254
385 131 134 136 265 10 139 270 15 16 20 406 280 25 411 285 30 159 286 416 290 296 427 300 429 301 49 305 434 309 312 186 315 317 69 71 200 202 76 205 210 339 87 92 220 351 356 229 105 361 110 241 369 370 246 249 251 380 126
388 7 391 393 10 11 12 17 278 407 152 281 280 27 31 163 291 167 168 297 296 427 301 47 431 306 53 312 313 187 316 190 192 196 197 72 82 86 343 218 227 100 228 362 236 111 370 121 381 126 127
128 129 131 138 12 397 14 17 401 19 23 282 27 287 418 37 41 42 308 311 58 197 73 207 87 348 221 223 354 363 239 244 117 248 382
388 393 269 23 24 409 283 288 33 162 38 294 423 299 428 430 303 304 432 435 308 309 315 189 320 194 72 73 74 203 205 79 208 210 84 342 344 95 239 114 244 249 123 252 383
384 385 4 391 9 394 140 13 396 399 20 24 281 283 29 30 164 166 39 40 295 171 299 300 179 56 61 190 193 195 69 325 75 204 80 209 85 214 349 94 355 103 360 359 245 373 119 379
132 389 134 137 266 395 16 17 400 20 21 22 404 25 29 286 31 416 421 295 44 301 305 180 311 440 314 71 205 81 224 357 360 361 362 241 370 242 247 120 249 380 125
257 386 131 132 387 391 137 396 397 142 401 273 148 21 407 26 27 291 165 41 303 177 306 433 435 438 311 443 323 197 327 75 206 208 82 211 213 341 345 222 98 357 362 237 112 116 252 126 255
3 387 268 399 16 401 402 22 23 153 27 28 284 286 32 418 297 298 174 47 437 313 59 64 448 196 198 78 212 217 221 222 358 106 363 368 242 118 376 382
128 3 389 135 137 138 139 140 393 398 19 403 23 24 25 409 407 28 414 33 162 419 424 43 299 47 432 304 308 309 313 189 317 449 194 72 74 79 84 342 218 223 227 229 360 365 113 249 250 123 252
384 130 258 264 394 140 13 399 145 20 404 409 154 283 30 415 294 39 168 425 300 429 49 436 309 310 438 441 319 193 195 326 200 78 211 85 216 89 348 224 99 101 103 360 234 365 370 244 373 374 119 245 124 255
256 385 130 134 390 402 19 404 410 30 159 287 289 34 35 292 426 171 45 177 50 311 314 62 191 320 67 195 199 200 201 76 335 210 215 94 224 361 109 110 366 371 246 379 380 251
382 131 7 136 391 138 140 141 396 143 406 282 410 28 157 412 32 417 165 422 301 46 303 432 50 435 182 183 312 313 316 320 197 75 337 213 87 345 221 223 226 230 231 363 367 368 116 252 253 126 255
132 261 137 138 143 16 18 23 407 282 412 286 32 37 38 423 42 171 428 52 439 312 441 442 444 447 196 329 203 77 81 338 83 212 213 214 219 93 351 227 358 103 104 106 368 248 376 122 378
128 259 133 137 138 139 398 143 144 19 405 22 407 408 410 34 292 38 295 47 48 303 180 53 309 313 314 317 65 194 323 70 202 93 227 228 233 109 112 114 118 249 382 254
256 129 258 260 261 394 141 399 145 146 404 149 279 409 413 30 31 414 36 420 39 168 425 44 174 305 54 310 438 314 315 319 323 200 78 85 219 348 104 233 360 235 365 366 370 371 245 380 254 255
130 261 136 264 11 395 400 19 20 24 25 285 416 289 35 40 426 45 46 305 50 315 444 191 447 319 71 199 332 335 81 337 84 86 215 217 222 225 107 109 366 111 112 246 379 125
257 137 140 141 142 271 397 396 146 408 281 410 157 413 416 36 37 422 421 168 298 46 432 50 51 183 186 188 192 320 68 197 326 73 202 208 216 92 353 226 102 230 231 358 362 237 115 372 247 381 126 383
258 259 132 261 264 137 268 397 149 407 153 413 417 34 418 39 42 43 171 47 308 437 438 312 313 441 193 322 198 327 203 81 83 213 88 217 92 93 351 353 232 237 368 242 373 374 127
264 138 139 143 148 22 408 29 418 419 292 48 304 178 318 194 323 450 328 202 335 340 214 89 94 225 228 110 238 112 369 115 243 118 249 382
4 389 134 260 140 143 144 145 149 25 411 413 416 35 420 424 425 299 44 301 430 49 180 53 54 186 191 64 195 323 200 76 205 85 219 94 95 99 359 233 370 244 249 255
256 385 261 262 391 264 267 140 141 145 146 152 25 155 286 31 160 415 290 419 420 37 421 425 42 426 174 431 304 435 310 59 60 444 316 191 320 450 76 204 206 81 84 340 86 96 225 354 230 364 366 240 369 376 377 251
385 3 131 132 263 136 141 143 146 147 402 151 152 25 27 28 411 32 416 417 421 295 426 57 317 66 68 326 202 331 205 82 338 341 343 97 228 231 233 362 236 113 241 115 118 246 247 377
258 137 138 142 143 398 146 147 148 407 153 28 414 416 33 417 419 427 304 52 56 57 313 189 62 63 194 67 322 198 326 332 333 79 337 83 98 227 236
385 259 264 265 138 139 267 270 143 144 149 408 155 413 38 39 40 45 48 177 314 63 447 78 208 209 338 84 87 94 228 357 364 238 369 374 248 380 254
388 6 264 11 140 14 144 145 149 150 154 155 28 30 159 414 35 420 298 430 434 179 435 439 59 445 324 74 208 209 210 85 341 346 99 231 104 360 234 236 365 239 370 116 118 121 124
9 11 271 400 149 150 410 156 415 419 421 422 41 50 307 180 311 312 59 60 316 444 319 192 320 197 70 329 330 82 340 86 345 91 96 110 239 371 376 381 125 126
256 132 388 138 267 270 273 146 147 151 152 413 158 32 161 416 163 38 167 422 42 48 307 180 311 56 443 317 450 322 71 202 336 87 90 92 97 227 360 106 366 241 242 251 383
257 258 391 9 393 14 143 273 148 27 31 162 38 422 423 43 301 177 433 438 197 327 72 203 77 78 208 211 213 342 88 217 344 93 222 349 97 234 237 239 242 247 121 124 382
259 149 152 408 154 158 418 422 39 424 169 425 44 428 309 310 439 438 315 62 63 68 199 200 332 333 209 85 90 94 238 242 248 254
386 3 259 260 391 265 270 144 273 276 150 24 155 159 161 164 166 424 429 51 435 310 183 439 64 320 195 69 205 214 93 349 100 234 363 114 370 244 375 380 255
255 131 261 394 139 12 17 150 151 34 36 295 40 44 176 304 310 311 441 60 321 326 206 86 214 345 91 96 352 101 360 237 242 371 245 250 124 127
256 257 131 262 136 267 147 277 278 155 37 166 421 41 42 425 428 431 432 437 313 441 318 446 65 202 203 77 335 336 81 212 341 88 216 92 93 351 97 101 367 241 245 118 377 251
257 133 6 389 393 394 148 276 279 152 157 33 162 164 38 169 427 172 301 428 433 437 54 186 318 67 323 72 328 332 77 337 82 211 342 96 98 108 366 242 373 247 383
130 258 264 397 20 149 152 153 163 37 422 39 429 433 434 307 438 439 443 62 63 319 194 332 83 84 217 353 355 104 360 240 369 242 243 245 374 119 248 379 127
385 3 259 265 270 273 150 155 158 159 160 289 424 169 428 45 429 431 304 434 179 435 309 436 183 315 316 321 68 325 199 74 206 79 338 211 84 85 344 89 90 91 219 93 94 349 96 225 354 99 100 359 363 364 114 248 380
385 131 5 134 392 9 394 397 279 25 282 156 286 287 160 414 289 415 36 421 167 41 172 46 175 431 304 184 57 185 189 62 445 321 70 326 75 80 211 340 214 345 350 225 99 101 369 371 249 124
128 130 387 133 261 138 266 400 401 18 23 155 157 37 166 40 168 42 298 425 431 432 436 308 310 446 65 66 327 76 207 335 81 337 341 342 346 220 97 356 358 363 237 112 243 245 246 248 376 251 252 127
257 2 6 7 8 262 138 393 17 402 276 23 158 161 162 167 168 43 431 48 432 434 308 437 182 438 439 57 186 443 448 324 71 328 77 78 209 82 338 341 214 92 94 96 352 98 99 228 103 362 366 373 251 382
264 12 397 269 268 400 274 148 23 282 285 290 37 293 168 44 429 175 433 434 307 439 60 318 192 65 448 324 73 214 343 217 348 94 358 233 363 372 374 127
385 259 133 136 9 141 274 150 26 158 159 160 164 40 43 428 45 174 50 435 439 313 444 445 449 68 325 329 74 330 210 338 84 214 344 220 223 354 100 105 361 364 366 248 251 254
384 9 266 270 15 399 275 276 149 279 36 170 175 434 51 180 437 56 185 442 441 189 446 326 327 74 205 211 212 217 90 96 99 102 360 235 365 369 245 375 376
130 6 266 272 400 403 287 288 162 293 40 171 47 176 178 53 181 310 186 442 446 63 322 68 207 87 346 91 220 223 357 231 361 366 375
257 2 262 138 139 268 144 18 277 412 29 161 38 167 298 173 431 48 178 308 443 63 447 323 71 202 208 341 87 92 97 98 228 102 363 364 367 369 372 251 254 383
384 133 12 273 153 154 282 29 164 434 54 440 443 188 444 445 192 324 329 330 335 83 215 220 353 99 102 105 363 109 110 244 372 379 253
385 133 269 145 403 404 275 406 279 155 411 291 420 165 40 296 43 299 174 434 181 54 439 184 440 186 59 313 445 66 194 325 71 329 330 210 344 94 95 223 100 359 104 105 365 124
257 386 262 391 142 271 147 154 32 161 419 164 37 434 435 436 445 190 321 195 70 74 331 216 344 90 220 349 96 100 106 234 364 111 367 372 375 381 254 255
6 266 11 267 15 276 277 152 285 287 38 167 42 56 442 192 448 322 195 332 333 81 338 342 218 91 222 223 96 97 226 356 102 105 107 108 113 371 375 376 382
388 7 136 393 268 13 272 17 406 408 409 282 414 287 168 43 299 173 46 437 184 313 443 316 189 448 197 74 333 213 87 218 92 222 98 226 357 102 362 108 112 382
384 257 260 8 265 268 13 399 18 274 403 150 288 35 164 167 40 437 439 188 448 449 329 77 78 339 214 219 347 98 99 358 363 108 368 114 373 375 378
1 259 4 395 270 18 274 155 29 288 420 165 45 429 55 445 449 194 198 199 336 339 341 215 344 226 100 359 104 105 108 110 111 116 378
1 259 134 391 139 396 399 280 25 409 412 285 415 417 290 166 425 302 49 51 56 59 187 319 192 195 326 330 331 77 221 95 101 229 106 111 370 375
387 260 388 263 268 16 272 21 152 153 26 27 163 291 38 296 170 43 172 428 181 440 442 61 191 192 80 337 87 222 350 227 362 366 242 118 378 381 382
387 4 133 7 12 397 402 21 22 278 283 413 163 291 48 177 58 187 443 447 448 197 201 202 333 82 339 344 223 228 229 111 367 114 119 381 382
4 389 8 394 142 18 148 283 28 284 412 415 288 418 164 420 293 39 169 49 305 52 53 54 183 310 188 190 193 194 195 322 198 329 203 334 80 93 224 229 103 232 113 114 244 373 118 383
385 5 134 263 266 14 271 19 275 156 29 284 414 161 294 41 173 46 50 443 450 74 330 204 335 209 83 220 225 353 230 104 110 239 240 369 374 379 381
384 1 385 4 390 7 391 9 10 396 20 24 280 281 285 30 294 295 171 300 441 444 61 190 66 69 330 75 204 331 334 342 215 347 221 226 231 232 359 237 110 111 114 115 370 117 122
387 388 142 16 17 145 147 281 26 282 286 31 287 415 418 423 168 296 426 298 301 308 55 313 442 193 67 325 198 328 201 206 83 342 87 88 222 351 227 101 358 106 235 362 367 116 121
384 388 389 392 266 397 17 274 21 22 278 27 283 159 32 287 291 164 168 297 173 302 176 49 53 183 318 63 192 446 328 201 202 213 86 218 93 228 356 107 111 113 243
387 134 263 10 394 13 142 15 399 18 23 27 284 412 288 293 297 174 303 49 52 444 63 449 322 198 203 207 339 84 213 89 219 350 224 228 104 233 235 109 240 113 117 118 373 248 378 123 125 383
129 389 390 263 269 400 274 19 148 275 284 285 289 34 418 165 170 299 426 173 50 311 58 443 316 450 328 201 335 83 85 86 214 345 91 219 220 349 225 353 354 230 105 110 238
385 130 387 392 10 395 269 400 401 20 276 277 151 24 281 154 286 162 290 421 294 167 295 171 176 305 179 52 316 61 65 449 200 331 204 334 339 215 344 89 346 231 359 106 114 116 120 121 125
128 386 262 7 263 390 13 145 18 30 287 415 162 163 36 291 300 301 306 52 308 182 55 62 197 325 201 206 337 210 211 213 222 353 107 238 243 120 121
387 266 397 143 402 403 148 22 151 278 158 288 292 293 421 42 429 176 308 53 312 314 61 446 319 73 202 331 204 333 207 338 86 343 217 89 94 228 356 108 117 118 248 378 123
2 387 4 133 388 390 9 395 398 399 272 279 280 27 285 289 165 297 170 43 298 174 303 308 182 55 64 448 449 69 207 213 344 92 348 94 223 224 353 229 234 362 109 113 114 117 118
384 131 5 389 136 393 10 395 16 148 21 149 155 33 34 35 290 165 418 39 303 304 309 58 319 65 450 328 330 340 213 214 345 219 94 350 224 225 356 110 238 241 246 119 123
1 130 4 6 135 390 266 269 400 401 21 150 405 281 154 30 286 290 295 424 171 300 175 432 179 437 61 190 446 449 322 330 334 207 212 341 214 89 345 97 359 111 120 121
131 390 136 398 401 402 403 26 282 283 30 288 168 41 427 300 173 301 57 58 316 63 447 337 210 211 216 226 227 231 237 365 116 117 120 126 382
258 3 132 134 8 392 139 13 397 398 402 19 151 24 407 27 28 283 288 293 421 173 47 52 61 448 327 331 212 88 348 222 223 353 227 359 232 233 364 113 241 373 118 249 122 378 127
2 388 133 138 144 272 404 279 284 33 38 169 43 428 174 303 435 182 440 313 59 323 325 210 339 213 215 344 92 349 223 224 100 228 229 103 362 119 123 124
134 393 10 144 401 400 405 24 154 285 286 33 291 170 174 175 176 49 303 54 60 61 319 66 450 324 199 213 214 345 350 224 225 229 235 115 123 125
1 6 264 137 395 142 270 399 401 20 150 154 27 155 284 410 415 291 424 171 305 50 181 55 64 196 69 325 334 210 341 216 346 351 226 104 362 235 367 116 244 120 252 125
132 5 393 396 397 143 272 402 275 406 408 411 412 287 416 417 38 41 427 172 46 432 177 306 51 438 185 313 443 326 328 213 342 218 347 92 95 227 103 231 232 236 365 368 247 376 122 383
3 132 138 396 142 398 147 403 404 408 283 157 413 289 36 293 294 173 178 179 52 307 306 312 57 317 64 323 68 69 216 217 227 228 102 232 363 237 126 127
128 4 133 260 138 140 143 145 404 153 409 284 157 30 413 289 35 294 43 427 308 184 313 318 64 67 69 328 337 339 344 94 223 228 229 233 365 239 370 247 255
130 8 10 139 399 144 400 404 149 278 405 154 285 419 424 44 175 49 54 184 185 441 188 445 446 319 65 324 69 199 331 84 216 219 221 350 98 99 359 106 111 368 115 374 120
129 130 11 140 396 15 16 145 400 399 21 405 406 407 410 412 286 291 164 292 39 296 297 170 45 174 430 176 50 309 182 55 56 184 185 315 60 61 310 439 321 325 72 75 76 85 346 219 350 231 234 239 241 126
258 131 6 262 263 12 17 146 401 148 22 153 160 33 292 38 430 56 442 187 316 321 67 70 326 72 328 332 340 88 91 231 236 373 246 248 250
11 142 147 407 281 288 33 423 298 173 178 57 188 444 317 191 449 67 68 328 78 334 337 83 339 348 93 224 228 101 233 362 109 113 114 242 243 371 118
132 388 9 138 139 143 399 402 19 404 23 408 153 154 410 413 158 415 289 423 42 299 300 428 174 48 53 184 185 313 312 190 318 64 323 68 69 74 75 333 334 349 222 223 354 229 359 234
130 261 389 9 266 15 151 159 34 163 36 41 300 433 179 180 60 190 319 64 65 69 70 73 334 339 214 215 343 345 224 120 376 379 125 253 254
2 6 264 265 139 140 395 14 270 16 401 400 410 411 284 30 414 289 290 35 291 39 301 176 50 310 55 186 315 316 61 320 449 66 194 325 71 330 76 335 81 337 84 342 89 351 227 356 230 231 104 236 365 112 117 245 374
256 262 7 135 138 12 13 146 402 21 22 405 411 413 33 161 418 292 421 427 45 46 303 431 177 51 182 56 315 188 317 62 193 66 321 326 72 203 78 207 336 211 225 228 357 231 106 236 237 241 122 381
256 257 258 133 8 264 13 269 408 281 154 413 417 162 166 39 44 303 308 436 57 188 322 73 76 77 78 332 337 346 223 353 101 363 237 242 248 123 379
129 258 132 5 14 17 19 148 404 158 287 418 163 168 42 428 58 64 197 78 340 88 345 349 222 354 230 359 233 234 238 115 120 377 124 253 254
10 138 20 149 405 404 408 154 410 416 290 163 164 421 424 300 429 48 306 180 59 315 190 318 319 65 196 69 73 329 334 81 86 343 355 228 229 105 239 240 245 380 253
259 387 136 267 140 14 16 272 275 406 284 157 159 160 162 420 296 169 42 299 301 47 306 439 440 186 59 190 191 194 330 75 76 79 335 90 349 229 104 105 361 235 236 239 241 369 245 374 250 126 382
132 133 388 135 8 12 13 16 17 403 20 405 151 407 27 411 290 426 171 45 47 177 56 315 61 322 67 71 200 201 203 76 77 343 348 351 225 233 110 238 241 242 118 122 123 251 380 382
256 262 13 141 23 408 411 33 37 166 424 427 303 432 51 308 309 437 183 312 57 58 314 442 436 62 193 194 67 323 321 199 72 73 76 84 342 89 346 352 353 228 358 231 242 243 122
385 134 262 8 390 139 14 17 275 24 414 287 160 288 163 165 294 423 168 304 49 50 308 438 442 189 63 319 194 197 78 82 213 343 219 348 349 352 354 229 359 107 239 248 377 124 253
383 130 135 138 11 15 16 20 405 23 408 410 415 300 429 174 48 49 305 309 55 318 319 69 203 205 351 228 236 113 241 249 379 125 126 254
131 259 260 136 266 394 285 415 160 41 169 427 301 174 175 49 306 435 54 439 312 186 317 191 195 196 324 202 76 79 80 335 87 345 92 349 356 105 361 246 126
387 388 261 393 138 20 278 26 156 417 162 163 36 290 292 168 297 42 302 431 48 176 307 436 53 182 312 442 187 316 317 446 66 197 71 72 200 331 77 336 81 82 211 213 86 88 217 346 91 223 352 351 356 357 363 237 110 242 243 116 372 378 123 380 253
129 2 257 133 141 14 19 411 172 432 177 51 308 437 183 58 63 447 193 321 448 197 73 342 88 354 231 362 363 238 239 244 248 253 383
129 258 262 263 139 14 273 409 163 419 172 173 430 303 304 433 309 438 184 442 315 189 320 193 448 68 205 82 83 84 88 90 348 93 95 352 353 364
130 4 135 396 269 15 274 20 23 281 286 164 293 166 171 174 49 434 54 55 56 184 310 314 439 444 190 194 195 325 203 79 80 84 340 349 354 364 113 245 250 254 383
384 130 132 260 136 137 10 141 270 15 144 405 22 414 416 165 296 300 49 306 180 436 54 315 445 196 324 71 80 81 85 341 344 350 356 357 105 234 362 361 365 241 242 246 247
1 6 136 137 265 11 266 271 17 422 297 171 302 175 176 177 433 436 438 445 318 446 323 208 82 85 86 87 217 346 352 98 355 356 357 361 366 112 373 122 252 126 382
386 388 133 262 267 143 272 399 18 23 26 28 284 158 289 162 418 296 298 174 303 178 308 437 182 442 59 187 64 193 322 197 73 77 206 83 87 92 223 97 227 358 232 362 367 368 116 118
128 129 258 135 263 140 268 144 19 147 278 24 25 414 417 419 168 299 304 178 309 57 188 448 327 74 79 338 83 84 88 94 359 360 363 237 365 368 369 244 249 250
4 264 268 145 149 25 410 415 295 425 174 178 179 180 434 436 55 441 189 448 326 211 84 85 214 88 216 94 354 99 101 358 359 360 234 364 369 245 255
131 260 389 134 265 400 145 146 402 25 284 29 285 287 292 421 299 301 304 177 305 190 191 62 450 67 70 330 209 340 85 86 350 104 361 109 371 246 119 126
132 6 138 267 142 143 271 17 272 147 276 150 281 27 28 157 420 38 171 48 181 312 186 60 196 202 330 77 81 86 87 216 91 351 227 101 361 107 363 366 240 368 372 253
1 387 132 133 7 8 393 267 143 271 272 278 23 282 283 33 292 293 423 48 177 308 181 182 439 313 187 444 328 329 78 82 338 214 87 342 91 219 97 357 104 361 367 377 253
3 134 8 392 13 144 273 18 19 405 278 410 283 32 288 290 419 295 424 429 302 433 178 180 188 319 448 65 70 199 84 212 88 353 99 114 249 122 378
256 4 260 261 141 14 146 274 20 404 153 155 30 31 35 420 423 304 179 310 184 444 189 63 449 194 200 205 333 79 89 90 94 359 364 109 365 366 243 371 374 250
256 4 136 146 274 275 280 29 30 31 416 290 426 175 306 179 184 185 191 447 194 450 200 332 79 81 337 340 86 217 94 222 360 361 107 364 112 371 250 380
1 7 392 395 21 22 408 281 283 413 288 35 293 298 305 306 307 181 183 312 188 192 68 196 197 73 87 215 92 361 106 362 372 125
2 259 7 264 12 271 17 148 149 22 282 28 156 287 34 39 426 428 308 313 443 318 192 193 66 202 203 336 91 348 98 362 363 238 367 112 243 372 373 118 246 374
259 7 8 392 13 144 277 24 32 34 424 429 434 309 183 187 188 319 193 450 335 340 89 93 97 98 225 363 110 367 368 115 118 254 383
128 260 264 140 398 279 24 25 153 411 409 29 30 416 289 419 420 38 294 423 301 430 305 308 310 186 189 445 191 63 200 76 204 205 333 80 214 218 90 99 365 239 114 243 250
4 262 265 267 395 15 145 146 274 20 151 152 25 26 159 31 416 290 37 42 429 431 176 184 186 69 326 200 201 330 339 86 344 94 100 361 366 240 371 375 376 249 377 251
3 6 7 10 11 395 13 398 147 276 277 152 153 26 280 157 286 32 288 35 163 167 296 172 301 431 305 307 443 190 191 447 202 206 82 211 338 215 343 222 227 100 101 228 111 113 370 116 372 118 377 378 125
131 263 392 401 22 23 156 414 32 419 292 426 172 304 433 311 189 192 66 194 322 197 328 203 333 79 207 208 336 83 212 221 223 98 102 107 368 246 248 377 253 382
385 259 7 264 265 139 13 270 144 18 149 277 155 29 33 34 162 293 298 45 429 432 438 187 63 193 323 199 208 209 84 342 89 94 97 103 234 363 108 367 113 374 249 123 252 380
128 260 6 264 394 11 14 398 274 19 24 283 284 29 414 34 35 420 38 425 299 308 315 320 193 449 330 205 210 84 341 214 90 218 346 95 355 103 104 231 236 109 365 114 370 116 373 375 121 380 255
385 389 10 266 140 14 20 151 156 159 31 290 36 422 41 170 426 429 431 307 436 54 312 314 316 190 192 196 69 197 201 205 206 80 82 210 339 87 215 224 229 115 371 120 249
383 132 388 262 391 392 10 138 267 16 272 273 21 22 277 280 407 26 413 158 32 288 163 291 421 296 42 43 301 48 432 187 190 67 196 323 206 207 338 211 86 92 100 231 106 111 370 116 377 378 126 255
258 131 132 387 263 9 393 397 14 17 401 22 27 287 32 418 292 293 41 297 307 53 183 311 57 443 318 198 202 207 212 88 221 222 349 98 234 239 112 124 253 382
128 388 264 393 269 149 154 288 33 34 162 163 39 424 425 298 43 429 303 432 310 439 315 319 324 199 72 200 204 208 209 85 213 342 90 223 99 118 252
130 386 391 13 276 404 283 155 29 30 161 166 425 299 44 429 51 193 200 205 209 95 103 359 370 373 119 124
385 130 134 135 136 390 266 395 12 400 17 146 404 156 30 31 34 35 36 291 295 41 426 44 431 305 55 56 184 314 316 321 195 201 206 335 81 86 215 95 224 352 101 230 237 111 242 376 127
257 386 131 262 396 273 402 401 157 287 418 36 165 296 41 428 46 306 435 52 437 182 311 313 316 318 322 197 72 202 75 203 207 213 87 88 345 93 221 97 232 121 123 382 255
128 387 132 389 263 137 394 13 397 16 402 148 279 407 27 413 158 286 32 33 164 292 169 297 302 303 54 438 67 196 323 198 328 207 208 213 222 98 227 106 117 376 122 378 127
128 130 259 388 133 135 9 137 398 403 20 149 407 154 284 33 34 38 39 298 43 429 47 48 434 308 314 317 319 329 204 213 214 223 99 227 228 355 360 240 114 245 373 379
385 258 389 134 265 139 155 160 35 40 168 44 430 431 436 438 439 184 440 315 316 319 321 324 205 78 206 210 211 85 215 89 91 219 348 95 96 114 124 380
130 261 135 392 395 397 271 19 20 405 282 155 410 287 289 34 291 36 167 40 295 425 172 45 46 431 50 436 310 57 441 315 62 321 199 331 204 215 220 225 101 109 244 245 374 120 376 379 381
2 131 133 262 391 138 267 140 141 397 398 396 17 147 406 23 152 410 412 31 287 41 42 50 306 52 436 311 58 316 62 320 322 327 207 211 212 96 97 226 102 230 358 363 248 378
388 133 261 397 153 163 38 422 42 43 171 47 433 434 439 312 441 324 81 209 212 214 342 351 223 99 227 358 232 373
133 264 393 143 400 274 149 22 153 285 413 159 33 290 418 292 38 39 43 44 175 48 434 308 53 58 60 318 319 65 323 324 202 204 218 94 98 99 228 104 108 112 123 379 382
129 385 389 135 136 139 141 269 143 275 409 26 413 169 45 49 50 53 309 439 440 319 449 323 324 330 215 219 220 224 105 233 234 361 366 251
386 264 266 395 145 276 405 156 284 415 161 40 41 46 174 50 437 55 441 442 315 60 444 450 69 325 327 206 211 84 212 216 217 96 225 354 355 102 106 235 240 369 244 120 380 381
385 388 262 8 136 272 403 277 406 25 283 288 416 162 163 293 421 295 41 42 46 302 178 51 52 53 306 311 56 442 316 61 63 68 197 326 327 332 205 347 221 222 97 226 232 362 115 116 372 247 121 378 382
258 132 261 388 139 268 144 146 407 412 29 413 416 56 443 447 326 327 333 208 213 222 351 232 233 236 237 364 367 369 242 123 252 254
389 267 269 148 408 159 164 38 423 43 48 49 177 434 53 439 440 313 58 445 318 447 323 324 328 329 74 202 330 333 334 338 214 87 215 220 94 228 357 104 105 233 109 110 238 114 382
385 388 390 265 139 143 144 275 149 406 279 24 154 155 28 284 411 413 291 165 40 296 298 424 429 49 50 305 435 181 440 186 445 320 66 323 69 325 71 334 335 208 94 100 229 359 233 234 364 110 244 118 249
257 386 262 135 264 266 270 271 144 145 400 147 276 149 150 409 410 155 156 32 161 419 420 37 166 41 425 300 174 175 430 51 179 436 310 55 439 441 59 446 319 320 66 326 329 335 336 211 84 341 216 354 100 230 106 235 365 110 239 367 114 372
385 262 267 141 270 273 406 151 161 421 166 295 426 52 180 61 447 448 321 322 450 327 332 205 333 212 88 90 223 102 360 362 108 113 115 248 251
388 391 392 393 138 268 272 146 147 408 409 157 158 31 416 417 414 418 294 422 168 43 299 301 427 308 56 184 443 189 62 63 67 323 326 72 74 332 337 211 342 223 97 363 236 237 368 113 242 121 252 383
260 265 267 269 148 150 279 152 153 154 413 158 159 35 163 164 422 423 40 428 49 177 58 444 447 194 324 329 74 332 338 87 219 224 357 109 238 242 243 375 248 254 383
1 3 259 388 390 395 270 144 273 280 28 284 414 298 49 435 183 59 450 325 330 335 208 336 341 219 93 226 100 360 105 363 111 239 116 118
1 130 386 6 391 276 149 150 412 417 419 166 425 171 44 299 46 302 435 441 59 60 187 446 192 65 66 325 326 200 329 75 77 336 211 340 214 215 225 101 106 235 109 365 239 240 245 374 124
387 261 263 268 270 408 153 282 156 157 161 38 167 426 43 173 46 180 436 57 313 450 326 327 202 76 87 90 228 101 102 358 360 107 246 248 377 378 251 382
257 4 133 391 398 278 152 283 157 413 31 162 163 167 168 427 301 183 188 67 77 82 211 339 342 344 347 228 229 233 237 114 242 119 247 121 252
384 258 4 389 263 394 274 152 153 158 415 164 420 422 169 429 305 184 443 444 190 62 63 195 328 332 333 78 80 209 338 85 214 343 89 93 104 238 113 114 242 253
384 386 3 266 395 270 271 273 154 156 160 161 41 46 174 183 439 440 60 319 450 329 334 335 339 215 220 93 359 105 363 110 115 244 381
385 260 7 265 394 139 12 15 20 276 281 155 286 161 34 164 166 39 295 171 175 304 435 61 445 446 195 324 75 335 80 209 85 214 342 347 94 351 96 355 232 237 111 116 117 245 122 124
2 261 266 397 282 155 156 418 423 168 425 42 302 308 313 441 443 446 65 66 193 198 332 335 81 83 341 87 88 217 222 353 237 368 245 251 127
384 257 388 389 6 393 268 269 273 18 274 148 276 278 157 159 162 164 37 38 168 172 48 49 177 432 437 58 186 443 442 63 447 67 202 77 82 338 213 342 87 88 96 366 113
389 264 10 268 397 15 399 274 158 418 164 37 168 299 173 433 307 54 438 59 443 189 448 449 68 78 338 217 348 350 353 235 109 240 248 253 125 127
259 395 399 158 419 165 169 426 428 174 49 55 311 60 316 450 68 201 330 79 338 339 84 340 86 344 89 91 220 225 105 369 115 248 249
384 387 5 392 9 396 15 401 276 277 279 410 286 160 162 35 290 165 166 167 295 425 419 171 176 435 52 184 61 189 191 319 445 70 331 80 339 344 350 354 99 100 359 240 369 116
128 1 130 388 261 6 7 13 142 271 400 18 282 27 161 37 40 171 172 176 178 307 52 437 310 57 317 192 71 81 218 91 220 222 351 353 356 232 238 112 243 118 381
257 2 262 408 161 38 167 168 172 173 429 431 177 178 53 182 437 312 314 442 63 319 71 204 77 333 83 341 342 87 88 89 217 94 223 352 228 358 103 233 238 242 251
390 9 394 395 12 14 399 273 19 279 280 409 282 163 165 168 170 173 309 55 60 188 64 192 78 83 88 353 229 102 358 244 372 379 253
131 133 390 136 9 10 265 395 16 400 274 275 404 21 405 279 280 403 294 43 175 179 55 313 314 59 189 194 450 324 69 74 84 340 345 220 349 223 224 99 356 230 359 105 361 235 239 241 369 246 255
260 10 270 401 19 281 286 164 166 299 175 432 50 434 437 54 56 60 61 317 446 320 322 70 74 207 80 336 212 344 90 92 221 95 97 226 231 365 366 116 244 121 254
132 6 7 268 398 15 271 276 152 283 285 292 168 171 173 176 52 437 58 446 63 447 66 195 323 81 82 91 96 227 101 232 105 237 371 372 117 375 122 378
2 388 134 7 8 136 262 139 12 13 263 267 272 17 393 403 148 406 24 282 283 28 413 288 161 168 46 431 177 178 182 316 448 82 341 343 88 92 348 352 226 228 357 102 359 232 362 364 238 373 248 249 251
257 3 4 12 273 404 289 167 173 174 178 435 437 183 440 59 449 69 325 77 209 210 215 218 347 349 100 102 103 358 234 363 108 368 114 372 119
5 133 264 395 400 401 18 403 279 280 154 284 286 288 290 291 43 176 179 180 439 184 313 60 61 444 319 449 66 194 198 330 84 345 94 223 350 225 104 234 235 108 110 369 115 120 378
1 130 385 5 137 11 139 140 14 141 142 401 396 275 405 406 279 409 27 284 285 416 291 420 296 171 49 306 434 180 181 439 56 185 186 314 440 61 190 319 445 325 74 85 86 344 346 95 351 226 99 355 229 231 359 105 360 362 365 111 367 375 121 379 252 254
1 260 7 12 397 15 148 281 412 285 287 292 422 170 431 433 307 182 438 440 186 443 188 67 195 196 328 201 80 82 213 343 218 91 350 352 227 357 103 105 233 361 236 371 247 375 376
2 3 133 7 136 403 404 21 406 408 283 287 289 291 293 294 43 173 46 433 178 179 316 63 64 69 197 201 348 226 102 362 238 111 112 367 118 381 382
257 4 140 142 399 145 273 278 409 283 412 30 35 419 167 168 52 437 183 188 64 193 69 203 77 344 347 354 229 232 234 365 239 368 114 370 119 248 124 255
4 263 9 10 395 400 18 405 285 288 419 164 295 173 175 184 443 445 446 65 70 198 331 334 336 340 216 344 221 353 99 106 108 365 111 114 378 125
385 260 5 6 265 10 139 396 16 401 400 275 405 406 407 25 154 409 412 411 292 297 299 430 176 49 181 182 185 187 61 189 319 66 67 71 72 199 330 79 211 345 346 95 96 225 100 229 356 231 236 365 116 375 121 124 255
128 258 132 260 6 263 12 143 16 148 281 286 33 162 38 170 427 440 186 318 191 67 196 201 80 342 350 96 227 232 108 237 242 371 373 122 381
387 7 392 138 13 21 277 27 288 291 292 298 178 52 308 63 192 447 449 73 201 202 334 338 339 219 348 223 224 353 102 358 233 107 109 111 367 114 243 372 117 377 381 382
129 3 388 9 393 142 399 19 149 278 23 409 410 283 28 412 415 299 44 300 303 179 52 185 444 190 322 69 74 75 208 349 354 232 234 239 244 118 119 378 123
5 261 263 389 9 10 266 151 280 410 285 290 419 36 295 41 425 299 173 175 180 184 185 443 69 70 83 345 350 353 354 99 355 230 234 244 245 374 119 120 376
384 2 131 5 11 15 16 401 20 406 24 25 30 414 291 421 294 295 300 50 181 186 190 66 200 76 204 205 337 210 339 342 215 351 354 227 236 112 241 114 115 116 117 370 120 121 250 126
132 7 391 12 268 396 145 402 276 21 278 27 412 413 286 415 418 291 298 302 303 306 55 187 188 193 325 201 77 78 206 81 211 216 217 103 232 235 237 111 242 118 376 121 122 377 381 126
387 133 264 392 266 393 13 269 403 154 27 412 413 287 32 288 162 293 39 297 43 44 302 303 176 308 188 446 197 198 328 86 218 348 356 103 233 363 112 243 117 118 122 123 379 253 382 127
387 388 5 264 9 393 14 398 18 23 409 27 28 288 293 294 297 298 304 179 308 184 189 64 69 74 207 340 345 349 230 234 235 113 115 117 120 378 383
130 4 265 399 19 148 405 24 280 34 290 418 421 294 295 299 306 180 309 58 190 191 65 196 70 199 328 75 204 81 209 86 349 350 235 238 114 249
385 387 390 135 136 269 16 272 400 20 21 276 406 405 25 26 157 290 35 421 294 40 300 47 434 179 181 314 445 446 191 449 66 71 210 84 89 220 351 225 359 236 109 110 125 382
386 390 8 138 12 13 272 21 406 30 31 167 168 296 43 172 300 46 301 302 306 182 311 312 187 67 332 206 210 216 347 348 223 233 237 238 111 112 242 116 120 123 382
388 133 392 137 138 393 143 18 402 148 403 22 151 27 32 418 293 421 424 297 42 302 47 303 309 312 57 314 61 317 194 323 68 199 331 207 84 89 217 353 358 113 241 122 382 127
385 2 388 133 134 390 393 14 398 272 275 403 404 24 408 28 160 165 39 43 299 303 50 182 313 189 69 74 208 213 92 354 228 359 362 364 239 124
129 135 393 11 139 15 16 20 149 410 33 164 39 295 303 49 305 54 184 185 314 190 195 75 213 344 350 351 229 360 234 236 240 241 245 250 123 124 126
256 390 136 11 144 275 406 26 154 410 411 30 415 416 421 424 299 300 427 306 180 310 312 315 317 64 450 196 202 206 334 210 87 215 92 94 361 365 241 369 244 246 251 380 125
388 5 391 136 137 393 12 141 142 396 401 146 147 275 278 26 163 168 41 301 53 185 321 72 77 337 82 211 221 95 357 231 363 236 237 365 242 118 381 126
129 2 132 137 396 397 14 142 19 23 151 407 408 412 413 32 36 37 421 423 42 298 428 303 48 306 52 53 308 312 317 62 68 327 73 331 208 83 213 216 93 222 353 354 363 238 239 241 244 122 378 253 126
2 393 14 143 272 24 153 408 157 413 43 299 427 430 48 308 309 184 58 314 315 189 64 320 194 67 205 79 337 84 92 95 228 362 247 249 123
389 134 391 8 393 140 396 270 15 144 399 400 278 25 281 410 286 414 415 420 166 39 169 171 44 299 303 54 56 185 188 190 80 213 224 98 354 104 360 239 240 368 119 123 124
129 130 385 4 132 135 136 137 10 139 141 399 16 400 21 22 149 150 280 154 410 411 416 420 421 39 424 169 171 300 301 50 306 309 310 441 186 191 64 196 76 334 81 344 219 350 356 357 360 362 366 242 370 244 245 247 251 125 254
5 263 137 398 146 275 282 412 160 416 417 41 46 430 433 51 308 438 185 316 61 323 197 70 326 201 208 212 213 340 342 221 93 95 98 227 236 365 367 242 121 250 252
133 263 137 11 396 142 399 147 278 23 408 281 28 157 284 412 289 418 417 36 422 423 169 42 298 174 306 59 317 62 191 64 193 318 327 216 217 223 101 358 103 237 371 248 253 126
132 388 134 135 138 139 140 24 25 153 408 29 157 413 414 419 423 424 42 299 44 427 53 312 67 323 199 73 74 333 79 337 338 222 228 359 360 233 365 243 244 247 249 250 254
130 135 8 278 25 154 414 415 34 163 420 40 425 299 44 433 436 54 310 441 59 188 444 319 326 73 75 211 216 224 98 101 365 239 368 245 249 250
256 129 131 135 14 399 145 146 402 21 405 25 281 155 284 31 287 415 292 421 166 39 425 426 177 309 311 184 189 190 191 62 194 325 81 86 345 219 349 356 230 235 365 245 246 374 376
391 392 137 138 141 397 143 273 147 151 153 28 32 160 416 163 426 302 430 61 321 66 70 71 326 331 77 337 82 340 106 363 236 368 246 248 377 250 378 253
132 133 388 137 11 143 272 147 277 152 281 28 412 413 417 423 42 427 439 313 444 62 191 198 329 332 337 214 342 219 93 98 101 104 363 242 371 247 248 252
259 132 263 398 143 402 403 148 149 405 24 408 410 413 158 288 290 418 295 42 173 180 309 312 185 189 65 68 70 199 328 73 204 84 344 89 219 222 359 233 364 244 248 249 253
256 261 389 139 140 141 14 144 146 149 154 159 31 415 163 36 425 433 190 64 324 73 74 205 80 209 85 343 90 355 365 366 239 371 244 253 254 255
129 136 141 14 410 155 284 30 31 415 416 36 420 430 305 50 179 306 442 60 316 191 64 65 194 447 196 201 330 332 337 86 214 217 222 101 231 104 361 107 366 240 374 255
256 257 262 135 146 147 405 408 413 416 37 293 298 45 302 51 436 183 312 315 188 61 192 72 73 331 76 207 336 87 346 225 362 236 247
128 256 259 264 397 143 149 278 152 417 34 162 418 166 39 167 168 42 43 422 428 432 178 436 438 57 327 76 77 83 342 88 346 347 353 363 237 368 242 374 247 248 378
129 4 139 17 148 149 284 287 34 163 418 419 58 314 63 194 450 197 199 333 78 335 84 340 343 348 94 223 225 107 364 110 238 369 115 243 248 249 377
260 138 139 140 394 150 408 25 411 30 416 35 420 294 299 301 430 48 309 186 315 318 191 64 194 195 199 74 76 79 85 228 229 104 365 370 250
256 259 260 262 9 267 141 146 19 279 152 26 410 37 296 169 42 170 425 430 49 306 435 311 439 60 79 335 85 91 349 231 105 366 111 240 377
257 3 261 262 266 142 20 277 152 156 32 290 37 166 176 51 181 312 441 317 192 66 197 200 202 331 336 81 338 341 343 217 346 347 222 351 228 362 237 110 113 371 118 380
393 141 153 411 414 163 419 38 423 427 428 303 304 177 51 438 442 189 62 447 321 194 67 72 203 77 79 337 82 88 352 231 363 247 252
385 259 389 134 262 263 264 138 139 265 270 149 155 158 163 40 172 45 173 178 434 309 438 442 443 319 82 338 84 339 343 88 89 348 94 223 352 353 99 229 119 248 380
259 6 264 265 140 150 23 30 159 35 293 425 299 175 434 179 435 439 315 60 444 320 65 449 200 74 203 204 210 85 341 344 346 95 231 236 239 113 116 244 375 121 383
260 261 389 390 266 141 15 144 146 414 31 417 36 165 422 307 180 436 54 440 190 64 192 321 324 197 201 331 206 82 340 87 91 95 355 234 376 255
388 133 261 262 265 266 268 142 271 272 273 147 403 27 158 33 163 37 43 47 48 175 431 432 436 181 182 56 441 445 448 322 71 327 336 81 85 87 217 92 351 97 355 228 356 361 252 383
257 386 3 262 9 267 14 143 273 18 148 26 28 162 167 296 428 432 177 51 52 182 318 447 206 208 82 213 87 349 98 231 234 362 239 367 368 116 373 248 378 123 124 252
262 8 264 144 273 147 154 417 34 168 424 425 43 433 178 434 310 438 57 442 315 443 319 448 323 324 199 200 327 82 85 214 343 89 90 93 352 353 98 99 354 363 237 369
384 129 386 259 260 391 265 268 145 275 276 23 155 161 35 164 293 166 40 174 178 51 439 315 64 320 448 325 74 203 205 79 85 88 90 349 358 235 113 245 375 379 380 383
255 256 261 389 265 10 12 15 144 17 145 146 149 151 29 30 31 414 36 41 425 299 174 430 431 50 51 436 54 440 316 321 450 324 200 75 209 211 85 341 89 91 350 95 96 352 101 234 237 242 245 119 376 124 127
256 1 257 387 388 261 6 265 266 11 267 272 276 150 23 157 161 162 420 168 42 428 175 176 303 432 437 313 186 441 60 445 318 446 322 198 72 330 203 212 85 86 88 346 93 96 352 355 357 103 361 363 240 372 122 252
1 386 388 389 394 271 272 279 26 164 167 296 169 172 173 433 53 54 181 182 313 438 447 206 82 213 87 91 352 357 102 233 361 362 116 372
130 3 258 259 268 13 15 147 20 149 154 283 413 159 32 417 34 39 44 429 302 178 179 434 439 57 188 448 193 327 203 204 209 83 212 214 88 93 353 99 355 358 103 363 237 240 368 245 374 122
268 269 274 150 279 153 284 160 35 423 170 45 430 431 304 178 179 436 59 315 316 444 63 319 321 194 448 325 206 211 84 215 88 89 90 91 95 96 224 99 358 359 240 375 380
4 261 389 392 265 397 270 271 275 280 282 156 29 287 161 167 41 299 172 431 180 436 184 57 185 62 206 335 209 211 339 85 216 345 90 94 100 360 234 365 371 374 119 375 376 254
1 387 133 7 138 267 396 271 18 150 23 152 283 157 286 417 420 47 432 177 305 52 442 60 62 191 322 330 76 332 82 86 91 96 97 98 101 358 106 107 366 240 243 371 248 253
1 2 388 263 392 267 142 271 272 17 273 403 277 153 158 33 38 302 48 177 434 181 182 439 323 324 203 208 209 337 214 91 97 98 99 361 362 107 373 378 252
384 3 259 264 392 268 269 400 403 154 285 159 32 290 293 39 44 302 175 49 178 183 184 439 188 60 319 65 193 324 198 203 79 212 214 88 89 219 93 99 103 363 108 368 373 374 122 383
384 129 4 136 9 395 141 14 270 144 150 24 153 26 280 35 165 294 423 430 50 435 184 440 63 320 199 333 210 339 94 95 100 104 360 361 364 109 366 240 243 375 251
129 385 4 5 265 10 11 266 15 274 275 276 280 155 161 291 295 46 175 434 51 436 437 184 441 442 320 321 195 326 327 331 205 212 85 217 90 94 95 96 102 106 235 364 376
386 387 6 11 267 395 16 403 276 277 26 157 286 31 288 162 35 291 293 47 432 305 178 308 63 191 68 72 332 212 342 215 223 97 357 102 106 236 111 116 117 376 121 125
3 139 144 17 22 408 153 282 156 29 287 33 163 292 297 426 48 438 192 66 328 202 333 336 213 93 98 102 358 364 367 369 372 117 246 248 377 254 382
