450 8263
129 267 271 30 297 303 435 437 310 183 56 188 317 446 62 78 342 220 349 94 367 242 115 119
384 132 389 134 391 135 265 7 137 143 403 404 23 280 411 161 33 163 292 37 291 419 168 169 297 36 45 179 180 308 440 316 61 317 65 450 321 198 70 326 72 74 331 207 214 88 218 346 93 95 353 226 106 109 110 113 114 375 248 249 250 381
133 390 137 138 12 143 409 32 419 35 41 42 170 44 173 174 176 305 439 444 327 72 200 331 337 86 112 371 254
134 8 149 156 30 161 164 295 425 301 46 52 53 438 440 443 320 322 67 337 88 345 91 360 244 245 123 382
261 389 265 10 11 270 146 18 404 407 23 27 157 287 416 289 32 164 37 166 424 425 171 43 173 428 303 431 300 438 183 59 60 189 445 64 196 198 70 338 84 212 347 219 94 96 354 227 359 111 242 116 118 122 125 126 127
384 138 268 397 15 279 282 160 292 422 305 433 311 62 324 69 199 328 327 332 89 95 226 98 108 365 366 240 373 246 250
2 134 137 404 419 36 45 180 308 440 441 316 317 321 323 326 72 93 353 106 110 113 114 375 248 249
259 4 134 392 144 149 151 155 156 285 30 161 292 164 167 41 425 301 174 46 178 52 53 440 187 443 446 322 67 325 207 337 88 91 348 360 239 244 245 123 124 382
143 368 48 18 243 52 50 407 216 25
130 5 261 263 137 15 276 277 278 407 23 409 27 283 287 31 164 425 43 301 303 175 444 445 62 319 196 339 211 216 345 219 92 349 94 351 98 229 359 364 368 116 372 121 378 382 255
5 389 393 265 395 146 18 404 152 157 420 37 166 295 424 41 43 428 300 431 438 183 59 60 198 70 334 94 100 229 232 242 122 125 126 127
3 133 390 138 143 146 21 23 407 409 32 35 41 42 170 173 174 176 305 439 441 444 327 72 200 331 214 86 371 254
322 420 422 361 304 52 343 379
130 34 325 230 296 73 205 398 368 432 50 180 407 216 441
6 263 10 402 276 149 150 278 24 283 31 161 426 429 431 434 56 58 62 322 339 88 345 219 92 349 229 110 367 368 372 374 121 255
450 307 100 332 382
20 150 161 163 299 172 301 432 52 443 316 203 204 205 335 208 81 340 84 87 233 114 373 246 119
5 9 11 27 30 31 34 37 40 42 50 54 59 60 70 71 75 76 78 82 88 94 101 112 115 116 120 121 122 124 125 126 127 129 132 133 141 146 152 157 162 166 183 188 191 194 198 200 211 219 223 224 236 241 242 245 250 252 253 255 257 262 265 277 280 286 287 292 297 300 303 311 314 317 323 331 332 333 335 339 341 345 346 365 369 377 381 389 396 399 400 403 404 408 409 410 413 416 423 424 426 428 429 431 432 433 434 438 442 445 447
128 353 385 360 328 335 310 285
261 17 404 150 161 163 299 172 429 301 304 432 179 52 443 316 203 204 205 79 335 208 81 340 84 87 236 114 373 246 119
62 129 253 163 36 37 102 266 12 268 270 207 239 434 437 150 155 380 412 348 255
128 386 388 390 391 394 271 149 23 154 36 168 170 427 52 184 185 443 195 331 205 207 338 342 354 101 231 233 106 239 250
384 2 388 5 261 391 264 135 10 265 12 271 143 403 404 22 407 280 154 27 287 33 291 164 36 37 292 425 170 43 169 297 303 305 52 184 441 443 189 445 61 196 70 74 205 207 214 88 346 219 226 359 231 239 371 116 250 381
33 258 65 40 15 440 383
291 389 9 234 73 109 430 173 341 439 57 316 382 255
167 267 435 344 217 410 253 158 287
386 132 5 261 389 262 265 10 133 269 142 18 403 148 405 278 23 407 409 410 283 412 285 30 287 416 161 413 286 164 424 425 169 43 42 429 40 303 176 434 50 54 313 57 445 189 447 191 321 323 196 71 331 76 78 212 345 219 92 93 225 356 359 235 116 372 118 376 120 124
230 394 362 335 112 369 114 344 121 319
93 65 195 206 47 336 366 308 213 184 313 250 282 92 349 188 252
1 4 8 18 27 40 42 44 46 50 52 53 54 56 62 64 67 71 76 88 91 115 119 120 121 123 124 129 132 133 134 149 156 161 164 177 183 188 191 199 210 216 219 220 228 233 236 242 244 245 247 262 281 284 286 289 290 297 298 300 301 303 304 310 322 323 331 332 337 342 349 351 360 363 382 389 393 403 410 413 425 434 440 443 445 446 447
257 263 10 397 15 400 18 276 278 408 280 283 34 292 297 299 429 433 311 314 60 445 62 194 78 339 88 346 219 92 349 223 224 229 101 240 112 241 115 372 121 377 255
3 5 133 390 138 12 270 143 409 416 35 41 42 170 173 174 176 305 439 316 444 191 64 196 327 72 200 331 338 84 212 86 347 354 227 111 371 118 125 254
384 2 135 392 265 143 403 404 23 24 280 291 292 37 167 169 42 297 61 70 74 207 214 88 346 226 250 381
257 14 143 398 400 18 280 31 292 297 429 432 433 311 441 314 60 445 194 325 78 88 346 350 223 224 101 368 112 241 243 115 375 377
3 131 133 390 138 12 143 409 32 417 41 42 170 173 174 176 305 439 315 444 319 194 327 72 201 74 331 200 86 219 94 226 358 371 251 254
129 2 388 134 7 391 137 266 268 270 271 404 21 22 23 150 154 155 288 163 419 295 170 45 434 52 180 308 184 440 443 316 317 62 321 70 326 72 205 207 348 93 353 102 231 106 110 239 113 114 372 375 248 249 250 253 127
384 2 5 389 135 265 11 140 269 143 401 18 403 146 21 404 23 408 280 157 33 291 292 166 424 169 297 428 300 431 307 438 183 314 59 60 61 448 67 324 198 70 328 330 74 207 210 214 88 346 94 226 356 366 242 246 378 250 122 381 126 127
97 356 197 422 40 204 179 279 408 317 349
48 105
132 389 262 133 18 403 24 408 410 27 413 30 286 38 422 42 431 306 434 50 54 317 447 191 323 71 331 76 219 349 356 120 124
3 259 133 390 8 138 11 12 142 143 144 403 151 409 282 155 285 158 32 35 167 42 43 171 173 174 170 48 305 178 176 182 439 187 444 190 446 449 450 325 327 72 200 331 334 207 86 89 348 225 355 100 232 362 235 239 371 251 124 254 127
3 132 389 262 390 135 133 138 393 12 141 143 271 18 403 149 277 409 410 27 413 30 286 32 33 35 419 40 41 170 173 174 301 176 305 434 51 50 181 54 439 440 309 58 444 447 191 323 197 71 72 327 200 331 76 332 80 83 211 86 88 345 219 353 362 364 429 175 371 120 124 254
5 261 10 11 142 148 405 23 152 407 409 27 287 416 164 41 425 169 303 434 57 445 189 321 196 200 334 78 212 219 225 100 359 232 235 116 376 377 123 127
3 389 393 281 284 30 290 298 428 300 304 177 185 445 62 199 332 210 216 351 228 233 363 236 242 247 121
2 130 132 134 7 137 139 399 273 404 279 408 287 419 36 169 303 51 180 308 440 185 316 61 317 321 322 67 326 71 72 75 93 352 353 106 365 109 111 110 113 114 116 118 375 248 249 381
255 130 387 4 134 8 149 156 30 161 164 425 301 52 53 440 185 443 322 67 69 328 337 88 91 360 244 245 123 126 382
288 65 188 195 252 93 231 282 236 206 366 336 308 120 184 154 250 92 29 349 415
9 139 142 144 403 407 279 282 158 294 39 41 171 50 307 52 309 182 180 57 190 62 64 449 68 336 82 341 216 89 346 95 355 100 362 235 368 251 252 125 253
97 390 104 81 440 158 63
132 389 262 133 9 14 18 403 407 410 27 413 30 286 291 40 296 42 48 434 52 180 54 447 191 323 71 73 331 76 334 209 216 219 109 368 120 124
130 131 132 262 139 142 399 398 273 402 403 404 408 410 411 413 287 421 169 42 45 303 432 53 310 54 185 315 59 61 64 322 67 70 71 74 75 212 85 341 343 347 92 352 358 365 109 113 116 117 118 244 250 380 381
4 8 9 13 17 20 22 23 30 36 46 48 50 53 65 67 81 84 87 88 91 92 114 115 119 123 131 134 138 141 149 150 154 156 161 163 164 166 170 172 184 203 204 205 207 208 216 231 239 244 245 246 250 254 271 276 283 299 301 304 316 322 335 337 340 343 349 359 360 361 368 373 382 386 388 391 397 398 400 407 420 425 432 439 440 443
131 4 134 8 269 398 399 146 402 148 149 408 411 156 413 30 161 292 164 294 421 425 301 46 432 51 52 437 310 54 440 185 443 315 59 64 322 67 70 74 337 212 341 343 88 89 91 347 355 101 358 360 237 244 245 250 123 380 382
131 132 389 262 133 398 18 403 402 410 27 411 413 30 286 288 421 40 42 170 432 50 51 434 53 310 313 315 59 447 191 64 323 67 70 71 74 331 76 212 341 343 88 219 347 95 358 244 120 250 124 380
321 346 371 164 446
1 129 15 272 402 150 30 161 297 426 429 303 434 310 183 440 58 188 62 446 322 340 342 88 345 220 349 110 367 368 115 374 247 119
389 142 148 405 25 409 27 416 169 43 173 430 48 316 189 191 321 73 78 212 225 98 235 109 376 123
449 322 161 167 42 426 429 110 15 367 368 402 434 374 150 56 88 345
131 5 389 265 11 398 18 146 404 402 411 157 413 37 166 421 424 428 300 431 432 51 53 54 183 438 310 315 60 64 67 198 70 200 74 212 341 343 347 94 225 358 242 244 122 250 380 126 127
255 129 257 5 389 265 11 141 399 400 18 146 404 408 152 280 157 31 34 162 292 37 166 423 424 297 299 428 300 429 431 432 303 434 433 438 183 311 314 59 188 317 445 194 198 70 75 76 78 339 88 346 94 223 224 101 236 365 240 112 242 115 241 245 121 122 377 381 126 127
384 2 130 132 135 265 139 270 143 399 273 403 404 23 280 408 287 33 291 292 37 297 169 45 303 51 185 322 67 70 71 74 75 207 214 88 346 352 226 365 109 113 116 118 250 381
1 6 10 15 21 30 31 36 44 48 56 68 69 80 89 92 95 102 115 119 121 125 129 139 150 155 160 163 177 180 183 188 199 207 210 216 219 220 226 228 229 233 236 239 240 242 244 246 247 252 253 255 263 264 266 268 270 276 278 279 281 283 284 290 292 294 297 298 300 303 304 305 307 309 310 324 328 332 336 339 341 342 346 348 349 351 363 372 373 385 389 393 397 433 434 445 446
261 275 149 409 158 415 422 168 49 440 197 326 206 79 81 345 97 104 108 367 241 127
131 5 270 398 273 402 405 411 413 30 32 416 421 298 173 48 432 51 53 54 310 59 315 67 196 70 74 338 84 212 341 343 347 354 227 358 111 244 118 250 380 125
256 2 132 389 391 138 397 400 276 24 281 282 411 283 29 161 163 166 47 306 179 52 308 184 188 450 195 198 72 331 206 336 218 92 93 349 95 231 359 109 366 368 245 374 249 250 124 252 254
450 132 200 425 82 182 157
4 8 30 37 45 46 51 52 53 54 59 61 64 70 71 74 75 76 78 88 91 109 113 116 118 119 123 130 131 132 134 135 139 140 149 155 156 161 164 169 185 190 210 212 238 239 244 245 246 250 265 269 272 273 276 278 287 294 299 301 303 307 310 314 315 322 324 330 337 341 343 347 352 356 358 360 365 366 378 380 381 382 398 399 401 402 404 408 411 413 421 425 432 433 440 443 448
125 253 259 294 139 334 48 336 307 180 309 341 279 346 284 252 62 95
130 387 6 397 160 292 46 305 433 185 62 324 328 332 210 85 89 226 103 110 240 373 246 126
384 2 131 5 389 135 265 11 398 143 18 403 146 404 402 23 279 280 411 157 413 33 291 36 37 292 166 424 169 297 421 428 300 431 432 51 179 53 54 183 438 310 59 60 61 315 64 67 198 74 79 207 212 341 214 343 88 346 347 94 226 358 242 244 122 250 380 381 126 127
130 132 389 262 133 139 399 273 18 403 404 408 410 27 413 30 286 287 40 169 42 45 303 50 51 434 54 312 185 61 447 191 322 67 323 331 76 75 337 212 219 92 352 365 109 113 116 118 120 124 381
2 3 132 389 133 7 391 390 138 137 12 134 143 404 409 411 32 35 36 163 419 41 42 170 45 173 174 176 305 179 180 308 439 440 444 317 316 65 450 321 198 327 200 326 331 86 88 218 93 95 353 106 109 110 113 114 371 375 248 249 254
389 296 109 14 430 50 180 439 216 25 57 282 316 407
384 2 258 131 133 135 265 398 143 402 403 404 23 280 411 413 33 417 35 292 37 291 421 169 297 432 51 53 54 310 59 315 61 64 67 70 201 207 212 341 214 343 88 346 347 226 358 244 250 380 381
129 130 132 139 141 399 273 18 404 408 152 287 162 166 423 169 297 45 303 432 434 51 185 60 61 317 188 322 67 194 71 339 91 352 236 109 365 113 116 245 118 121 381 126 255
132 389 262 133 265 269 18 403 408 410 27 285 30 413 286 40 42 299 50 434 54 310 442 60 447 191 67 323 71 331 219 120 124
361 243 268 293 261
1 257 142 271 144 272 18 400 276 148 405 280 409 155 27 156 31 416 34 292 421 169 297 43 429 433 435 437 311 57 314 60 189 190 445 321 194 67 324 212 88 346 94 223 224 225 101 360 235 238 367 239 112 241 115 119 376 377 123
288 420 70 395 20 413 445 63
385 133 135 264 393 141 271 149 278 277 419 164 296 42 301 429 175 181 309 440 62 321 323 197 332 211 88 345 346 353 362 364 244
394 399 17 147 20 404 150 283 158 287 160 161 163 296 299 172 301 176 49 432 52 440 443 316 63 203 204 205 335 208 338 340 84 87 92 97 228 229 104 363 240 114 245 374 373 120 246 122 119
416 66 48 18 434 311 377 125 191
167 42 299 274 374 349
5 270 17 20 150 32 416 161 163 299 172 173 301 432 52 443 316 64 196 203 204 205 335 208 81 338 212 340 87 347 354 227 111 114 373 118 246 119 125
194 51 69
3 133 390 138 12 143 409 32 35 41 42 170 173 302 174 176 305 439 444 327 72 200 331 370 371 254
17 20 150 161 163 299 172 301 432 52 443 316 203 204 205 335 208 81 84 340 114 373 246 119 121
2 4 8 15 18 23 30 31 33 34 37 42 46 52 53 54 56 58 60 61 67 70 72 74 78 80 91 97 101 110 112 115 123 133 134 135 141 143 149 150 156 161 164 169 175 181 194 197 207 211 214 223 224 226 241 244 245 250 257 265 271 277 280 291 292 297 301 309 311 314 322 323 332 337 345 346 353 360 362 364 367 368 374 377 381 382 384 393 400 402 403 404 419 422 425 426 429 433 434 440 443 445
6 397 398 142 144 146 403 148 280 158 160 292 41 171 48 305 433 53 437 182 62 190 449 324 69 328 330 332 226 355 100 362 235 240 373 246 251 382
256 227 326 329 106 235 236 238 367 369 209 147 181 183 249 345 218 156 124 349
4 134 8 149 407 156 30 161 164 425 301 46 432 52 53 440 443 322 67 75 337 88 100 360 244 245 123 382
258 262 263 265 10 394 138 269 397 15 399 400 403 276 278 151 282 27 412 29 285 31 287 160 283 161 166 424 169 296 429 47 176 51 52 308 184 185 313 188 62 65 195 71 333 206 336 81 339 340 345 219 93 349 356 228 358 229 231 359 363 366 368 372 245 376 121 250 122 252 254 255
129 2 134 7 137 404 282 27 29 288 419 36 295 45 47 180 308 184 440 188 317 316 65 321 195 326 72 206 336 209 92 349 353 227 234 106 366 110 113 114 372 375 248 249 250 252 127
1 5 389 265 10 11 271 18 146 404 157 414 35 37 166 423 424 428 300 430 431 435 437 438 183 59 60 70 198 203 78 221 103 367 112 242 122 126 127
384 2 132 389 6 391 138 139 268 402 279 154 411 282 413 286 418 163 294 422 48 179 307 309 54 180 311 62 447 65 450 68 198 199 72 327 331 336 341 218 346 98 361 234 108 109 366 240 113 377 249 379 252 125 253 250
162 5 230 137 237 255
127 261 275 149 409 413 158 415 165 38 168 431 49 306 440 63 192 449 326 331 206 81 88 345 351 104 108 367 241 383
384 130 389 6 137 10 138 268 277 407 279 409 282 422 175 311 57 314 319 199 327 211 216 345 95 108 364 366 240 368 121 250 378 382
240 165 215
11 142 16 144 403 158 41 43 171 48 434 182 190 449 334 89 91 355 232 362 235 109 116 251 127
128 257 386 390 394 399 400 18 149 22 408 280 31 34 292 294 168 297 299 427 429 433 53 311 185 314 60 445 194 195 331 78 338 342 88 346 223 224 354 233 367 240 112 241 115 377
193 129 163 36 168 136 266 268 270 207 239 434 21 150 218 155 348 253 62
69 423 430 112 337 212 437 444 221 94 414
261 395 275 149 409 413 158 415 168 49 440 188 63 326 206 81 345 97 108 367 241 370 127
291 323 389 294 359 39 393 362 107 171 135 402 276 375 378 286
2 134 7 137 404 22 419 36 45 180 308 440 316 317 447 321 326 72 90 93 353 110 113 114 375 248 249
291 323 389 294 359 135 105 298 393 171 362 398 402 276 373 375 378 348 286 191
384 261 6 138 267 268 142 275 149 279 409 282 415 422 168 174 311 63 326 199 327 206 345 95 97 98 104 366 367 240 241 250 127
381 2 130 132 389 391 139 399 273 404 408 25 411 287 163 169 45 430 173 303 50 51 179 439 57 185 316 61 318 65 450 67 322 198 71 72 73 75 331 341 218 95 352 100 365 113 116 118 249 125 382 255
2 134 7 137 15 402 404 150 161 419 36 426 45 301 429 434 180 308 56 440 58 316 317 321 194 322 69 326 72 88 345 93 353 106 367 368 113 114 374 375 248 249
32 64 354 227 416 5 196 170 45 270 173 370 338 84 212 118 152 347 125
257 3 400 18 280 28 414 31 34 292 423 297 429 430 433 311 314 60 445 194 78 335 88 346 221 94 223 224 101 230 103 369 114 115 241 121 377
2 130 132 134 7 137 139 399 273 404 408 286 287 418 419 36 422 297 169 45 429 303 51 180 308 440 185 316 61 317 321 322 67 326 71 72 75 93 95 352 353 354 106 234 109 110 365 114 116 118 375 248 377 249 379 381
2 134 7 137 17 20 404 150 28 161 163 36 419 299 172 45 173 301 432 305 52 180 308 440 443 316 317 321 326 72 203 204 205 335 208 81 84 340 87 93 353 230 106 110 112 113 369 373 246 119 248 121 249 375
1 129 131 386 257 397 141 398 400 18 280 30 31 34 163 420 292 297 429 303 433 52 310 183 56 439 314 311 60 188 62 446 445 449 194 204 205 78 207 342 88 346 220 349 223 224 101 359 112 368 241 119 377 124
130 132 5 261 10 139 396 399 273 18 404 23 407 409 280 27 408 287 164 425 426 43 169 45 175 432 303 51 185 442 61 445 322 67 196 323 71 200 75 332 333 335 339 219 352 100 359 109 365 113 369 118 123 253 381 127
233 176 401 51 276 376 283
130 132 5 139 270 399 273 404 408 27 287 32 416 169 45 173 303 51 185 61 64 322 67 196 71 75 338 84 212 347 352 354 227 109 365 111 113 116 125 381 127
1 129 272 17 20 276 150 410 155 156 30 161 163 421 297 299 428 301 172 303 432 433 52 310 183 56 443 188 316 446 62 190 67 324 203 204 205 78 335 208 81 84 212 342 87 340 220 349 360 238 239 114 115 373 246 123
388 261 132 389 262 133 18 147 404 403 281 154 27 410 413 30 415 288 161 286 40 42 47 50 434 54 440 447 191 323 71 331 76 81 338 219 231 236 374 247 124
126 129 130 389 263 137 10 393 141 15 399 18 276 277 278 408 409 281 283 28 284 30 31 152 290 162 423 297 298 44 300 175 304 177 432 303 434 60 445 62 319 317 188 194 199 75 332 335 210 211 339 87 216 345 219 92 349 351 98 355 228 229 230 233 363 364 365 236 112 369 114 368 372 242 245 247 378 381 382 255
5 389 265 394 11 399 18 146 404 283 157 287 160 161 37 166 296 424 428 300 431 176 308 438 183 59 60 190 324 70 198 206 81 338 340 217 92 94 228 229 363 242 245 126 127
4 134 8 272 276 149 407 409 155 156 30 289 161 164 421 425 43 301 46 433 52 53 440 57 443 189 190 322 67 324 200 78 337 212 214 88 91 360 238 239 116 244 245 119 382 127
258 259 132 389 262 133 8 140 144 18 403 151 410 27 155 285 30 413 286 167 40 41 42 50 178 434 54 187 446 447 191 65 323 325 71 331 76 207 90 219 348 239 115 120
5 391 393 11 139 270 18 279 152 32 416 294 295 173 48 434 307 180 309 311 62 64 68 196 334 336 82 338 84 341 212 346 347 95 354 227 229 109 111 118 377 252 253
255 129 130 387 5 389 265 11 267 141 399 18 146 404 408 152 157 162 37 166 423 424 297 428 300 46 431 432 303 434 308 438 183 185 59 60 317 190 188 192 194 324 69 70 198 328 75 206 339 217 94 236 365 242 245 121 122 381 127
129 5 261 389 136 265 11 143 18 275 146 149 404 407 409 157 415 288 36 37 166 295 168 41 424 43 428 300 431 438 183 59 60 63 70 326 200 198 334 206 345 93 94 97 100 104 361 232 108 367 241 242 116 372 118 122 123 126
354 195 386 101 390 168 233 394 331 427 369 338 19 437 22 342 344 185 149
255 1 381 266 268 141 270 399 18 21 150 408 152 411 155 413 30 288 162 163 36 293 295 423 297 302 303 432 434 310 183 56 60 317 62 446 188 194 195 75 207 339 342 348 93 349 220 102 234 236 365 239 115 372 245 119 121 253 126 127
387 132 264 137 10 139 14 399 273 404 277 408 409 287 169 45 46 175 303 51 185 61 319 322 67 69 71 328 75 211 216 345 352 98 364 109 365 368 113 116 118 121 378 381 126 382
386 397 141 398 400 402 411 413 417 35 163 420 422 421 432 51 52 53 54 439 310 59 315 447 64 67 70 201 74 204 205 207 212 341 343 347 358 359 368 115 372 244 250 380
2 130 389 262 391 133 139 399 273 18 403 404 408 410 27 411 413 30 286 287 291 163 166 40 169 42 298 45 303 50 51 179 434 54 185 61 447 191 65 66 67 450 323 198 71 72 322 75 76 331 218 219 95 352 109 365 113 116 118 120 248 249 124 381
3 132 389 262 390 135 393 138 12 141 142 143 271 18 403 149 277 409 410 27 413 30 286 32 35 419 40 41 42 170 173 174 301 176 305 50 434 429 181 54 439 440 309 444 447 191 323 197 71 72 327 74 331 76 200 332 80 211 86 88 345 219 353 362 364 367 175 371 120 124 254
2 4 7 8 137 404 149 156 30 161 419 36 164 425 45 46 301 52 53 180 308 440 443 316 317 318 321 322 67 326 72 337 88 218 91 93 353 360 106 110 113 114 244 245 375 248 249 123 382
384 2 133 389 265 394 393 141 143 271 402 403 276 404 278 23 408 280 149 277 286 287 33 291 292 37 294 419 169 42 171 297 301 429 175 181 309 440 61 67 323 197 70 74 332 207 80 211 214 88 345 346 353 226 359 105 362 107 364 375 378 250 381
145 177 370 102 127
2 3 130 134 7 10 403 404 277 409 419 36 45 175 180 308 440 316 317 446 319 321 326 72 211 216 345 93 221 96 353 98 106 364 110 368 113 114 375 248 121 378 249 382
384 3 133 6 390 12 268 397 143 400 276 279 409 282 283 32 161 35 422 166 41 42 297 172 173 174 170 304 305 176 52 311 439 444 65 199 72 329 327 331 200 86 92 349 95 98 229 231 359 108 366 240 368 371 245 250 254
130 132 399 273 404 279 408 287 294 169 45 303 48 51 307 309 180 185 61 62 322 67 68 71 75 205 336 341 346 95 352 109 365 113 116 373 118 252 125 253 381
269 401 406 408 154 413 37 170 431 307 314 448 449 67 324 330 210 356 366 246 247 378 124
129 386 131 133 135 393 396 397 398 399 400 271 18 149 277 408 152 289 162 163 420 419 423 425 42 297 300 301 429 303 432 175 434 307 52 181 309 439 440 60 317 188 448 194 323 197 75 204 205 332 207 80 339 211 88 345 353 359 232 362 236 365 364 368 115 245 121 380 381 126 255
133 144 403 276 148 405 151 409 27 158 416 41 169 43 171 48 51 182 57 189 190 449 321 78 208 212 89 225 355 100 362 235 108 376 251
384 2 3 133 390 135 9 138 265 12 403 404 23 280 409 32 33 34 35 292 37 291 41 42 169 297 173 174 170 176 305 439 444 61 70 327 72 200 74 331 207 86 214 88 346 226 227 371 250 381 254 127
259 260 8 142 403 151 155 285 158 167 41 171 428 48 178 182 187 190 446 449 325 203 78 207 89 348 355 100 362 235 239 251 124
136 161 186 254 279
126 387 5 389 265 11 12 18 148 404 157 37 166 424 428 300 431 53 437 183 438 59 60 70 198 89 94 355 230 242 122 382 127
404 306 181 183 440 313 326 329 81 338 209 345 90 218 349 227 235 236 238 367 369 374 120
142 146 405 409 27 157 416 164 169 43 53 437 57 189 321 78 212 89 225 355 235 376 382
128 386 4 133 134 135 8 261 394 390 393 141 397 15 271 275 277 22 409 156 30 415 161 419 164 168 425 42 427 429 46 175 304 301 52 53 181 309 440 185 443 63 322 67 195 323 326 197 331 332 333 206 80 337 338 211 342 88 345 91 97 354 353 356 101 358 104 233 362 360 108 365 238 367 364 241 244 245 123 382 127
129 266 268 270 15 17 402 20 21 409 155 161 291 36 163 426 299 172 429 301 432 434 52 309 56 58 443 316 62 322 203 204 205 207 335 81 208 84 341 340 87 88 345 348 102 110 239 367 241 114 368 373 374 119 246 253
187 385 285 259 325 167 8 41 142 207 144 239 178 155 92 124 348 446
381 129 393 11 141 399 18 408 162 295 423 297 43 303 432 434 60 317 188 194 75 334 339 229 361 236 365 111 368 245 121 125 126 255
212 269 294
388 261 391 140 271 22 23 406 281 413 415 288 163 36 170 47 52 184 443 449 195 205 207 95 231 236 239 247 120 250
129 259 8 266 396 268 270 144 272 276 21 150 151 156 285 163 36 421 167 41 433 434 178 187 62 190 446 67 324 325 78 207 212 348 102 360 364 238 239 119 123 124 253
4 134 8 272 276 149 155 30 161 164 421 297 425 301 46 433 52 53 440 443 190 322 67 324 78 337 212 215 88 90 91 360 238 239 372 244 245 119 123 382
5 389 265 266 11 18 146 148 404 37 166 424 428 300 431 438 183 59 60 66 70 198 94 242 122 126 127
267 142 144 403 26 287 424 41 171 48 49 435 182 440 190 63 449 81 344 89 97 355 100 104 362 235 251 253
300 325 318
6 394 397 399 283 287 161 292 296 176 305 433 62 324 69 328 201 332 81 340 89 92 226 228 229 363 240 373 246 245 122
2 4 8 15 17 20 27 30 46 52 53 56 58 65 67 81 84 87 88 91 92 110 114 119 120 122 123 134 138 145 149 150 156 160 163 164 166 172 176 203 204 205 208 228 229 231 244 245 246 254 265 269 276 278 283 285 287 296 299 301 313 316 322 335 337 340 345 349 356 359 360 363 367 368 372 373 374 382 394 397 399 400 402 412 424 425 426 429 432 434 440 443
129 141 399 18 278 408 152 423 297 303 432 434 60 317 188 321 194 75 339 346 96 236 365 245 121 378 381 126 255
129 2 131 132 389 386 391 266 268 141 270 397 400 17 398 20 21 150 154 155 411 161 36 420 297 299 172 301 432 434 179 52 439 443 316 62 65 450 198 72 331 203 205 204 207 335 81 208 84 340 87 218 348 95 229 102 359 109 239 368 114 115 373 246 119 249 253
4 5 134 261 8 10 148 149 23 407 27 156 30 287 161 425 43 301 46 430 303 52 53 55 440 443 445 322 67 196 80 337 88 91 219 359 360 116 373 244 245 248 123 382
192 97 383 99 324 449 331 306 406 351
254 132 5 389 265 138 11 397 400 18 146 276 404 283 157 161 37 424 428 300 431 52 438 183 59 60 65 70 198 75 92 349 94 231 359 368 242 245 122 126 127
446 33 187 259 285 325 8 41 207 144 239 178 83 151 26 58 124 155 251 348
128 2 386 261 390 394 275 149 22 409 415 427 185 63 195 326 327 331 206 338 342 345 97 354 227 101 102 359 104 233 108 367 241 127
384 2 130 132 262 135 265 139 142 143 399 273 403 148 405 404 23 280 409 408 27 287 416 33 291 292 37 297 43 45 303 51 57 185 61 189 321 322 67 70 71 74 75 78 207 210 212 214 88 346 92 352 225 226 235 109 365 113 116 118 376 250 381
3 388 133 390 391 138 12 140 143 271 22 23 406 409 154 413 32 35 36 41 42 173 174 176 305 52 436 54 439 184 443 444 449 327 72 200 331 205 207 86 231 111 239 371 247 250 379 254
387 5 389 135 393 142 144 402 403 276 158 287 286 291 294 41 48 182 312 190 449 323 330 89 355 100 359 105 362 107 235 375 378 251
138 17 20 150 406 161 163 299 301 432 306 52 181 443 188 316 203 204 205 335 208 81 84 340 87 238 114 373 246 119
254 3 5 133 390 138 12 270 143 25 409 32 416 35 41 42 170 174 176 305 439 57 444 64 196 327 72 200 331 338 84 341 86 212 347 354 227 109 111 114 371 118 125 382 255
3 133 390 8 265 138 12 143 409 32 290 35 41 42 170 173 176 305 439 444 327 72 200 331 333 86 233 108 371 254
130 133 135 137 10 393 141 271 149 277 409 419 42 301 429 434 181 309 184 440 319 323 197 332 80 209 211 88 216 345 353 98 362 364 368 241 116 121 378 382
385 3 133 390 265 138 394 12 269 143 399 278 409 27 412 285 283 287 32 160 161 35 424 41 42 170 296 173 174 429 305 439 313 444 327 72 200 331 81 340 86 345 92 356 228 229 363 371 372 117 245 122 254
389 136 393 281 284 30 290 298 44 300 304 445 318 62 199 332 210 216 351 228 361 233 363 236 368 242 247 121
259 8 144 151 280 155 285 167 41 437 312 187 446 323 325 207 339 219 348 239 371 244 124
65 2 163 132 450 38 70 72 391 198 331 389 109 20 249 218 411 95
2 134 7 137 139 396 14 404 407 279 419 36 294 296 45 48 50 307 308 309 440 316 317 62 321 68 326 72 73 336 341 216 346 93 95 353 106 110 113 114 371 375 248 249 252 125 253
133 135 393 141 271 147 149 277 415 419 42 172 301 429 175 309 183 440 323 197 326 329 332 80 209 211 215 88 345 90 218 349 353 227 362 235 236 364 238 367 369
448 449 66 355 100 391 41 266 171 362 235 142 48 144 403 89 251 158 190
1 129 5 389 265 11 18 146 147 404 157 30 37 166 424 297 428 300 303 431 181 310 438 56 59 60 188 62 446 324 70 326 198 329 209 342 345 90 218 220 349 94 227 235 236 238 367 369 242 115 119 122 126 127
388 391 271 22 23 154 282 29 36 170 47 175 52 308 443 188 65 193 195 205 206 207 336 218 92 93 349 231 366 239 250 252
128 130 387 132 386 262 390 394 139 399 273 403 404 149 22 408 287 292 294 168 169 427 44 45 46 303 51 53 61 322 67 195 69 71 328 75 331 338 342 92 352 354 101 233 109 365 113 116 118 381 126
352 145 402 345 245
259 196 325 167 8 41 203 207 144 239 178 151 155 124 348 446 285
1 129 141 399 272 18 152 408 282 29 30 162 423 297 172 47 432 303 434 308 310 183 56 184 60 317 62 446 65 194 195 75 206 336 339 342 92 93 220 349 104 236 365 366 115 245 119 121 250 252 381 126 255
416 225 321 5 169 43 235 78 142 148 405 212 23 376 57 409 27 123 348 380
142 144 272 403 276 281 155 156 158 421 424 41 171 48 433 308 182 449 67 324 78 206 212 217 89 224 355 100 360 362 235 238 239 119 122 123 251 126
132 133 389 262 400 18 403 410 27 413 30 286 32 40 42 300 50 434 54 57 447 323 71 331 76 82 219 107 120 124
351 97 449 165 331 251 126 383
184 427 259 102
129 257 141 399 400 18 152 408 280 31 34 35 162 292 423 297 429 303 432 433 434 311 314 60 188 317 445 75 78 339 85 88 346 223 224 101 236 365 110 112 241 115 245 121 377 381 126 255
128 129 386 390 394 149 22 154 282 29 168 427 47 436 308 184 185 188 65 331 206 336 338 342 92 349 93 354 101 361 233 366 250 252 254
5 261 10 270 23 407 27 287 32 416 164 425 43 173 303 187 445 64 330 338 84 212 219 347 354 227 230 359 237 111 116 118 125
133 135 393 141 271 149 277 419 38 42 301 429 175 306 181 309 440 63 323 332 80 211 88 345 353 362 364
382 257 2 132 5 389 391 265 11 18 146 404 411 157 163 37 166 424 428 300 431 179 438 183 314 59 60 65 450 70 72 331 218 94 95 109 242 249 122 126 127
384 389 6 393 138 268 279 281 282 284 30 290 422 298 44 300 304 177 311 445 62 327 332 210 216 95 351 98 228 233 363 108 236 366 240 242 247 121 250
3 133 390 138 12 396 143 18 407 280 409 284 287 32 35 41 42 43 170 173 174 426 176 305 309 439 442 59 444 66 323 327 72 331 332 333 335 339 86 369 371 116 123 253 254 127
160 417 35 131 260 358 360 392 74 367 442 315
293 268 236 243 436 218
144 17 20 150 161 163 299 172 301 432 52 312 187 443 316 204 205 335 208 81 84 340 87 94 114 373 246 119
386 131 388 395 141 397 398 400 17 20 150 161 163 420 38 299 172 301 432 52 439 443 316 320 203 205 207 335 81 208 84 340 87 359 368 114 115 370 373 246 119
386 131 388 391 139 141 14 271 397 17 400 398 20 22 23 150 154 161 163 36 420 170 299 172 301 432 52 439 184 443 316 203 204 207 335 81 208 339 84 340 87 231 359 239 368 114 115 373 246 119 250
261 275 149 409 282 29 415 168 47 308 184 188 190 63 65 195 324 326 336 215 217 345 92 93 349 97 104 108 366 367 241 122 250 252 126 127
384 129 2 131 388 259 386 135 8 391 266 265 268 141 270 143 144 271 397 400 398 21 22 23 150 151 154 155 280 285 33 163 36 37 420 167 292 41 169 170 297 178 434 52 439 184 291 187 443 61 62 446 448 325 70 74 204 205 214 88 346 348 226 102 231 359 403 239 368 404 115 373 250 124 253 381
142 17 274 20 150 161 163 299 172 301 432 52 443 316 203 204 205 335 81 84 340 87 114 373 246 119 249
227 326 329 235 236 238 175 367 369 50 147 181 183 345 90 218 93 349
389 393 140 269 401 408 281 284 30 290 37 169 426 298 44 300 304 177 307 314 445 62 448 67 324 69 199 330 332 216 351 356 228 233 363 236 366 369 242 246 247 121 378
130 133 135 137 10 393 141 271 18 149 277 409 419 42 301 302 175 429 181 309 440 445 319 323 197 327 332 80 341 88 216 345 353 98 362 364 368 245 121 250 378 252 382
131 5 142 270 272 398 402 148 276 405 153 409 27 155 156 413 411 32 416 421 296 169 43 173 432 433 51 53 54 310 57 59 315 189 190 64 321 67 196 324 70 71 74 78 338 84 341 343 347 225 354 227 358 103 360 235 238 111 239 244 118 119 376 250 123 380 125
379 29
384 2 135 265 12 143 403 404 23 407 280 33 291 292 37 169 297 305 441 61 70 74 330 207 88 346 226 230 371 248 250 123 381
224 99 324 206 181 156
130 389 9 10 137 393 14 277 407 409 281 284 30 290 296 298 44 300 175 48 177 50 304 52 180 445 62 319 199 73 332 210 211 345 351 98 228 233 363 364 236 368 242 375 247 121 378 382
258 324 206 308 26 122 251 126 190
2 132 389 134 391 147 411 163 302 179 181 183 184 65 450 198 326 72 329 202 331 209 345 90 349 95 227 102 235 236 109 238 367 369 249
385 132 5 133 261 263 389 10 262 15 18 403 276 278 23 280 407 410 27 283 413 30 31 287 286 35 164 40 425 42 43 303 50 178 434 437 54 445 62 191 447 323 196 71 331 76 339 92 349 229 359 371 116 372 120 121 124 255
286 1 129 354 446 229 297 236 303 115 310 119 56 183 311 342 188 349 30 62
230 103 423 137 330 430 112 94 414
306 388 406
257 400 18 280 31 34 292 297 429 433 311 314 60 445 194 78 88 346 224 101 357 112 241 115 377
257 400 18 280 31 34 292 297 429 433 311 314 60 445 190 194 78 215 88 346 223 101 112 241 115 377
416 321 391 41 169 43 235 78 142 148 212 405 376 57 409 27 59 189
384 2 260 6 135 265 397 143 403 404 23 280 160 33 35 292 37 291 169 297 305 433 61 62 317 324 69 70 328 74 332 207 214 88 89 346 240 373 246 250 381
5 270 143 147 32 416 168 173 436 181 183 64 196 326 329 209 338 84 212 345 90 218 347 93 349 354 235 236 238 111 367 369 118 125
389 393 394 399 281 283 412 284 30 287 160 161 290 419 296 298 44 300 176 177 304 445 62 199 332 81 210 340 216 92 351 229 233 363 236 242 245 247 121 122
263 393 10 11 138 394 15 399 276 278 152 283 31 160 161 287 163 295 296 176 62 334 81 339 340 219 220 92 349 228 363 372 245 121 122 125 255
96 196 14 335 112 369 114 146 214 121 28 221
388 391 138 397 271 400 276 22 23 154 283 415 288 161 290 36 166 170 47 52 184 443 447 65 205 207 92 349 359 236 239 368 245 120 250 254
323 100 41 11 43 141 334 273 127
128 386 389 390 393 394 17 149 22 281 284 30 290 168 298 427 44 300 174 304 177 185 445 62 195 199 331 332 210 338 342 216 351 354 228 101 363 236 242 117 247 121
286 129 418 293 295 302 400 113 25 377 411 379 93 413 95
142 144 147 148 276 403 405 409 27 158 416 41 169 43 171 48 181 182 183 57 189 190 449 321 326 329 78 209 212 89 90 218 345 349 225 227 100 355 362 236 238 367 369 376 251
129 389 393 141 399 18 147 20 152 281 154 408 284 30 415 288 162 290 423 297 298 44 300 47 304 177 432 303 434 181 183 188 60 62 445 317 194 326 199 329 202 75 332 209 210 339 216 345 90 218 220 349 351 227 228 231 233 235 363 365 238 367 369 242 245 247 120 121 381 126 255
96 403 196 53 428
397 272 147 276 149 279 155 156 421 172 304 433 181 183 190 67 324 326 329 333 78 209 212 345 90 218 349 227 356 360 235 236 365 367 239 369 119 123 254
129 259 388 391 8 266 268 270 271 144 272 276 21 22 23 150 151 154 155 156 285 163 36 421 167 41 170 433 178 434 52 184 187 443 62 190 446 67 324 325 205 78 207 212 348 102 231 360 238 119 248 250 123 124 253
384 6 138 268 397 406 279 408 282 31 160 292 422 299 305 433 311 60 62 324 69 199 328 327 332 81 89 95 98 99 226 101 108 366 373 246 250
257 261 400 18 275 149 150 280 409 282 31 415 34 292 168 297 429 175 433 307 311 314 60 445 63 194 326 332 78 206 88 345 346 223 224 97 101 104 108 367 112 115 377 382 127
1 5 389 265 393 11 18 146 404 281 284 157 30 290 37 166 424 298 44 428 300 431 304 177 438 183 59 60 445 62 70 198 199 332 210 216 94 351 228 233 363 236 247 121 122 251 126 127
9 34 202 77 327
385 131 4 134 8 264 398 402 149 278 411 156 285 30 413 161 164 421 425 301 46 432 178 51 52 53 54 310 440 59 443 315 62 64 322 67 70 74 335 80 337 212 341 343 88 346 91 347 358 360 245 250 123 380 382
255 129 382 4 134 8 138 394 141 397 399 400 18 276 149 152 408 283 156 30 287 160 161 162 164 166 423 296 297 425 301 46 303 176 432 434 52 53 440 186 443 60 188 317 65 194 67 322 75 81 337 211 340 339 88 91 92 349 228 229 231 359 360 363 236 365 368 244 121 122 123 381 126 254
6 140 397 269 17 401 20 150 408 160 161 163 292 37 299 172 301 430 432 305 433 307 52 437 314 443 316 62 448 67 324 69 328 330 203 204 205 332 335 208 81 210 84 340 87 89 226 356 366 240 114 373 119 378
388 261 389 393 140 406 281 154 284 413 30 415 288 290 170 298 44 300 304 177 56 313 445 62 449 199 332 210 216 351 228 233 363 236 242 120 121
2 132 134 7 137 404 419 36 164 45 180 308 440 316 317 321 326 72 214 93 353 357 106 110 239 113 114 375 249
2 132 389 134 7 391 137 404 411 163 36 419 45 433 179 180 308 440 316 317 65 450 321 198 326 72 331 208 90 218 93 95 353 106 109 110 113 114 375 248
2 6 18 22 23 29 33 36 37 47 51 52 53 54 59 61 64 65 67 70 74 88 92 93 95 98 108 131 135 138 143 154 169 170 184 188 195 199 205 206 207 211 212 214 226 231 239 240 244 252 265 268 271 279 280 282 291 292 297 308 310 311 315 316 327 336 341 343 345 346 347 349 358 366 380 381 384 388 391 398 402 403 404 409 411 413 416 421 422 432 443
192 449 35 100 260 355 167 41 362 171 235 142 48 144 242 403 182 89 217 158 190
139 18 279 409 282 29 294 47 48 307 180 436 308 309 184 188 62 65 195 68 206 336 211 341 345 346 92 93 349 95 366 250 125 253
129 266 139 267 268 270 396 18 21 150 279 280 409 26 155 412 158 287 163 36 294 426 48 434 435 180 309 307 442 62 323 68 200 332 333 207 335 336 339 341 344 346 348 95 102 239 369 116 252 125
3 133 390 263 138 12 397 143 400 145 276 409 283 32 161 35 166 41 42 170 173 174 176 305 52 439 444 65 195 327 72 200 331 86 92 349 231 359 238 368 371 245
129 263 10 141 15 399 18 276 21 278 152 25 408 283 31 162 423 297 173 46 303 432 434 439 314 188 60 62 446 317 194 75 339 341 219 92 349 96 229 236 109 365 372 245 121 381 126 382
65 322 290 422 90 347
266 400 18 280 31 34 292 297 429 433 311 314 60 445 194 198 78 88 346 223 224 101 112 241 115 377
74 24 217 442 92 124
285 193 68 293 325 167 8 41 300 207 144 239 178 151 155 124 187 348 446
144 201 226 251
388 5 10 275 20 149 23 407 281 154 27 409 287 415 164 168 425 43 303 445 63 196 326 77 206 345 219 97 359 104 108 367 241 116 247 120 127
132 133 389 18 403 410 27 413 30 286 421 40 169 42 296 303 50 51 434 54 185 191 447 321 323 71 328 331 76 219 92 120 124
254 255 349 229 10 397 15 339 276 372 278 121 219 92 283 62 31
385 130 80 244 278 23 346 62
384 2 5 389 135 11 269 143 18 146 403 404 278 23 408 280 27 412 157 285 283 33 161 291 292 37 166 424 169 297 299 428 429 174 431 176 300 306 310 183 438 313 59 60 61 67 70 198 74 76 207 214 88 345 346 92 94 226 356 242 372 122 250 381 126 127
129 257 163 36 102 268 270 207 239 434 21 150 182 375 155 348 157 62 253
287 1 108 435 344 26 253 126 158
384 129 6 138 266 270 21 150 279 282 155 163 36 422 427 302 434 311 62 199 327 202 77 334 207 348 95 98 102 108 366 239 240 250 253
265 140 401 278 408 153 27 412 285 283 161 37 424 299 429 176 307 53 310 313 314 448 67 324 330 76 210 345 92 356 366 372 246 378
129 5 266 268 21 150 155 32 416 163 36 173 434 61 62 64 196 207 338 84 212 347 348 354 227 102 111 239 118 125 253
1 387 388 133 135 391 393 141 149 22 23 277 154 412 419 36 42 170 301 430 175 429 435 52 181 437 309 184 440 443 323 197 332 205 78 207 80 211 88 345 94 353 231 362 364 239 367 250
288 67 324 421 360 78 238 239 433 212 276 119 56 281 123 155 156 188 190
130 132 139 399 404 408 287 169 45 303 51 185 61 64 322 67 71 75 352 232 109 365 113 116 118 381
208 440 83 340 333
63 97 415 291 261 326 104 168 108 206 367 241 149 345 409 127
389 135 263 393 10 138 397 142 15 272 400 402 278 155 156 283 286 31 161 291 421 166 294 171 433 52 62 190 65 67 323 324 78 339 212 219 92 349 229 231 360 105 362 107 235 359 238 239 368 372 117 245 119 375 121 378 123 254 255
130 133 135 137 10 393 141 271 18 149 409 418 419 42 301 429 175 181 309 311 440 319 323 197 332 80 211 88 216 345 353 98 362 364 368 121 378 382
385 387 135 263 264 10 265 269 15 276 408 27 412 285 283 31 287 161 162 294 424 301 429 176 313 62 319 67 80 339 345 346 219 92 349 356 229 244 372 121 255
384 6 138 139 268 145 282 38 294 422 45 48 307 180 309 311 62 68 70 199 327 336 341 346 95 98 363 108 238 366 240 250 252 253 125
384 257 2 135 265 396 143 400 18 403 404 23 409 31 287 33 34 291 292 37 421 169 426 297 429 433 178 437 311 442 314 60 61 445 194 323 70 200 74 332 333 78 207 335 339 214 88 89 346 219 223 224 226 101 112 241 369 115 116 371 377 250 253 381
388 261 390 389 393 272 154 284 30 415 290 298 44 300 304 177 445 190 62 65 199 332 210 216 351 228 233 363 236 242 247 120 121
384 6 138 268 279 29 422 41 47 48 308 311 184 188 65 195 199 327 73 206 336 92 93 349 95 98 108 366 240 241 250 252
263 265 10 138 394 269 397 15 399 400 276 278 27 412 285 31 160 161 287 166 424 296 429 176 52 313 62 65 449 81 339 340 345 219 92 349 228 229 356 231 359 363 368 372 117 245 121 122 254 255
389 393 281 30 290 298 44 300 304 177 445 62 68 199 200 332 210 216 351 228 233 363 236 242 247 121
259 8 265 269 144 19 278 151 27 155 283 412 161 167 424 41 429 176 178 313 187 446 325 76 207 345 92 348 356 239 244 372 124
132 133 262 135 389 393 18 402 276 403 410 27 413 30 418 291 294 40 42 171 50 434 54 445 191 447 323 71 331 76 345 219 220 95 359 105 234 107 362 113 375 120 377 378 379 124
130 132 5 261 135 10 139 267 396 394 399 273 18 404 278 23 280 407 26 27 283 409 158 408 160 161 164 294 296 169 425 43 171 45 301 426 176 303 51 435 185 442 61 445 322 67 196 323 71 200 75 332 333 335 81 339 340 344 219 92 352 228 229 359 363 109 365 113 369 116 245 118 122 253 381
415 129 36 231 295 236 79 47 272 372 54 247 120 154 93 127
448 355 5 425 396 141 430 307 123 348 380 30
256 389 393 281 284 30 298 44 300 174 304 177 306 445 62 199 332 210 216 351 228 231 233 363 236 242 247 121
384 2 132 389 135 265 393 143 402 275 276 403 150 23 280 25 404 286 33 292 37 294 169 297 171 50 61 323 70 74 207 214 88 346 226 359 105 362 107 375 250 378 381
384 257 2 6 135 8 265 397 143 399 400 18 403 404 23 280 408 31 160 33 34 291 37 294 169 297 299 429 305 433 53 311 185 314 60 61 62 445 194 324 69 70 326 328 74 332 78 207 214 88 89 346 223 224 351 226 101 112 240 241 115 373 246 377 250 381
129 259 295 202 234 427 77 334 302 309 411 413
389 135 393 139 399 402 276 278 279 408 153 286 287 291 292 171 301 48 307 180 53 309 185 62 67 68 323 336 341 346 95 101 359 105 362 107 375 378 252 253 125
288 129 386 413 4 36 229 293 393 234 11 302 334 372 152 411 93 125 127
262 394 14 399 407 283 287 160 161 176 305 50 180 73 80 81 337 212 340 216 92 228 229 363 245 122
384 1 2 129 257 135 265 138 141 143 399 400 18 403 404 23 152 280 408 156 30 31 33 34 162 163 37 291 292 423 169 429 303 432 433 434 310 183 56 311 314 60 61 62 188 446 317 194 445 70 74 75 78 207 339 214 342 88 346 220 349 223 224 226 101 236 365 112 113 241 115 245 119 121 250 377 381 126 255
132 389 393 281 284 414 30 290 44 300 304 177 445 62 64 199 332 210 216 351 228 357 233 107 236 363 242 247 121
265 269 17 20 150 408 31 161 163 292 172 301 432 52 308 310 443 60 316 67 203 76 204 205 335 208 81 83 84 340 87 101 240 114 373 246 119
259 5 389 265 393 11 141 18 146 404 281 284 157 30 159 290 37 166 424 298 44 428 431 304 177 438 183 59 60 445 62 191 70 198 199 332 210 216 94 351 228 233 363 236 242 247 121 122 126 127
4 133 134 135 8 392 10 393 141 271 17 20 149 150 277 278 408 156 30 287 161 417 163 164 419 294 425 42 299 172 429 46 175 432 52 53 181 309 440 443 316 322 67 323 197 203 204 205 332 335 80 81 208 211 84 337 340 87 88 345 91 353 360 362 364 110 114 244 245 246 119 373 123 382
129 293 295 234 268 368 211 86 218 411 413
1 129 130 132 5 261 262 387 10 139 141 399 273 18 404 23 152 407 408 27 30 287 162 164 423 169 297 43 425 45 432 434 51 310 183 56 185 60 61 62 188 445 446 194 67 196 322 317 71 75 339 342 219 220 349 352 359 236 109 365 113 115 116 245 118 119 121 381 126 255
389 393 138 13 397 20 149 281 284 30 290 420 298 44 300 177 52 445 62 322 199 332 333 210 343 216 351 228 356 233 361 363 236 365 238 242 247 121
3 133 6 390 138 12 397 143 23 407 409 32 160 35 292 296 41 42 170 173 174 176 433 439 441 444 62 321 324 69 327 72 200 328 331 332 86 214 89 226 240 114 371 373 246 254
65 97 290 165 197 40 265 172 147 222
139 140 141 269 396 16 401 279 408 289 37 294 425 48 180 309 314 62 448 67 68 324 330 336 210 341 346 95 356 366 241 246 378 252 253 125 380
2 134 7 137 404 282 29 419 36 299 45 47 180 184 440 442 188 317 190 316 65 321 195 324 326 72 206 336 217 92 93 349 353 106 110 366 113 114 375 248 249 122 250 252 126
133 135 393 139 141 271 149 150 277 279 419 293 294 42 301 429 175 48 307 180 181 440 62 323 68 197 200 332 80 336 211 341 88 345 346 95 353 362 364 252 253 125
1 129 131 265 269 398 402 19 408 411 413 30 421 297 299 303 432 51 53 54 183 56 59 188 315 62 446 64 67 70 74 76 212 341 342 343 347 220 349 358 369 115 244 119 250 380
384 257 6 138 268 400 18 277 279 280 282 31 416 34 292 422 297 429 433 434 314 60 445 320 194 199 327 78 82 88 346 220 95 223 224 98 352 101 108 366 112 240 241 115 377 250 125
178 171 203 396 71
412 161 356 424 265 269 429 176 147 372 54 247 278 345 27 92 29 283 285
257 140 269 400 401 18 280 408 31 34 292 37 297 429 433 307 311 60 445 448 194 67 324 198 330 78 210 88 346 223 224 98 355 356 101 366 112 241 115 246 377 378 255
131 398 402 411 413 417 35 421 432 51 53 54 310 59 64 67 70 201 74 212 341 343 347 358 244 250 380
2 389 134 7 137 17 20 404 150 407 25 32 161 163 36 419 299 172 45 301 430 432 52 180 308 440 57 443 317 321 326 72 73 203 204 205 335 208 81 84 340 87 93 353 106 109 110 113 114 373 246 119 248 249 250 375
383 1 2 129 134 7 137 141 399 18 404 152 408 162 419 36 38 422 40 297 423 45 303 432 434 180 308 440 60 188 316 321 194 326 72 75 339 93 349 353 226 356 358 106 236 365 110 113 114 245 375 248 121 249 381 126 255
177 402 109 134 159
98 35 130 137 10 364 175 368 211 277 278 216 121 345 409 28 378 382
4 361 329 204 429 311
2 134 7 262 137 142 148 405 404 409 27 416 162 419 36 169 43 45 305 180 308 55 440 57 316 189 317 326 72 78 80 212 93 225 353 106 235 110 113 114 375 248 249 376
256 130 4 132 134 8 139 13 15 399 273 402 404 149 150 408 156 30 287 161 164 420 169 426 425 45 46 301 303 304 429 51 52 53 438 434 56 185 58 440 443 61 67 71 75 337 343 88 345 91 352 360 361 109 110 367 368 113 365 116 244 118 245 374 123 381 382
132 133 262 7 135 389 393 396 141 271 18 402 276 149 277 403 280 409 410 27 413 30 286 287 291 419 294 40 42 171 426 301 429 175 50 178 434 181 54 309 437 440 442 191 447 197 71 200 331 76 333 332 335 80 211 339 88 345 219 353 359 232 105 362 107 364 369 371 116 375 120 378 124 253
6 140 269 397 272 401 276 408 155 156 160 292 37 165 421 305 433 307 308 183 314 190 62 448 67 69 328 330 332 78 206 210 212 215 89 217 226 356 360 238 239 240 366 373 246 119 122 123 378 126
384 259 8 14 398 144 151 155 285 159 34 167 41 432 178 441 187 446 207 348 239 368 124
2 261 134 7 137 147 275 149 404 409 415 419 36 292 168 45 180 181 308 183 440 316 317 63 321 72 329 206 335 209 345 90 218 93 349 97 353 227 104 106 235 108 236 110 238 367 113 114 241 369 375 248 249 127
384 3 133 6 390 138 12 268 143 279 409 282 411 32 35 422 168 41 42 170 173 174 176 305 436 311 439 444 199 72 200 331 211 86 95 98 108 366 240 243 371 250 254
130 387 6 262 397 19 160 292 37 46 305 433 185 62 324 69 332 89 226 240 373 246 126
320 227 326 138 235 236 238 367 209 369 147 181 183 345 90 218 349
448 67 196 37 324 356 171 140 269 366 401 210 307 214 246 408 89 314 378 221 414
128 2 3 132 133 262 391 386 389 138 394 12 390 143 18 402 403 149 22 409 410 27 411 413 30 286 32 35 163 165 40 41 42 168 170 173 174 427 176 305 50 179 434 54 439 185 444 191 192 65 449 195 323 450 198 71 72 200 327 447 76 338 86 342 218 219 95 351 97 354 101 233 109 371 120 249 124 254 383
133 6 135 389 393 396 141 398 271 16 397 18 149 277 280 281 409 284 30 287 160 290 419 292 42 298 44 300 301 175 304 177 305 433 429 181 309 440 442 445 62 323 324 69 197 199 200 328 333 335 80 210 211 339 88 89 216 345 348 351 426 353 226 228 233 362 363 236 364 366 240 241 242 369 116 373 246 247 121 253
396 397 18 274 149 280 409 287 417 426 174 304 442 323 200 332 335 339 92 356 365 238 369 116 253
450 68 100 229 293 232 41 295 11 43 268 393 50 152 125 127
396 17 18 19 20 401 150 280 409 28 287 161 163 426 299 172 301 432 52 442 443 316 323 326 200 203 204 205 332 333 208 81 339 84 340 87 230 112 369 114 116 244 246 119 373 121 253
139 279 282 29 294 47 48 307 180 308 309 184 188 62 65 195 68 206 341 346 92 93 349 95 366 250 252 125 253
3 4 134 8 396 149 156 30 161 164 296 425 301 46 52 53 440 443 322 67 71 88 91 103 360 244 245 123 382
128 386 5 390 394 270 147 404 149 22 32 416 168 427 173 440 185 64 195 196 331 81 84 212 342 347 354 227 101 233 111 118 374 120 122 125
381 129 263 10 396 141 15 399 18 276 278 152 280 409 283 408 31 287 162 423 297 426 303 432 178 434 437 442 188 60 62 317 194 323 200 75 332 205 333 335 219 92 349 229 236 365 369 371 116 245 372 121 253 126 255
394 399 17 274 20 150 283 287 160 161 163 296 299 172 301 176 432 52 56 443 316 203 204 205 335 208 81 84 87 92 228 229 363 114 245 246 119 373 122
382 380 131 139 398 18 402 150 279 25 409 411 413 421 294 173 48 432 51 180 53 54 307 309 310 439 59 315 62 64 67 68 70 74 336 211 212 343 345 346 347 95 358 109 244 250 252 125 253 255
128 1 129 386 390 394 149 22 30 168 297 427 303 310 183 56 185 188 62 446 195 331 338 220 349 354 101 233 115 119
131 13 398 402 411 413 420 421 304 432 51 52 53 54 310 59 315 64 322 67 70 74 212 341 347 358 361 244 250 380
128 385 353 360 267 435 26 28 253 158 287
4 10 15 18 27 42 56 58 63 80 88 90 92 97 98 104 108 110 121 127 130 133 135 137 141 147 149 150 161 168 175 176 181 183 186 197 206 209 211 216 218 227 235 236 238 241 250 252 261 265 269 271 275 277 278 283 285 286 301 309 313 319 322 323 326 329 332 341 349 353 356 362 364 367 368 369 372 374 378 382 393 402 409 412 415 419 424 426 429 434 440
384 257 2 385 135 264 265 139 143 400 18 403 404 405 278 23 279 280 31 33 34 162 291 37 292 294 169 297 429 48 433 307 180 309 55 311 314 60 61 62 445 194 68 70 74 78 207 80 336 341 214 88 95 223 224 226 101 112 241 115 244 377 250 252 125 253 381
256 131 388 5 270 398 402 411 413 32 416 421 173 432 51 53 54 310 59 315 64 67 196 70 74 338 84 212 341 343 354 227 356 358 111 244 118 250 380 125
129 259 8 266 268 270 144 21 150 151 155 285 289 163 36 167 41 432 178 434 187 189 62 446 325 332 207 102 107 239 124 253
1 129 263 10 138 397 15 400 147 276 278 408 282 283 29 30 31 161 38 166 40 297 422 47 303 52 181 308 183 56 184 310 188 317 62 446 65 195 326 329 206 336 209 83 339 342 345 90 218 92 93 219 220 227 356 229 231 359 235 236 238 367 366 369 368 115 372 245 119 121 250 252 254 255
416 441 34 384 391
389 393 10 281 284 30 290 292 165 298 44 300 304 177 445 62 192 449 199 331 332 210 216 97 228 233 363 236 242 247 121 383
130 132 139 399 273 404 408 287 169 45 303 51 311 185 186 61 322 67 71 75 109 365 113 116 118 381
2 387 133 134 7 135 137 393 141 271 19 404 149 277 419 36 42 45 301 175 429 180 181 308 309 440 316 317 321 323 197 326 72 332 80 211 88 344 345 93 106 362 364 110 113 114 369 375 248 249
128 386 5 390 394 270 149 22 32 416 168 427 173 438 185 64 195 196 331 338 84 212 342 347 220 227 101 233 111 113 118 125
142 144 146 403 148 158 289 41 171 48 53 182 439 437 314 190 449 89 100 362 235 121 251 382
390 265 140 269 397 401 149 278 408 27 283 285 412 161 37 38 422 40 424 429 176 304 307 313 314 317 448 67 324 330 333 210 345 347 92 349 365 238 366 372 246 378
248 298 223
131 398 402 149 411 413 417 35 421 432 51 53 54 310 59 315 317 64 67 70 201 74 212 341 343 347 92 244 250 380
386 131 5 261 135 389 393 10 138 141 398 397 400 402 276 23 407 27 283 286 287 161 163 164 291 166 294 168 425 420 43 171 303 52 439 445 65 323 196 204 205 207 219 92 349 231 105 362 107 368 115 116 245 375 378 254
4 134 8 272 19 276 149 155 156 30 161 164 421 425 301 46 433 52 53 440 443 444 190 322 67 324 201 78 337 212 88 344 91 238 239 244 245 119 123 382
95 320 322 195 420 13 77 304 177 52 343 152 127
133 389 135 393 396 141 142 271 144 402 403 276 149 277 28 158 286 291 419 294 41 42 171 428 301 429 175 48 181 182 309 440 190 449 323 197 332 80 211 88 89 345 353 355 100 359 105 107 235 364 375 378 251
389 393 394 399 279 281 283 284 30 287 160 161 290 296 298 44 300 176 177 304 445 62 199 332 81 210 340 216 92 351 228 229 233 236 242 245 247 121 122
130 133 135 137 10 393 141 271 149 277 409 155 419 423 42 301 429 175 181 309 440 319 448 323 197 332 80 211 88 216 345 353 98 362 368 121 378 382
129 130 132 6 139 141 397 399 273 18 404 149 152 408 287 162 423 169 297 45 303 304 432 434 51 185 60 61 188 317 194 67 322 71 75 333 339 352 356 236 109 238 113 116 245 118 121 381 126 255
384 6 138 140 268 269 401 279 408 282 29 37 422 47 307 308 311 184 314 188 448 65 67 195 324 199 327 330 332 206 336 210 92 93 349 95 98 356 108 240 246 250 378 252
1 133 261 15 271 402 147 275 149 150 409 415 161 168 426 429 434 435 181 437 183 56 58 63 322 326 201 329 78 206 209 88 345 90 218 349 94 97 227 101 104 235 108 236 110 238 368 241 369 374 127
130 131 386 9 10 137 138 141 14 15 398 397 402 400 276 277 150 407 152 409 283 161 34 163 420 166 426 429 302 175 48 177 50 432 52 434 439 56 441 58 319 65 322 325 204 205 207 211 88 216 345 92 349 98 231 359 364 110 367 115 245 374 121 378 254 382
128 396 18 147 280 409 28 287 426 181 310 183 442 323 326 200 329 332 333 335 209 210 339 345 90 218 349 353 227 230 235 236 238 367 112 114 116 121 378 253
104 136 204 86 111
3 133 390 138 12 143 23 280 407 409 412 32 35 41 42 170 173 174 176 305 178 180 437 55 439 441 444 323 327 72 200 331 339 86 214 219 254
255 129 131 263 265 10 269 15 276 278 27 156 283 285 31 288 161 412 36 295 424 429 176 313 62 339 345 219 92 93 349 356 229 121 127
6 139 397 17 20 150 160 161 163 164 292 299 172 301 432 305 433 52 443 316 62 324 69 328 203 204 205 332 207 208 81 335 84 340 87 89 226 107 240 114 246 119
390 15 402 147 404 150 415 161 426 429 434 56 440 58 65 322 81 338 83 88 345 110 367 368 120
2 389 134 7 135 137 266 393 402 276 404 286 34 291 36 419 294 171 45 180 308 440 316 317 321 323 326 72 216 93 353 359 105 106 107 362 110 113 114 248 249 378
416 225 321 169 43 235 78 142 435 148 117 212 405 57 409 27 92 189
257 400 18 280 286 31 416 34 418 292 297 43 429 433 434 311 314 60 445 194 78 82 88 346 95 223 224 101 234 112 113 241 115 379 125
130 389 135 137 10 393 140 269 401 402 276 277 408 409 286 162 291 37 294 171 175 307 314 319 448 67 323 324 330 210 211 216 345 98 356 359 105 362 107 364 366 368 369 246 375 121 382
418 170 234 13 113 213 377 286 95
131 396 141 398 402 21 411 413 414 289 421 425 432 51 307 53 54 310 59 315 189 64 448 67 70 74 212 341 343 347 358 244 250
384 129 2 130 132 135 265 139 141 143 399 273 18 403 404 23 152 280 408 287 33 162 291 292 37 423 169 297 45 303 432 434 51 185 60 61 188 317 194 67 322 70 71 74 75 207 339 214 88 346 352 226 236 109 365 113 116 245 118 121 250 126 255
130 4 134 8 137 10 16 146 148 149 277 25 409 156 30 161 164 425 173 46 175 301 52 53 437 439 440 443 319 322 67 198 337 211 341 88 89 216 91 345 98 355 360 364 109 368 241 244 245 121 378 123 255
192 97 417 449 165 424 331 24 317 351
2 6 135 265 138 268 143 403 404 23 279 280 282 33 291 292 37 422 169 297 311 61 325 70 199 327 74 207 214 88 346 350 95 98 226 108 366 240 250 381
264 80 176 19 244 278 151 344 346 219 62
128 131 390 394 141 397 398 400 149 22 27 163 420 295 168 427 52 439 185 195 331 204 205 207 338 342 354 101 359 233 368 115
353 130 69 328 171 46 271 303 146 278 185 126
261 391 271 22 23 281 154 415 36 170 52 184 443 204 205 207 347 222 231 239 247 120 250
2 5 11 18 25 27 30 37 40 42 44 50 54 57 59 60 62 65 70 71 72 73 76 94 95 98 105 107 109 120 121 122 124 126 127 132 133 135 146 157 163 166 171 177 179 183 191 198 199 210 216 218 219 228 233 236 242 247 249 262 265 276 281 284 286 290 291 294 298 300 304 316 323 331 332 351 359 362 363 375 378 391 393 402 403 404 410 411 413 423 424 428 430 431 434 438 445 447 450
128 386 3 133 138 394 12 143 399 149 22 281 409 32 35 168 41 42 170 427 173 174 176 49 305 439 185 444 195 327 72 200 331 338 86 342 354 356 101 233 371 374 254
2 132 388 389 271 22 23 154 411 163 36 170 179 52 182 184 443 65 450 198 72 331 205 207 218 350 95 225 231 109 239 249 250 125
33 8 201 301 433 408
133 389 135 11 141 271 402 276 149 277 152 281 284 30 286 290 291 419 294 295 42 171 44 298 300 175 301 177 304 429 181 309 440 445 62 323 197 199 332 334 80 210 211 88 216 345 351 353 228 229 359 105 233 107 236 362 363 364 242 247 375 121 378 125
128 386 390 135 399 149 22 283 28 287 160 161 168 296 427 176 185 195 331 81 338 340 342 92 354 228 101 229 233 363 245 122
104 11 204 436 79
141 18 280 409 155 287 289 425 426 307 180 312 442 448 323 200 332 333 335 337 339 362 369 116 380 253
386 131 6 263 138 141 398 400 276 149 283 31 160 161 163 292 420 166 304 305 433 52 439 62 65 324 69 328 204 205 332 207 333 89 92 349 226 356 231 359 365 238 240 368 115 245 246 373 254
386 131 141 14 397 400 402 411 413 414 34 163 420 421 432 51 52 53 54 310 439 441 59 315 64 67 325 70 74 204 205 332 207 212 341 343 89 347 358 359 107 368 115 244 250 380
129 130 132 390 394 139 141 273 18 404 152 408 283 287 160 161 162 292 294 423 296 169 297 45 303 176 432 434 51 53 185 60 61 188 317 194 67 322 71 75 81 339 340 92 352 228 101 229 363 236 109 365 113 116 245 118 121 122 381 126 255
257 386 131 138 141 397 398 18 276 280 283 31 161 34 163 292 420 166 297 429 433 52 311 439 314 60 445 191 65 194 204 205 78 207 88 346 92 349 223 224 101 231 359 234 112 241 368 115 245 377 254
448 67 324 37 356 330 140 269 366 335 210 307 435 117 246 408 314 378
131 389 135 393 398 15 276 150 411 413 286 161 418 291 421 294 426 171 429 432 434 51 53 54 310 56 58 59 186 315 318 447 64 322 67 323 70 74 331 212 341 343 88 345 347 95 358 359 105 362 107 110 367 368 244 374 375 250 378 380
384 2 132 133 262 135 389 137 265 142 143 144 18 404 23 280 410 27 413 30 158 286 33 291 292 37 40 41 42 169 171 297 48 50 51 434 54 182 185 61 190 191 447 449 323 70 71 74 331 76 207 214 88 89 346 219 92 226 355 100 362 235 237 120 250 251 124 381
2 5 7 11 18 20 23 33 36 37 45 51 59 60 61 67 70 71 72 74 75 81 88 93 94 106 109 110 113 114 116 118 120 122 126 127 130 132 134 135 137 139 143 146 147 157 166 169 180 183 185 198 207 214 226 242 248 249 250 265 273 280 287 291 292 297 300 303 308 316 317 321 322 326 338 346 352 353 365 374 375 381 384 389 399 403 408 419 424 428 431 438 440
64 225 321 416 169 43 235 78 142 148 212 376 57 346 27 409 189
449 165 170 140 172 240 247 154 413 222
5 261 9 10 12 14 23 409 27 287 164 296 425 43 303 48 305 50 52 180 441 316 445 196 200 73 214 216 91 219 98 359 368 371 116 123 127
129 130 132 135 392 265 139 140 141 269 399 273 18 401 404 278 152 31 287 162 292 37 38 294 40 169 297 299 422 45 301 303 432 434 51 307 53 310 185 314 60 61 188 317 448 194 67 322 324 71 330 75 76 423 210 339 349 352 356 101 236 109 365 366 240 113 116 245 118 246 121 378 381 126 255
3 10 12 18 27 32 35 41 42 43 57 63 72 78 86 97 98 104 108 116 121 123 127 130 133 137 138 142 143 148 149 150 168 169 170 173 174 175 176 189 200 206 211 212 216 225 235 241 250 252 253 254 261 275 277 280 287 305 319 321 323 326 327 331 332 333 335 339 341 345 364 367 368 369 371 376 378 382 390 396 405 407 415 416 426 439 442 444
132 133 262 389 18 403 26 27 413 286 30 40 42 50 51 434 54 444 191 447 323 71 331 76 219 119 120 124
129 2 131 132 389 391 398 402 413 163 293 421 295 302 432 51 179 53 54 310 59 315 64 65 450 67 70 198 72 327 74 331 212 341 343 218 347 95 358 234 109 244 249 250 380
161 228 356 424 265 269 429 271 176 371 372 21 278 313 345 27 92 253 283 285
129 131 132 133 262 389 140 398 18 402 403 406 154 27 410 411 30 286 293 421 295 40 42 170 302 432 50 51 434 53 54 310 59 315 191 64 449 447 67 323 70 71 74 331 76 79 212 341 343 219 347 95 97 358 104 234 244 247 120 250 124 380
103 423 298 330 398 430 112 380 221 94
388 261 275 149 281 154 409 288 168 47 181 63 326 206 345 97 231 104 108 236 367 241 374 247 120 127
5 142 270 18 148 405 409 27 32 169 43 173 434 311 57 189 64 321 450 196 78 82 338 84 212 347 350 225 354 227 235 111 118 376 377 250 125
35 131 358 201 74 426 301 333 433 315 383
234 113 402 277 377 379 286 95
2 3 133 134 7 135 137 393 141 271 404 149 277 36 42 45 301 175 429 180 181 308 309 440 316 317 321 323 197 326 72 332 80 211 88 345 93 353 228 106 362 364 110 113 114 375 248 249
386 131 11 13 141 397 398 400 163 429 304 52 439 322 204 205 79 207 343 359 361 368 115
131 262 398 272 402 276 280 155 156 411 413 432 433 51 53 54 310 59 315 190 64 67 324 70 74 78 212 341 343 347 358 360 238 239 244 119 250 123 380
256 384 131 6 138 268 13 279 408 282 38 40 311 317 63 199 327 88 349 95 98 356 108 366 240 113 250
129 389 141 399 18 152 408 414 162 297 430 303 432 434 60 317 188 194 75 339 221 94 103 236 364 365 112 245 121 381 126 255
383 5 389 265 11 269 18 146 404 278 27 283 157 158 285 412 161 37 166 300 429 428 431 176 438 183 313 59 60 190 70 198 345 92 94 356 242 372 122 126 127
4 5 134 261 8 10 396 141 149 23 407 27 156 30 287 161 289 164 43 301 46 303 307 52 53 440 443 445 448 66 67 196 322 337 88 91 219 359 360 116 244 245 123 380 382
396 15 18 402 150 280 409 287 161 417 429 434 435 56 58 442 322 323 200 332 333 335 210 339 88 345 110 367 368 369 116 374 253
128 193 354 195 386 101 293 390 168 233 394 331 268 338 149 22 342 185
5 389 265 11 144 18 146 404 157 37 166 424 44 300 431 438 183 59 60 70 198 94 362 237 242 119 122 126 127
257 133 135 265 393 141 269 15 271 400 18 402 20 149 150 277 278 280 27 283 285 412 31 161 34 419 292 420 424 297 42 426 301 175 176 433 434 181 309 311 56 313 58 314 60 440 445 320 194 322 323 197 332 78 80 211 88 345 346 92 223 224 353 356 101 362 364 110 367 112 113 241 115 368 372 374 377
289 164 389 103 423 73 109 271 112 246 25 57 316 221 94 414
5 389 265 11 140 15 18 146 404 157 37 166 40 424 300 428 438 183 59 60 70 198 94 97 242 122 126 127
129 131 141 14 398 399 17 18 402 20 150 152 408 411 413 161 34 162 163 421 423 297 299 172 301 303 434 51 52 53 54 310 441 59 60 188 315 316 64 317 194 67 443 325 70 74 75 203 204 205 335 208 81 339 84 212 340 87 341 343 91 347 348 358 236 365 368 114 116 244 245 119 246 121 250 373 380 381 126 255
257 6 392 397 272 400 18 276 280 155 156 31 160 417 34 292 421 297 429 305 311 314 60 445 190 62 194 67 324 69 328 332 78 212 88 89 346 223 224 226 101 360 238 239 112 240 241 115 373 246 119 249 377 123
255 129 381 132 133 262 389 266 268 141 270 15 399 18 402 403 21 150 152 408 410 27 155 413 30 286 416 161 162 163 36 423 40 297 42 43 426 429 175 303 432 50 54 311 56 58 60 188 62 191 317 447 194 322 323 71 75 76 331 207 82 339 88 345 219 348 100 102 236 365 110 239 367 368 245 374 120 121 377 124 125 126 253
287 1 426 267 78 271 367 401 437 344 376 26 444 253 158 94
195 227 327 170 202 395 252
128 1 271 146 148 21 280 178 435 53 323 78 339 89 219 94 355 103 367 371 246 382
4 5 389 265 11 18 146 404 157 37 166 424 300 428 431 183 59 60 322 70 198 94 354 242 122 126 127
382 386 3 131 133 390 138 12 141 397 143 398 400 25 409 32 35 163 420 41 42 170 173 174 176 305 52 444 327 72 73 200 331 204 205 207 341 86 355 359 109 368 115 371 254 255
2 4 133 134 7 8 135 137 393 141 271 274 147 404 149 277 24 156 30 158 161 419 36 164 425 42 45 46 175 301 49 429 52 53 180 181 56 308 309 443 316 317 63 321 322 67 323 197 326 72 332 80 81 337 211 338 88 345 91 93 97 353 104 360 106 362 364 110 113 114 244 245 374 375 120 248 249 123 382
34 450 325 7 12 14 398 368 305 432 371 214 23 407 350
258 323 200 201 426 76 332 333 335 396 369 18 339 116 308 280 409 253 287
4 388 134 391 8 271 17 20 149 22 23 150 154 156 30 161 163 36 164 425 170 299 172 301 46 432 52 53 184 440 316 322 67 203 204 205 207 208 81 335 337 84 340 87 88 91 231 360 239 114 244 245 246 119 373 250 123 382
3 133 390 10 138 12 143 409 410 32 35 41 42 170 173 174 176 305 435 439 327 72 200 331 86 103 360 371 254
257 5 261 389 393 10 400 18 23 280 281 407 27 284 30 31 286 287 34 290 164 292 297 298 43 44 300 425 303 304 177 429 433 311 314 60 62 194 196 199 332 78 79 210 211 88 216 346 219 223 224 351 228 101 359 233 363 236 112 241 242 115 116 247 121 377
1 129 259 8 137 144 151 155 285 30 167 41 297 303 178 310 55 56 183 187 188 62 325 207 342 220 348 349 239 115 119 124 255
131 132 133 262 389 18 402 403 410 27 413 286 30 40 42 50 434 54 191 323 71 331 76 219 95 231 106 120 124
140 141 269 396 401 408 289 37 425 307 182 314 67 324 330 207 210 356 364 366 246 378 380
140 142 144 403 406 154 283 413 158 165 41 170 171 48 182 58 190 192 331 89 351 97 355 100 362 235 115 247 251 383
416 65 2 66 132 163 198 389 72 41 391 331 109 334 16 179 249 218 411 441 95
