450 5734
7 269 277 23 164 293 174 49 54 440 443 187 445 329 330 203 209 214 215 220 97 105 367 368
128 398 270 19 406 411 160 291 35 38 296 299 45 174 50 308 181 190 66 325 71 204 335 218 104 114 119
257 131 262 266 147 276 30 159 32 37 425 300 429 46 436 69 326 331 205 80 211 339 216 345 221 101 106 372 120 249
256 260 10 141 276 280 157 286 36 167 190 447 448 332 333 218 222 223 100 102 108 370 117 381
131 268 398 272 401 409 414 287 41 299 43 438 311 184 189 69 74 221 223 108 113 114 117 382
162 35 260 324 388 72 265 393 40 44 269 432 49 308 150 342 375 409 284 252
1 129 389 13 399 280 24 283 29 40 170 45 54 440 193 450 199 330 336 209 339 341 214 100 230 103 111 116 379
385 386 134 400 404 280 30 417 170 44 46 302 314 187 192 325 77 336 210 340 224 226 106 381 125
130 263 268 277 21 153 165 38 295 296 43 301 435 441 442 57 75 331 211 212 225 237 246 247 378 382 255
129 4 392 393 16 402 278 286 33 292 297 303 312 63 196 342 344 218 221 222 229 106 114 117 119 376 127
227 195 420 69 329 137 47 432 368 274 80 308 213 118 279 407 284 415
390 394 399 271 275 24 283 156 29 34 419 294 39 424 168 170 46 304 49 50 438 55 445 193 450 78 209 340 348 220 225 105 235 115 373 381
131 260 134 7 19 276 280 410 289 161 166 40 44 51 56 199 200 216 347 221 224 230 232 237 365 111 122 379
256 391 140 396 272 401 146 277 406 418 165 423 306 308 57 313 62 198 75 332 211 83 345 226 230 360 255
384 196 389 164 232 106 171 173 16 49 178 208 212 54 376 441 122 27 286 159
129 227 292 38 10 235 394 109 15 112 303 114 47 403 179 407 218 125 317 350
258 143 144 404 413 170 426 44 438 54 311 450 323 201 330 340 86 214 91 348 230 110 244 124 255
130 387 392 265 19 276 277 286 289 162 167 171 52 55 61 325 199 336 345 221 355 109 115 379 125
128 2 131 136 140 13 18 402 276 410 415 416 160 167 177 50 306 311 185 320 72 332 216 353 230 231 238 371 243
392 137 142 402 148 407 34 422 171 429 52 441 314 443 317 63 322 324 204 208 81 343 89 94 351
133 9 395 274 403 404 22 280 284 289 292 165 170 43 308 55 318 202 83 223 354 228 359 233 109 112 119 382
65 290 131 356 419 424 329 361 233 399 143 49 241 404 21 246 53 280 345 349 413
1 264 270 281 25 174 432 176 56 444 60 446 317 65 66 322 330 335 207 84 341 215 92 225 354 97 230 236 365 110 240 121
385 7 12 398 271 25 282 411 283 288 416 295 168 170 173 46 50 58 445 205 227 111 112
264 399 146 23 24 408 416 424 427 52 56 317 322 78 338 359 364 236 113 242 377 249
138 267 408 153 289 428 44 177 435 447 449 68 325 328 333 210 215 87 99 100 357 233 238 124
66 291 388 424 298 235 395 109 15 176 208 54 28 61 350 286
137 266 140 142 149 406 150 410 27 155 419 165 50 60 61 66 329 341 230 362 367 239 252 126
256 386 7 266 12 270 405 287 416 290 292 41 426 172 431 177 180 181 182 438 443 62 450 67 200 328 335 336 213 345 218 90 347 103 360 237 241 246 251 127
257 3 391 8 404 152 282 31 289 417 294 424 42 173 301 178 179 58 63 68 69 72 73 77 211 348 224 237 247 248 121 123
388 140 145 152 409 413 30 35 163 422 179 59 62 63 328 73 332 334 209 344 365 239 370 242 248
320 3 419 259 106 331 363 429 239 400 273 183 344 280 345 249 221 446 93
10 394 396 406 150 407 155 412 286 34 291 296 297 171 304 182 187 66 70 72 340 341 214 110 240 241 121 124
258 132 263 12 270 143 402 20 148 155 287 33 38 425 297 426 171 172 431 441 65 67 71 72 335 336 81 341 86 245 373 121 251 127
2 6 138 268 398 403 276 157 413 31 288 414 162 419 167 427 172 433 178 437 186 449 334 82 96 109 114 242
4 397 153 410 284 159 415 37 422 39 423 428 173 300 433 307 184 185 190 62 448 324 69 75 333 78 338 343 217 242 243 114 253 127
130 3 261 266 151 410 158 159 36 41 300 429 428 184 185 68 338 339 354 359 363 376 120
2 9 394 265 16 400 276 279 34 291 304 189 66 70 335 337 342 214 346 227 356 112 369 117 246 124
193 418 65 36 390 425 266 12 77 46 303 335 400 242 51 78 245 182 91 188
352 162 6 71 7 72 362 44 13 366 431 77 269 341 342 118 186 379 188 154
5 134 268 397 149 29 163 37 44 433 179 307 438 183 184 319 448 192 340 343 217 345 348 354 102 358 230 235 108 363 372 244 120 253 127
133 135 403 158 30 416 421 43 428 174 306 179 180 313 191 65 68 196 75 81 84 344 248
387 131 5 9 272 275 21 279 157 162 42 300 47 181 189 191 351 225 355 99 360 105 369 246 120 126 382
256 130 386 261 6 8 13 400 17 280 26 417 292 40 41 426 310 192 67 325 326 72 77 86 346 91 220 348 351 356 357 230 233 362 237 238 110 118 123 381 127
2 262 7 398 277 161 293 424 172 303 431 309 314 71 199 83 84 341 89 217 352 353 358 104 372 251
385 3 134 390 8 139 12 268 275 404 24 282 283 159 160 165 39 299 173 304 50 192 78 79 88 102 372 373
133 11 269 16 274 403 43 300 179 184 313 189 190 195 350 351 223 355 99 359 360 236 241 115 250 126
385 136 270 155 411 285 416 164 296 427 434 312 317 196 325 71 74 202 205 87 344 92 351 360 236 254
1 388 6 137 393 12 15 22 278 412 285 168 53 447 196 72 77 356 105 361 106 122
128 129 2 259 136 12 19 406 24 282 283 28 154 173 46 442 187 316 318 197 73 92 226 354 358 107 238 367 239 244 248 377
320 257 354 39 167 359 74 363 103 13 430 205 77 178 437 90 347 188 95
384 130 391 396 18 20 25 281 288 166 171 56 185 61 195 198 199 204 85 89 94 99 355 360 108 369 378 250
385 450 356 357 132 136 105 361 139 141 366 49 242 115 81 245 22 247 409 251 319
1 260 7 15 17 27 286 296 170 302 433 181 438 440 323 208 213 91 350 98 100 362 247 376 381
133 138 12 268 399 18 21 277 282 284 158 289 291 292 174 438 59 64 201 202 338 83 93 228 102 234 111 368 367 372 377 381
259 135 140 13 142 278 23 25 412 288 419 169 52 194 322 324 203 84 93 94 232 360 364 365 108 250
129 130 135 263 9 140 14 145 284 415 173 174 305 436 180 441 314 443 326 200 204 211 83 216 353 101 109 369 114
384 131 136 140 402 405 24 30 287 416 161 292 421 294 301 177 62 67 204 210 370 371 114 120 380
415 325 422 201 138 143 368 145 371 55 121 281 253 62 31
266 23 28 418 297 169 176 308 444 446 69 329 202 86 219 93 356 228 104 372 248 253
128 387 142 144 18 405 27 28 414 288 289 295 433 52 180 65 323 70 199 207 89 232 113 373 117
384 256 263 394 141 14 145 146 148 29 31 415 36 299 173 310 58 59 200 328 209 83 90 360 109 366 238 114 371 119 250 124
384 256 261 10 20 30 31 170 426 300 306 179 442 316 191 447 449 196 201 332 335 337 217 89 91 222 107 112 114
257 390 396 275 276 408 286 415 293 298 300 55 183 188 317 65 73 202 210 226 362 235 367 241 120
258 259 387 264 392 266 143 149 22 23 408 288 34 418 419 421 294 39 423 42 428 176 61 446 64 192 202 331 207 86 354 356 368 241 374 122 382 127
2 133 394 272 23 27 28 33 164 38 297 429 174 450 335 207 92 362 110 115 117 124 254 383
384 264 140 270 399 148 150 411 29 416 34 418 425 44 301 309 184 58 186 315 191 328 204 76 213 90 224 104 365 238 370 119
256 130 261 267 269 141 152 26 30 37 42 426 170 179 315 320 449 201 86 89 225 359 244 377
257 3 131 5 390 391 262 137 11 142 30 415 36 422 171 300 312 60 321 202 80 210 211 338 82 87 216 217 343 95 356 228 113 245 118 120 377 121 252
132 397 148 151 414 33 421 38 302 304 433 189 61 318 194 323 331 79 212 87 358 234 368 241 378
2 398 270 272 155 413 34 40 424 299 45 48 309 208 218 92 94 223 362 234 373 380 254
260 6 393 394 139 399 19 30 33 34 40 44 303 304 49 319 320 213 90 346 231 370 375 121 123
140 400 405 154 30 31 417 421 422 424 426 50 307 180 312 316 64 450 197 334 206 82 211 215 225 244 246
5 268 141 142 273 152 411 158 163 48 432 306 51 437 311 185 321 197 205 337 212 342 86 95 231 365 370 121 383
258 36 263 9 42 203 396 237 14 239 208 433 306 234 148 216 124 349 126
418 67 323 200 264 425 427 328 269 399 337 149 310 247 119 90 315 157 223
386 391 8 265 275 276 278 154 30 414 161 419 166 39 40 44 49 51 435 188 319 325 98 365 368
352 129 36 101 420 39 390 12 237 46 271 399 146 242 150 25 219 220 127
390 396 401 151 160 428 430 46 432 313 317 318 192 322 70 203 340 88 92 93 351 97 102 372 250 382
3 69 422 101 169 394 11 137 142 371 147 373 118 279 407 281 191
129 34 355 132 130 418 103 328 42 240 209 402 20 53 214 245 148 153 313 409 222
129 394 139 414 35 419 163 431 433 440 316 320 321 69 325 73 329 206 215 343 95 96 100 253
392 397 14 146 21 151 282 284 287 160 415 172 45 430 431 436 181 55 57 316 62 191 194 200 330 211 340 216 360 104 374
416 225 322 133 262 135 358 42 236 45 365 432 23 56 248 217
256 322 99 166 103 209 434 113 52 439 346 252
384 132 264 143 400 17 402 149 285 287 34 163 419 290 44 175 312 60 448 65 68 197 329 74 343 348 94 223 107 243 248 377 253
385 136 138 141 270 149 408 26 414 429 430 48 435 318 320 69 70 329 205 343 344 228 359 366 249 251 253 254
386 259 390 160 425 169 46 437 439 441 442 194 327 331 79 212 217 349 96 100 102 250 255
256 260 135 403 20 405 281 288 290 293 166 170 171 45 178 52 436 442 315 61 63 322 68 200 201 332 336 96 225 97 110 241 117 377
256 257 394 141 399 144 148 152 153 157 29 303 51 436 442 62 321 67 72 328 76 346 222 223 231 364 369 119 254
258 262 139 17 274 287 163 164 39 44 54 438 440 442 443 445 63 324 197 330 333 335 214 215 219 220 105 238
259 390 264 138 406 23 155 291 165 293 296 429 48 50 434 181 439 318 66 325 71 203 79 215 354 228 109 110 249 124 254
257 259 262 391 266 140 142 400 144 32 160 169 430 435 439 56 55 60 446 321 324 79 340 349 221 355 106 234 365 111 367 372
256 392 272 20 277 152 290 301 52 56 441 443 448 71 200 333 337 86 218 223 108 113 380 255
388 262 134 141 273 278 409 154 411 169 298 299 427 51 437 318 321 69 74 337 82 342 343 347 357 103 231 233 252 383
352 449 35 99 260 262 265 172 433 82 178 150 439 88 89 442 253 414
1 385 269 270 400 23 280 414 160 293 174 434 184 330 203 79 336 339 340 341 215 89 226 100 359 364 365 110 111 113 116 250 254 383
192 381 386 355 324 234 170 77 302 365 144 435 275 54 185 345 156 412 221 414
256 263 265 268 153 26 292 43 300 47 175 52 442 445 447 325 206 85 96 355 356 102 378 126
386 4 389 7 139 26 163 167 168 169 296 177 437 54 447 333 206 208 82 339 88 344 218 97 229 103 362 113 116 119
224 417 3 420 164 195 327 237 78 80 305 114 147 339 57 154 123 188 190 159
386 4 390 266 268 271 280 156 285 165 41 46 178 55 184 445 448 449 79 340 215 88 220 354 99 358 359 110 369 125 381
386 355 100 389 7 232 391 299 81 209 51 116 85 181 119 122 347 29 445 95
2 276 277 150 418 420 423 172 45 431 308 181 313 186 60 193 67 198 330 337 83 240 117
1 388 389 139 12 272 274 159 418 163 164 168 43 49 177 53 181 447 448 197 333 207 91 361 113 369
3 8 392 10 15 32 302 49 314 188 444 449 212 344 93 350 229 240 368 114 119 122 125
449 390 423 201 170 426 364 333 335 50 243 179 275 86 311 184 345 153 316 63
387 4 5 260 391 392 270 276 277 162 167 41 430 52 56 184 185 326 221 94 231 360 364 370 380
265 395 16 18 276 21 277 27 35 291 292 167 297 172 305 435 181 57 62 206 336 211 215 92 353 238 243 125
394 268 17 148 23 153 156 287 33 297 426 44 429 319 66 197 204 336 343 89 92 348 223 97 102 367 112 369 118 246 382
390 7 13 279 24 280 283 285 164 165 424 170 302 55 183 187 339 212 93 97 234 367 368
128 385 131 395 398 16 400 21 279 24 280 153 38 308 63 194 218 356 230 361 110 243 246 119
385 5 391 140 274 25 159 166 432 180 437 184 61 322 69 207 339 85 94 97 226 100 105 364 365 236 249
2 131 5 10 395 398 16 401 402 283 415 35 36 292 300 301 173 305 306 57 58 317 190 191 62 63 196 222 101 106 370 117 247 376 120 125 127
132 134 392 139 12 401 18 403 156 293 47 178 179 53 438 66 336 209 338 212 343 221 359 364 246 249 383
388 389 7 277 283 288 293 298 432 435 440 187 323 325 204 210 339 342 215 218 97 100 229 103 234 367 119
128 4 5 389 10 394 398 145 401 405 283 284 286 289 291 38 175 176 308 61 193 66 330 209 340 89 218 104 235 114 120 379 124 125
137 11 396 142 410 159 291 40 171 44 300 429 305 69 80 336 339 224 362 110 367 245 249 121 252
256 257 2 391 10 402 21 280 286 287 426 172 438 310 440 443 190 62 67 328 76 206 213 342 90 347 218 100 103 106 112 370 116
3 387 131 397 398 401 403 404 284 289 292 37 293 294 41 43 179 308 311 58 64 69 198 207 221 354 363 114 117 377 382
388 393 145 23 284 30 33 34 162 289 432 179 313 59 319 69 72 74 338 339 342 229 370 118 252 383
384 130 389 134 13 15 410 283 285 299 49 441 185 65 193 331 216 221 224 103 106 373
224 291 101 230 231 72 297 134 296 44 301 390 305 401 435 404 182 125 30
127 258 263 391 397 17 402 148 406 26 155 33 165 38 435 187 62 66 75 341 216 345 92 221 117 373 255
387 8 16 18 403 407 279 153 286 173 302 303 178 314 317 449 196 343 222 224 353 227 102 106 109 114 117 376 123 127
289 99 227 137 138 43 75 234 300 47 239 208 408 344 410 218 28 317 190 415
258 261 10 266 151 29 34 290 36 420 295 168 41 44 438 65 78 214 345 219 348 230 240 114 376 124 125
289 2 227 199 235 236 205 112 401 50 19 337 117 411 379 61 286
130 132 7 10 140 16 402 410 411 413 418 292 297 303 50 306 181 182 57 187 188 320 321 193 196 326 330 78 81 82 230 232
129 261 263 264 9 137 269 18 402 154 283 418 37 298 171 44 52 57 441 68 327 328 81 351 359 238 122
3 5 13 19 404 22 292 43 184 58 189 318 69 202 345 349 230 233 235 112 114 120 382
129 139 143 409 410 413 34 421 306 180 53 311 450 323 196 70 329 81 86 233 234 115 245
416 66 162 354 264 296 42 236 174 47 240 145 335 272 84 21 55 444 157 382 191
385 8 13 141 401 151 161 295 41 297 46 307 192 205 343 347 348 95 226 357 230 231 233 115 122 123
261 144 273 146 147 407 416 424 42 303 178 309 438 56 57 314 188 317 326 199 84 89 348 236 242 248
385 138 267 19 148 153 160 418 292 48 304 50 177 53 309 58 447 329 87 228 357 238 244 249 254
130 388 11 20 28 295 298 49 319 324 69 334 80 208 351 355 360 234 364 236 241 118 126
136 264 149 26 35 420 419 296 427 174 435 55 312 186 59 317 325 201 202 329 87 92 354 239 251 126
256 385 132 388 393 270 278 411 163 168 46 302 53 450 197 72 200 205 206 82 91 100 360 105 242 115
129 391 14 142 146 19 402 408 152 28 31 416 418 301 56 57 58 188 322 67 324 197 326 73 332 93 353 236 239 113 244
4 389 134 267 143 149 152 158 419 430 177 53 309 315 62 447 320 68 199 328 74 332 333 205 87 90 95 357 359 233 242 249 253
388 391 140 396 144 273 20 281 410 28 159 419 295 169 298 171 56 61 324 69 74 334 80 208 93 365 239 245 118 254
132 141 17 149 22 150 411 34 419 165 421 430 180 311 59 315 446 65 329 86 214 220 226 357 361 239 240 241 242 247 251
417 98 323 450 135 391 365 142 17 241 433 180 146 242 438 90 412 61 93
387 133 391 399 284 413 31 163 422 167 301 174 308 313 57 59 62 211 344 347 117 247 121
135 263 394 140 14 399 144 152 25 422 423 433 438 62 324 332 78 83 359 360 365 369 242 243 374 250 378 253
3 419 101 326 135 164 195 425 363 300 429 80 273 211 244 339 436 183 216 249
256 136 394 402 20 155 287 34 426 301 304 177 440 62 67 196 70 75 81 214 216 90 110 370 251 124 255
138 141 143 155 28 156 422 41 425 171 430 446 192 65 76 335 336 86 87 368 245 253
6 143 276 28 413 157 33 423 303 308 439 313 186 447 67 198 329 78 337 214 219 96 352 104 233 237 366 242 247 252
134 263 268 397 405 410 163 37 295 304 178 307 180 185 189 319 70 79 338 83 217 348 127
256 389 264 140 141 146 30 31 158 420 165 428 309 315 195 68 200 74 205 338 344 90 349 94 359 239 371 248
390 136 9 279 26 36 306 311 185 442 189 447 196 325 201 332 81 217 345 90 222 99 107 110 112 369 246 125
130 400 413 417 293 40 426 298 302 50 310 183 441 188 316 450 195 197 73 77 346 220 95 355 356 101 231 252
259 264 268 148 149 28 33 34 161 167 172 431 48 308 437 187 447 71 337 341 92 369 373 374 248 251 124 254
12 268 273 149 282 419 424 173 433 308 438 192 448 450 194 335 209 340 225 98 102 110 369 115 372 253
4 133 260 390 403 150 280 411 416 35 43 301 179 439 313 186 191 320 76 90 223 369
256 261 267 141 152 286 164 37 42 426 434 55 445 450 196 201 74 205 344 350 360 377 254
3 396 142 15 410 36 37 46 181 317 322 195 207 338 343 228 101 105 113 372 118 375
2 262 136 398 19 406 414 419 172 46 304 177 316 189 192 194 204 79 83 88 93 97 226 238
257 134 263 265 268 13 270 273 155 419 167 45 303 309 437 58 192 204 77 209 218 347 358 363 369 372 380 254
35 133 6 231 40 43 108 236 270 269 430 364 18 341 121 378 313 189 223
319 100 197 422 41 74 105 139 206 145 82 434 307 86 151 312 344 345 91 254 31
1 260 388 267 15 273 147 411 285 158 286 170 427 48 312 440 66 195 450 201 202 205 207 212 91 350 101 105 366 111 372 375 376 383
9 14 143 21 406 152 28 291 428 46 187 316 192 448 203 338 92 349 226 102 111 239 377 124 381
257 322 293 167 232 425 200 13 77 113 52 85 437 89 347 315
386 4 260 263 391 265 145 18 19 276 279 155 284 288 161 35 166 430 51 449 325 198 200 100 108 109 378 380
352 319 256 100 229 200 105 139 12 237 271 49 242 275 24 409 445 127
386 260 266 142 281 411 170 427 428 437 440 56 313 60 317 318 322 203 80 212 88 93 350 95 221 100 230 372 376 250 381 382
258 389 7 8 394 12 17 273 274 404 21 279 24 283 291 164 424 169 54 438 183 63 192 68 201 89 223 98 107 111 368 367 372 377 381 382
130 259 393 269 142 15 18 20 149 412 33 34 293 179 52 439 449 322 69 198 203 214 89 355 232 240 373 118 245 383
263 270 155 29 160 34 35 45 430 431 435 440 443 316 321 449 206 83 96 353 104 109 369 119
384 390 392 397 15 24 282 156 30 415 290 36 294 46 50 436 57 62 196 200 204 216 114 251 380 381 125
1 2 133 138 145 23 421 296 42 301 307 180 55 57 66 325 207 211 215 97 235 376 248
99 356 197 292 389 302 176 209 434 117 86 439 218 446 287
65 290 387 354 389 297 175 400 207 117 23 248 218 27 60 285 444
389 136 141 270 19 148 26 29 160 418 294 309 440 58 328 220 224 100 105 361 366 238 375 251 380
260 390 135 269 15 151 411 30 35 51 179 437 441 442 449 327 205 211 212 89 217 96 102 359 115 125
390 391 396 397 16 401 403 157 30 31 288 293 41 42 171 300 47 178 311 63 322 68 207 211 212 221 350 360 107 236 115 120 121
132 263 397 143 144 151 407 29 421 424 42 174 302 438 312 57 61 323 73 329 331 207 364 237 113 369 241 248 378
129 2 389 264 269 399 272 274 403 29 159 43 303 54 182 440 313 445 330 333 335 208 209 83 213 214 215 92 220 223 103 104 105 362 109 369
129 390 399 404 406 29 33 291 39 296 299 303 435 181 440 330 335 210 213 220 224 123
32 64 257 356 230 424 41 170 334 111 400 367 147 372 244 276 310 154 346
131 5 391 392 271 272 275 36 37 41 301 47 437 185 448 322 67 333 338 218 221 223 97 102 107 108 365 113 241
392 396 402 19 278 151 153 409 414 287 36 37 299 302 306 307 52 438 184 312 189 318 448 328 74 216 217 98 232 108 238 122 383
35 67 389 260 419 40 104 138 265 394 233 427 337 403 308 213 150 279 247 375 157
1 129 385 8 275 278 155 33 419 165 50 188 329 335 336 213 341 220 226 111 368 116 124
129 386 135 140 396 400 281 154 412 415 417 420 39 40 302 305 51 435 309 441 187 64 195 77 219 355 101 106
131 5 392 268 397 275 151 153 160 162 38 295 43 47 307 436 185 442 315 316 446 70 217 222 351 355 250 378 382
417 2 322 4 36 101 396 333 47 114 306 339 278 119 344 281 218 216 409 126
415 67 420 133 195 329 42 43 80 337 114 83 305 279 312 247 284 157 222 63
385 134 8 266 271 275 404 149 278 280 156 160 161 165 41 170 44 46 433 319 65 79 98 368 253 381
129 386 7 12 399 39 309 320 325 330 342 347 219 230 231 104 232 235 240 117 376 122
160 70 198 423 332 397 430 112 241 83 308 277 406 340 56 88 313 250 156 412
384 389 11 269 272 274 147 152 281 154 159 417 164 422 47 52 188 191 327 337 223 101 239 371 247 253
129 132 10 15 399 402 148 279 153 284 413 158 42 173 48 49 312 444 318 63 323 344 350 222 358 235 240 114 125
139 140 154 290 163 419 426 429 175 433 50 434 311 316 450 73 74 201 340 86 343 91 105 110 244 249 253
194 387 420 167 104 392 171 235 14 240 401 52 277 150 374 120 276 284
128 7 135 392 13 141 18 277 405 45 431 52 436 315 61 331 341 346 352 225 353 238 243 252
256 393 139 13 152 29 288 166 167 168 173 429 436 57 314 62 319 327 328 76 204 83 89 347 94 242
258 390 138 395 17 280 153 158 287 164 423 170 55 59 63 449 68 197 338 344 89 107 238 377 383
131 259 138 21 405 408 285 164 420 424 48 55 60 318 64 65 69 329 344 349 356 228 241
1 259 396 165 169 171 432 439 56 440 317 322 75 79 207 335 212 92 349 221 97 226 355 230 360 250
2 393 398 402 20 405 406 283 287 160 161 288 290 292 421 173 435 52 436 57 58 67 200 342 351 110 116 251 380
128 3 134 139 141 398 24 152 411 158 164 427 48 432 178 51 321 74 337 87 231 359 364 249
258 262 394 139 268 284 163 419 172 435 440 442 443 325 73 82 210 215 352 353 99 100 234 109 119 253
259 401 23 285 286 159 164 293 174 176 179 180 61 65 66 450 203 335 349 354 105 113 120 383
137 142 15 20 406 27 414 286 296 181 54 440 324 71 75 336 351 100 231 360 362 234 236 367 252 126
1 7 265 12 271 407 282 156 31 161 292 175 181 438 443 445 62 328 81 85 213 342 218 355 103 361 115 117
386 8 402 404 26 289 293 294 296 299 432 182 312 58 64 69 206 213 343 348 228 231 116
3 262 9 14 145 147 278 30 417 424 174 178 179 57 69 327 73 83 348 224 353 363 109 365 237 370 255
9 268 15 285 164 293 295 169 178 179 434 441 448 70 74 203 331 336 88 221 358 230 106 111 115 383
260 389 11 270 401 275 405 407 29 292 296 297 426 299 181 54 182 186 187 450 67 72 335 209 210 351 226 355 241 119
1 258 7 263 265 397 143 17 148 276 150 33 420 38 297 171 181 330 81 342 91 355 361 240 242 127
1 386 267 268 23 26 296 174 181 442 444 449 73 206 82 339 91 92 224 97 102 109 369 243 116
3 392 13 19 147 148 278 409 410 283 284 415 289 417 294 299 300 173 302 57 185 190 69 327 75 338 83 353 354 237 249 122 124
261 266 268 151 279 153 284 290 36 423 295 41 300 45 178 185 189 63 448 69 84 88 358 230 243 376
2 4 389 265 10 270 16 406 280 411 29 161 299 300 301 175 176 184 190 71 209 337 342 94 227 100 356 112 116 117 119 126 255
446 193 418 420 330 237 78 366 303 240 150 376 91 60 188 413 127
1 264 12 269 143 271 399 154 419 293 44 303 177 181 182 187 329 78 91 224 357 102 361 238 368 379
3 259 5 392 10 13 18 278 414 32 293 169 299 302 179 438 184 203 212 340 345 93 98 230 108 115 120 249 122 124
191 416 4 196 421 10 300 333 81 114 243 369 405 306 311 279 153 90 125 189 63
4 5 272 274 21 280 157 162 290 170 47 181 184 445 195 71 76 86 90 94 364 110 241 246 382
390 8 13 30 291 296 177 305 435 182 67 211 215 343 220 348 101 361 237 238 242 118 122 123 125
68 199 424 9 73 43 12 426 238 336 84 309 246 23 89 314 156 382
385 134 390 8 14 143 275 278 409 414 160 165 294 298 299 50 187 64 203 213 349 97 354 239 368 113 367 249 254 383
128 385 38 295 11 236 300 398 16 241 308 24 218 125 126 351
291 356 69 136 202 429 210 339 21 87 55 312 249 280 92 60 317 159
386 100 388 168 393 10 106 116 278 280 121 252
129 131 134 7 268 13 14 17 401 19 23 28 41 169 297 44 183 311 193 203 332 212 217 348 221 354 232 239 112 243 244 248 123 127
134 19 154 414 162 294 298 430 432 304 320 193 72 74 205 208 210 342 90 95 108 364 123 252 254
129 193 389 166 103 230 391 171 299 13 396 15 365 373 56 185 281 283 61
131 132 134 141 404 21 22 150 280 26 290 421 44 301 186 314 95 357 362 366 242 247
132 137 396 421 302 433 435 55 318 323 70 71 75 206 208 345 93 351 98 360 362 111 367 116 126 255
64 128 193 131 196 198 41 12 174 399 16 307 117 376 312 27 284 379 286
128 133 135 264 137 140 403 23 407 25 162 424 47 48 304 432 179 317 208 84 227 360 364 365 113 249 250
258 260 9 394 13 150 283 29 30 294 168 44 300 304 180 436 438 441 326 75 78 211 340 216 219 348 224 101 373 255
130 261 136 395 402 19 404 26 287 160 292 44 177 50 306 185 62 67 199 201 91 220 224 225 356 361 109 379
138 140 142 143 401 152 410 28 31 32 417 165 422 50 311 312 441 320 195 75 345 226 230 363 367 368 371 253 126 255
383 258 133 261 143 23 412 286 33 418 171 303 439 444 193 322 196 198 329 81 214 219 358 104 106 247 248 376 127
259 137 143 144 405 22 407 408 29 414 33 290 419 292 295 47 180 438 184 64 65 194 70 202 213 89 223 227 364
256 261 135 139 141 143 144 399 146 150 25 409 413 31 35 36 39 168 430 53 438 315 200 78 214 348 224 233 366
400 146 19 415 289 36 311 440 442 444 447 199 332 337 86 215 217 222 230 361 107 109 112 371 379
68 197 230 136 41 73 298 140 17 50 147 372 183 312 408 311
34 259 132 69 39 264 171 428 142 303 399 81 369 53 118 149 374 441 409 407 351
225 450 419 292 38 424 9 73 43 328 429 110 112 369 115 340 22 153 29 382 223
9 143 399 145 404 150 411 413 30 416 419 301 430 53 54 186 191 195 323 329 76 233 240 114 370 255
262 135 264 267 271 400 152 155 30 31 416 420 421 425 42 174 176 50 306 180 60 444 316 330 335 84 86 354 230 240 371 377
385 3 136 141 147 25 32 295 300 311 197 331 205 338 87 216 343 345 92 221 226 228 236 113 115 372 118 377
146 407 412 288 416 419 169 427 47 304 52 56 189 62 194 322 326 203 79 88 97 363 236 373
34 357 328 265 138 267 204 45 173 143 428 177 333 148 53 87 155 380 29 447
388 6 150 409 154 28 414 298 315 69 199 329 208 85 341 346 95 229 231 118 375 121
141 146 149 156 290 419 36 422 41 425 430 431 307 312 440 59 60 192 195 197 329 206 335 82 86 87 96 365 239 371
257 385 388 136 142 270 273 155 158 416 161 163 427 48 312 317 66 450 71 87 90 92 97 226 231 360 377 383
258 391 9 234 237 14 239 301 17 402 211 148 337 247 88 218 124 349 94
4 394 139 14 148 152 29 158 423 168 44 310 315 62 63 68 200 328 332 333 85 89 90 348 94 99 242 119 379
386 3 260 391 265 394 273 274 276 30 161 419 166 51 435 183 64 69 339 90 349 93 363 370 119 375 254
127 260 394 17 34 170 426 431 65 326 201 330 75 206 340 214 91 352 237 240 124 255
400 406 155 32 425 171 428 50 56 441 313 317 318 446 65 322 202 203 207 335 88 92 93 221 355 360 241 245
257 258 4 389 6 391 394 13 276 279 157 164 167 169 427 178 54 186 442 72 213 89 347 96 108 237 366
63 130 68 37 422 135 359 44 397 238 332 240 242 307 217 314 348 158 127
3 264 273 284 160 425 45 430 431 304 436 440 315 316 444 321 69 325 206 211 84 91 93 95 96 363 248
130 386 9 394 395 397 270 146 151 282 161 34 167 172 431 304 180 57 441 316 62 75 214 99 360 369 124 381 380
130 133 262 138 271 400 23 152 25 155 420 296 425 181 310 317 65 322 67 76 335 86 92 220 236 371 245 248 377 382
257 6 273 18 276 161 38 167 434 437 439 186 324 77 209 214 342 218 347 96 99 357 109 366 251
3 397 400 282 28 285 29 418 290 37 39 169 429 307 438 60 192 65 329 217 93 353 102 372 127
320 449 68 164 136 428 141 366 215 248 344 26 251 380 375 158
386 5 9 276 151 279 155 156 161 35 295 41 46 434 436 437 55 442 315 189 327 74 331 206 212 215 217 99 102 230 110 369 381
1 130 6 271 400 272 403 162 293 40 171 47 178 181 310 445 195 68 76 342 220 97
2 388 263 139 278 23 29 161 34 162 299 172 302 431 48 177 437 442 67 71 328 213 341 87 218 97 108 364 369 254
264 394 12 269 24 282 283 294 168 439 184 440 444 445 192 448 330 78 335 209 220 102 373 248
5 133 269 14 274 403 406 296 43 181 184 313 445 66 195 71 335 94 223 354 105 369
32 161 257 386 164 262 135 326 265 74 170 142 147 276 372 344 280 156 254 95
257 11 272 276 21 285 170 302 47 181 442 446 448 195 333 338 91 223 105 113 375 382
12 406 278 409 414 168 298 43 299 46 304 438 184 187 316 189 64 192 77 333 213 98 226 362 107 367 373
257 3 4 260 265 268 13 273 18 19 274 150 279 278 35 38 167 437 183 319 64 449 198 77 339 214 347 104 108 109 375 378
1 9 14 18 288 289 420 294 45 309 55 440 194 198 199 336 341 94 104 108 109 116 378 379
10 139 270 275 276 409 412 285 417 302 49 56 185 187 316 190 319 192 77 336 211 340 216 221 95 226 229
387 260 11 268 400 276 407 153 38 167 170 43 440 186 191 196 80 217 222 356 366 111 112 378 125 382
4 7 8 393 13 273 404 21 22 157 32 291 44 192 201 339 344 218 223 97 228 229 102 233 362 111 112 119 381 383
384 288 322 195 420 354 232 169 142 80 305 52 373 23 89 59 188 412 190 415
381 386 355 294 263 390 266 395 173 46 271 209 50 83 55 24 443 156 445 30 285
384 130 390 7 391 12 271 24 285 294 170 300 46 50 435 441 204 342 216 347 232 237 111 114 116 117 122
386 387 6 262 392 391 11 145 401 21 415 36 167 423 300 308 55 57 313 191 196 325 198 206 83 342 216 217 235 117 120 121
384 266 274 278 282 283 412 291 164 302 48 49 176 446 202 207 212 86 356 102 111 377 122 382
128 387 4 10 394 15 18 27 158 33 289 164 293 424 297 298 54 64 322 207 208 350 235 240 117 119 379 125 383
5 390 395 148 29 34 418 426 299 175 311 185 58 443 316 328 201 204 83 86 91 110 238 119
387 392 277 24 281 35 294 167 179 52 436 56 440 61 446 65 449 200 204 336 89 360 116 250
128 387 390 13 401 18 21 277 26 286 30 415 292 296 300 55 61 447 325 210 216 353 357 243 117 120 121 126
266 22 29 173 429 176 307 438 314 446 448 197 204 86 343 89 217 94 223 356 233 241 253 127
2 389 390 394 395 398 280 27 285 33 165 38 297 170 429 182 55 339 92 224 228 362 109 117 118 123
384 129 131 136 393 10 395 16 404 21 405 29 289 294 44 175 303 55 58 450 328 204 209 213 99 356 109 238 241 114 246 120
1 390 391 269 400 406 154 286 166 295 424 171 45 432 179 315 64 449 322 207 210 212 89 92 220 221 97 359 115 116 120
390 392 12 398 271 402 277 282 283 30 288 292 300 173 177 311 58 446 65 336 210 216 226 231 237 120
448 227 293 134 359 9 137 331 268 364 142 241 212 151 24 217 249 343 61 189 127
2 133 264 9 138 272 404 33 289 299 174 303 48 434 435 54 182 449 325 208 210 213 215 92 224 354 100 362 378 123
129 389 134 10 395 394 401 286 33 34 291 303 176 60 444 66 213 214 230 109 110 123
64 350 130 226 231 424 137 362 395 396 142 334 367 275 116 244 154 27 252 286 95
2 5 270 402 275 287 296 426 46 306 182 438 185 443 62 71 328 210 213 216 218 347 221 95 226 103 232 365 122
3 396 402 147 408 283 284 289 36 37 294 423 43 428 47 433 306 179 307 63 64 324 69 327 338 216 217 218 222 353 99 227 237 114 118 249 126
9 140 145 148 404 157 30 418 174 184 58 67 337 344 218 94 233 365 114 370 247 123 255
8 139 270 400 274 404 278 154 285 414 419 175 435 180 54 185 441 314 188 446 70 331 336 340 216 345 221 98 355 106 234 111 368 125
129 135 10 399 16 150 407 161 292 39 296 297 45 181 182 309 320 72 330 90 219 220 346 351 240 245 125
262 263 136 12 397 275 148 151 407 160 33 416 38 46 430 316 70 72 340 231 236 237 373 250
224 449 101 109 334 114 403 371 339 118 57 281 123 188 412 191
129 132 14 402 19 153 410 415 42 299 300 312 185 190 63 318 323 74 75 222 238 114 248 383
261 134 266 405 151 290 163 36 424 41 300 174 433 185 189 319 324 73 343 345 235 376 253
2 6 11 395 14 145 401 21 150 155 156 284 186 60 194 337 340 342 227 104 112 117 374 375 120
135 136 141 277 405 407 152 413 416 161 418 426 45 303 177 315 188 193 67 71 341 225
256 417 264 328 44 76 269 436 183 119 154 379 348 346 62
132 5 398 143 17 19 153 414 287 418 294 179 323 197 74 338 343 345 222 230 107 239 243 244 120 249 377
10 138 399 408 416 163 164 421 424 48 306 180 185 318 191 196 69 73 210 339 86 343 228 360 235 239 244 253 254
162 194 259 387 104 169 42 14 79 47 81 145 272 181 150 439 406 121 284 157 382
352 225 290 261 326 135 8 200 106 233 45 302 20 57 348 125
256 262 268 141 143 399 152 408 411 413 418 293 166 424 436 309 442 444 189 67 68 199 76 89 346 352 363 242 252
262 263 390 275 278 409 154 287 160 165 423 172 429 304 50 189 63 197 73 82 83 338 354 107 248 377
259 135 264 138 16 20 23 408 25 159 169 48 440 318 64 203 79 351 228 236 114 125 254 126
131 259 21 406 411 414 169 427 50 306 312 185 317 196 324 70 202 79 87 345 92 349 351 95 234
192 163 355 357 388 72 41 137 168 200 77 110 393 307 276 53 278 151 121 345 380
32 129 193 354 68 321 231 72 267 363 141 239 303 82 19 51 87 411 157
320 129 352 383 69 262 74 172 205 364 430 82 343 90 442 93 95
259 391 264 140 396 20 23 25 281 286 159 293 166 169 171 179 439 56 184 190 449 203 79 335 84 85 89 354 355 360 364 365 240 113 250 383
450 132 196 70 421 234 76 144 17 306 435 116 180 54 247 311 410 61
6 137 265 140 142 146 20 412 36 422 300 433 307 56 445 318 208 336 342 91 93 351 98 355 366 367
2 386 262 8 138 399 18 153 26 284 289 167 296 44 174 48 434 59 447 193 77 206 82 92 99 357 368 116
129 258 3 417 135 327 360 44 108 140 237 364 273 147 339 57 250 314 348
448 449 130 195 101 326 358 200 268 300 429 178 211 436 88 216 441
256 130 389 141 270 402 26 29 287 31 292 426 299 177 310 185 62 450 67 200 76 81 209 90 350 360 246 119 376 251
1 132 136 138 11 266 143 22 150 28 420 421 422 431 180 187 60 191 447 202 330 82 86 87 220 356 363 366 240 368 371 247 252 253
1 129 258 7 271 17 23 303 181 182 439 444 193 329 83 214 91 219 97 104 361 367 368 117 248
32 65 3 70 199 295 9 392 358 268 429 302 368 180 212 405 343 88 249 122 443
256 4 261 140 141 14 400 146 19 153 31 415 423 63 194 333 340 89 230 360 364 243 371 374 379
256 4 141 274 275 26 36 181 184 442 190 447 332 91 222 94 100 105 107 364 251 380
35 422 73 137 298 395 396 142 305 372 183 408 413 31
2 259 133 264 271 272 149 23 156 29 34 419 38 39 426 181 182 187 63 66 322 203 207 336 213 91 107 368 374 248 253
7 8 18 404 149 277 278 29 288 34 419 294 302 187 450 324 335 208 212 340 89 97 225 109 110 367 368 115 118 383
128 384 150 155 411 416 38 423 301 308 186 63 191 195 74 76 205 218 94 95 104 243 374 375 379 255
274 151 152 25 410 159 36 37 165 300 429 311 55 184 316 69 201 339 216 345 364 370 115 121 249 377
257 3 7 147 276 280 417 291 37 305 312 190 326 338 215 97 100 101 228 111 113 370 371 116 118 121
258 8 12 17 401 404 278 156 33 419 423 41 426 428 302 304 308 194 197 332 79 336 83 93 221 97 102 237 372 117 246 373
380 33 34 97 162 7 40 199 45 270 367 432 277 309 23 373 155 28 124 187 252
6 265 10 394 269 398 283 284 38 40 425 430 435 308 193 324 74 204 209 214 218 346 95 231 116 373 119 121
134 390 20 159 415 290 36 421 422 295 41 429 307 311 312 321 69 197 331 82 210 86 87 95 224 110 366 115 249 125
386 388 10 267 145 273 152 280 158 31 32 163 422 42 426 301 48 437 190 450 196 201 202 87 100 106 370 377 126 383
3 131 392 14 401 18 22 153 29 32 163 41 302 307 438 311 318 319 338 221 349 98 234 107 239 368 249 377 124 127
38 199 72 425 394 44 398 303 432 399 85 310 183 342 374 90 154 252 315
161 193 386 260 134 103 166 200 265 299 391 13 399 145 51 276 373 119 283 29 95
256 385 261 134 135 12 400 17 404 151 30 41 426 44 310 314 326 210 211 86 224 352 230 237 110 242 127
257 226 131 165 202 75 203 427 428 207 435 22 88 152 345 93 318 255
164 196 389 328 169 106 298 394 424 47 16 402 179 403 54 407 376 27 158 286
130 137 393 399 20 407 43 44 47 48 303 189 317 318 324 204 79 208 213 227 355 360 234 245
96 321 258 199 40 168 45 78 206 431 436 150 438 314 315 348
416 289 199 266 140 45 109 172 206 300 397 19 211 431 435 216 57 410 379 125
133 392 138 272 21 406 23 281 410 37 296 41 176 50 51 442 316 320 65 322 207 216 92 226 102 230 358 363 367 120 248 377 382
259 392 137 18 154 282 43 171 302 47 434 52 439 441 443 188 189 319 322 324 203 81 209 213 214 93 351 98 99 103
400 403 22 279 154 285 290 292 38 44 429 175 49 434 53 183 439 60 65 69 329 202 218 99 228 238 112 382
319 289 385 419 325 134 136 233 265 361 44 141 366 143 53 26 251 220 413 95
161 354 196 70 102 327 41 331 45 240 50 84 212 437 217 442 444 380
385 130 261 141 146 403 21 152 25 411 37 293 295 47 178 51 68 205 87 97 102 115 382
259 263 137 139 14 146 402 403 29 158 288 416 423 43 47 48 179 52 56 312 441 443 62 322 326 328 203 332 208 83 351 234 236 108 364 369 374 377 378 254 382
143 399 22 413 418 419 49 177 53 440 444 445 447 330 209 214 220 224 357 105 238 112 243
388 275 406 280 409 28 413 291 40 296 298 44 429 181 54 64 66 71 208 100 233 234 118
32 161 257 320 354 37 262 419 41 329 239 367 51 147 211 436 120 250 315 444
385 137 270 25 162 295 430 431 180 56 448 321 322 450 326 332 205 333 338 90 223 97 231 360 107 108 236 113 241 115
388 391 13 142 144 146 23 409 412 414 31 422 299 301 432 56 184 443 448 322 67 74 77 211 84 93 97 98 232 236 113 253
164 260 324 357 40 233 265 267 329 177 242 53 150 87 279 343 375 219 62 447
1 388 275 28 424 170 298 50 55 183 440 64 324 330 208 336 341 93 226 354 234 363 110 111 239 116 118
1 385 394 11 401 149 412 417 419 420 170 302 55 441 59 187 192 65 325 70 329 330 331 77 335 336 345 220 226 106 111 239 381
386 263 268 270 272 146 153 155 156 157 161 38 43 172 431 52 180 181 437 57 442 450 215 90 222 102 360 105 110 245 246 378 382
257 4 391 148 31 417 301 432 438 58 448 67 72 74 338 211 339 344 108 114 119 247 121 383
384 389 264 19 152 415 420 422 305 58 59 444 62 449 195 329 332 80 339 239 243 248 253
385 3 266 273 156 159 161 164 41 169 170 45 46 55 183 60 334 79 340 93 244 249 381
394 12 396 271 275 281 155 416 34 171 46 304 61 71 80 340 341 342 347 232 237 122 250 124
65 198 423 360 425 332 335 337 146 83 308 245 346 155 446
257 164 388 6 72 267 366 177 274 337 276 308 409 186 252 159
193 164 37 389 328 169 10 235 428 174 15 240 114 307 54 217 219 125 350 127
384 264 400 25 285 158 165 170 426 428 429 50 311 55 316 450 68 69 201 338 86 344 345 89 354 360 120 248 249 254
162 99 387 70 167 296 9 360 392 369 146 435 52 180 276 277 279 440 189 446
128 256 353 417 7 40 235 332 13 238 400 337 18 243 436 117 277 310 220 286
447 161 358 167 71 263 267 108 173 204 333 429 177 428 341 437 58 251 94 319
4 390 263 8 395 12 268 404 280 282 165 169 170 44 173 54 55 438 192 448 98 102 368 372
131 5 133 264 9 274 403 21 279 285 169 170 43 313 189 65 79 223 225 354 356 359 360 110 369 246 120
280 286 164 171 432 306 434 185 445 321 66 322 450 201 74 207 336 212 344 95 97 226 240 370 115 121 254
377 67 195 292 393 173 398 15 337 371 52 86 281 58 122 283 285 62 63
134 8 136 393 139 398 24 46 431 48 53 187 447 192 87 348 97 226 227 357 359 364 112 113 368 372 249 254
257 263 8 268 399 273 282 284 29 167 169 44 435 437 440 188 193 325 77 210 215 88 344 347 98 100 229 102 103 369
288 65 289 198 43 108 176 145 18 401 279 120 313 378 440 284 61 125 286
6 137 139 396 142 270 409 27 31 164 49 440 319 344 95 229 105 362 365 367 116 375 121 252 254
260 7 141 15 401 152 291 297 170 175 176 177 181 438 440 186 443 195 328 213 218 350 100 103 232 105 371 116 117 376 122
12 403 404 406 153 282 283 157 287 289 291 293 294 39 173 46 178 179 182 316 64 69 201 78 79 343 88 92 224 226 102 107 111 123 381
257 260 394 140 14 142 144 145 399 409 283 284 30 293 167 179 52 437 184 448 322 69 77 347 93 103 232 108 365 113 370 119 124 255
10 18 20 405 410 284 288 294 173 184 185 441 443 189 446 65 198 199 331 83 216 345 221 94 354 355 106 108 115 378
351 384 385 292 229 6 72 200 10 139 171 204 49 436 407 280 121 412 319
256 257 258 260 263 391 12 271 16 146 148 407 286 33 291 38 297 170 440 186 62 66 72 206 80 82 342 90 346 350 237 110 368 117 373
449 291 292 263 201 297 298 109 238 334 112 114 308 21 282 27 381 413 287
388 14 142 408 410 412 159 33 298 300 179 52 185 188 190 64 322 75 203 334 79 232 234 373 118
353 194 36 261 70 263 41 266 173 430 304 83 179 180 214 151 120 124 189
384 385 2 5 401 406 24 411 160 35 291 294 425 45 311 71 204 205 342 346 227 112 114 117 120
386 7 391 12 145 146 22 407 25 413 415 418 303 181 182 55 312 315 193 67 196 325 72 76 78 90 346 220 347 351 361 235 242 245 247
259 8 264 266 269 279 154 413 32 417 293 38 39 44 302 176 183 188 446 73 332 86 348 93 97 356 112 243 248 377 379
128 387 5 134 389 14 398 409 284 289 297 179 308 198 79 207 340 213 345 230 239 368 114 115 117 120 123
129 130 10 140 19 20 148 405 410 416 34 418 421 294 299 300 306 185 58 196 328 204 81 210 86 350 360 238 114 119 124 255
390 269 16 272 21 157 35 42 47 305 179 181 186 445 449 89 350 356 359 360 236 115 120 125 382
131 390 8 17 21 22 280 30 292 296 170 301 46 302 182 192 336 210 340 348 233 238 247 120 123 381
392 402 151 408 29 292 421 424 307 309 58 61 199 73 202 331 204 213 89 222 241 117
2 259 390 14 398 272 275 28 160 33 165 293 50 182 313 318 194 204 208 218 92 354 362 124
135 393 394 11 399 16 20 279 33 303 304 180 309 80 209 213 350 351 236 241 245 250 125
64 65 416 424 202 427 140 300 334 396 241 244 405 87 312 25 26 315 317 126
132 5 6 388 391 401 275 278 31 417 168 53 185 316 190 81 216 95 226 362 365 242 245 375 252
129 132 392 396 13 142 402 19 151 28 159 36 37 306 323 338 216 353 354 239 118 122 126
128 129 2 139 398 143 24 157 414 419 164 169 427 430 48 433 178 315 318 320 67 74 205 337 218 95 359 247
33 98 194 324 393 171 396 365 144 49 240 305 368 278 56 281 250 188 285
129 132 395 399 400 17 145 22 150 154 31 415 35 421 424 309 315 196 71 334 219 357 361 362 242 247
5 275 411 160 35 302 430 433 311 185 61 318 70 77 208 82 87 221 96 97 98 226 231 365 241 252
11 399 19 281 284 413 289 418 36 422 173 306 57 59 188 62 191 64 69 332 83 343 216 114 243 371 126
133 135 140 402 19 24 25 408 29 157 419 423 424 42 427 48 304 309 312 58 67 337 84 222 353 360 373 247 248 250 254
8 144 400 278 409 154 30 420 424 44 433 436 310 441 188 190 450 195 326 73 211 339 216 101 239 368 370 379
129 130 136 266 140 14 399 402 287 415 420 39 301 177 309 311 315 60 446 65 67 76 81 219 104 105 361 240
257 138 12 141 142 143 147 22 411 28 156 32 160 161 35 416 427 302 430 56 440 186 187 65 197 77 206 335 336 82 340 86 220 357 361 363 368 241 246 247 250 253
264 138 11 277 152 281 417 418 423 188 444 191 198 329 202 78 214 219 101 104 368 371 248 127
132 143 402 405 413 424 42 174 180 312 58 65 323 70 73 329 204 343 222 233 234 248
261 145 146 20 149 31 415 163 36 425 429 433 59 195 324 69 73 329 334 80 343 344 365 239 371 253
256 14 146 150 284 416 36 420 300 442 316 447 65 194 201 332 337 340 217 104 360 107 374
135 12 405 22 408 25 27 156 413 30 286 416 417 293 421 170 298 427 45 307 180 183 312 315 71 73 202 211 350 225 236 111 367 246
34 3 67 259 166 39 262 264 422 76 429 398 147 436 149 342 374 88 248 346 253
258 17 148 154 29 158 287 34 299 44 309 63 450 68 197 328 73 335 340 213 344 348 225 107 110 119 377
318 416 35 164 260 419 424 169 138 76 205 48 408 25 186 250 411 349 254 95
65 259 36 37 165 169 42 267 300 79 340 245 439 152 376 26 251 377 349 380 441
3 266 147 20 32 290 291 37 422 425 436 316 66 197 327 200 331 338 87 343 92 228 356 362 110 118 246 377 380
262 141 397 143 149 411 414 162 419 167 172 304 433 51 321 194 79 83 342 87 93 231 364 108 242 247 253
385 258 262 263 270 155 29 34 40 172 45 442 443 199 329 82 83 352 353 104 364 369 253
293 6 231 74 11 203 205 236 79 365 113 210 370 84 116 341 23 439 121 346 383
144 146 411 156 414 417 35 36 422 41 300 430 307 54 61 192 450 324 197 70 75 82 96 234
446 97 163 355 197 325 356 296 265 268 175 48 212 85 92 445 158 383
257 386 9 138 26 283 296 172 302 437 182 188 323 204 77 206 342 87 93 349 224 353 98 234 109 116 378 123 124
3 262 393 268 147 288 417 425 173 429 310 57 442 315 444 189 199 200 327 204 83 89 90 352 363 237 379
386 391 265 268 270 276 155 161 35 166 169 178 51 435 439 184 74 88 344 95 100 358 113 369 380
5 389 135 266 12 144 17 146 275 156 29 290 41 170 299 180 54 55 185 209 345 91 221 352 237 241 242 115 370 119 381 127
96 322 355 356 265 330 171 203 428 175 240 271 432 85 150 437 88 313 92 93 157
1 386 387 388 389 262 7 394 271 148 277 279 288 419 164 169 172 177 181 54 182 443 317 447 203 206 208 82 91 361 367 243 116 119 378 253
130 259 263 392 9 15 20 154 283 417 34 428 302 178 57 443 188 327 212 88 94 355 360 237 239 368 245 122
260 9 268 270 274 153 423 431 50 178 436 315 444 189 63 321 333 206 215 88 89 90 91 96 354 99 358 369 243
1 389 392 20 282 29 287 299 172 431 440 57 441 445 331 206 209 91 94 355 360 365 119
133 262 271 23 420 297 176 436 442 315 60 446 196 330 215 358 361 106 363 240 243 371 248
1 12 269 271 272 403 24 282 158 168 434 181 443 324 209 91 223 99 102 103 361 383
259 392 143 400 274 149 23 285 32 288 290 418 294 302 175 434 60 189 444 65 219 93 374 378
385 4 136 141 150 153 26 155 289 423 49 440 63 325 329 333 99 100 105 361 366 243 251 380
4 391 271 274 156 290 36 165 295 41 184 185 327 212 86 217 94 102 105 364 365 370 381
267 395 403 276 26 288 35 293 167 296 171 172 305 178 63 322 68 327 201 215 96 102 106 107 371 125
132 7 139 12 144 17 154 156 29 158 417 164 292 426 433 53 66 323 197 328 73 207 336 213 344 364 369 246 377 254 383
