450 11428
3 384 389 390 7 269 13 277 288 179 54 440 187 188 445 63 324 330 85 220 97 98 105 367 368 
0 160 128 99 195 325 38 199 296 71 394 389 230 398 175 209 19 308 181 406 218 
2 257 262 10 142 147 156 32 35 37 166 295 296 429 310 69 200 331 76 336 210 339 96 100 367 372 120 249 381 125 
1 387 391 10 280 26 157 416 162 42 301 47 177 437 442 190 448 201 332 333 212 346 223 96 100 107 108 113 370 126 
4 131 388 392 393 273 401 278 153 409 414 158 32 291 37 41 297 299 311 184 189 448 198 74 203 207 221 362 107 117 
3 384 259 260 265 394 18 150 283 33 162 35 293 38 40 174 303 432 49 304 72 203 342 214 219 235 113 375 252 383 
0 160 1 384 450 226 389 103 299 13 111 336 19 116 373 341 55 440 185 283 380 445 
2 385 130 134 391 270 400 404 25 412 161 417 35 166 44 46 305 56 441 314 187 192 326 77 224 110 125 
4 447 165 38 263 391 41 102 75 396 43 77 268 435 345 378 153 156 126 255 
4 3 4 132 16 401 278 286 302 443 317 196 201 333 207 339 212 344 228 229 103 232 106 107 114 119 
3 384 128 195 420 227 393 137 169 173 109 47 303 305 80 403 85 407 283 28 415 
0 385 386 258 134 13 271 283 155 156 29 160 34 168 41 46 304 54 438 440 190 78 334 209 215 348 224 355 103 360 110 115 119 381 
2 1 385 7 12 19 404 286 289 300 46 314 445 199 336 342 216 347 224 225 109 111 116 117 122 
4 397 272 406 410 36 165 423 296 172 50 308 436 182 313 327 75 83 216 345 88 221 96 226 230 255 
1 384 128 388 393 142 16 273 402 274 278 286 159 164 171 302 49 53 441 58 192 196 72 333 338 212 343 351 227 358 106 
3 128 137 10 138 395 15 404 407 292 169 43 47 314 59 317 202 350 227 229 233 235 109 240 114 123 125 
0 258 323 168 201 105 426 78 144 49 275 340 438 311 375 91 316 413 348 414 
2 289 354 386 162 6 199 167 235 109 174 80 51 19 52 310 215 281 379 
4 128 2 386 131 7 396 13 140 18 410 412 167 172 177 50 181 320 206 216 353 230 231 238 111 112 252 
1 261 168 42 43 173 429 47 177 441 57 314 58 319 63 204 81 217 94 351 233 361 118 127 
3 224 289 292 390 105 394 138 202 395 170 363 174 112 274 179 22 55 58 218 318 63 
0 131 390 265 139 143 21 413 35 424 44 179 53 59 60 323 324 334 90 219 224 356 229 233 234 246 
2 446 97 322 354 264 174 207 336 432 84 405 340 212 245 155 444 92 317 60 
4 385 136 393 398 411 283 292 421 295 172 173 58 63 331 205 206 336 337 222 227 231 115 122 
1 416 33 417 67 197 326 359 8 134 201 364 236 146 147 407 56 343 249 317 62 223 
3 4 133 394 267 398 399 148 149 284 413 33 294 174 175 177 435 53 309 440 184 58 318 447 323 324 325 210 338 339 87 225 228 100 357 235 373 249 124 253 
0 286 254 66 291 388 360 298 139 430 144 401 176 115 180 208 55 59 28 61 285 414 
2 419 291 325 137 362 11 239 435 55 27 252 59 286 
4 256 12 270 402 156 287 172 180 438 443 450 196 328 206 211 213 342 218 91 346 90 352 103 360 237 
1 64 353 289 257 293 69 391 231 294 332 301 172 398 404 342 408 31 
3 258 195 260 422 332 365 333 145 370 242 274 343 152 349 30 255 
0 3 259 5 134 273 275 405 154 410 170 434 50 180 183 59 446 65 69 74 331 334 210 215 344 216 349 93 221 230 106 363 111 240 115 244 125 
2 6 394 406 407 25 26 155 412 411 286 34 292 297 171 430 304 50 181 182 440 187 67 70 71 72 210 340 214 231 236 240 241 116 245 124 
4 258 263 12 143 148 151 155 412 286 33 166 425 426 171 297 431 65 331 76 335 81 347 242 373 245 377 
4 3 6 391 8 262 276 22 427 301 432 178 436 449 327 339 343 347 96 224 357 233 109 114 373 252 
3 129 263 397 14 144 410 415 418 37 294 300 173 303 307 180 438 185 190 62 69 73 330 75 78 210 344 217 219 353 242 244 124 127 
0 3 5 261 266 273 151 285 158 36 164 41 428 174 175 55 449 65 68 70 74 338 339 93 350 359 363 245 374 248 376 125 254 
2 2 227 99 6 9 265 394 430 175 112 337 85 214 279 342 189 
4 130 261 402 413 162 418 292 40 425 303 176 431 306 436 310 187 188 65 193 327 72 78 335 81 341 346 220 232 245 246 122 251 
1 387 133 6 264 269 403 276 154 413 286 288 161 162 293 39 44 431 47 186 61 63 71 207 341 87 347 228 357 103 233 107 238 366 379 251 
3 258 5 134 263 9 12 397 268 282 160 37 294 174 304 55 192 217 345 348 99 230 234 235 363 115 372 120 127 
0 130 259 4 133 274 403 20 154 158 416 421 295 43 428 306 434 439 313 315 191 196 81 338 84 344 223 370 245 
2 260 9 16 272 20 279 157 165 42 47 434 440 185 445 189 71 81 345 99 369 246 382 
4 130 391 8 400 22 407 166 40 301 181 310 441 186 446 322 67 77 220 348 351 357 233 238 123 126 
1 352 161 257 258 417 358 71 326 424 172 431 84 309 183 314 251 348 347 442 188 
3 385 134 8 12 13 268 275 279 283 160 165 50 188 192 209 354 355 358 102 103 363 368 372 124 
0 4 133 11 269 16 274 403 20 415 420 295 40 43 429 313 64 450 80 84 351 223 360 236 364 240 241 370 126 
2 265 164 427 175 434 180 312 317 191 74 202 76 81 85 86 87 344 90 92 105 361 254 126 
4 388 132 6 393 15 17 278 285 163 421 168 426 53 187 192 195 197 72 82 211 341 91 352 105 106 375 
1 32 33 226 354 129 358 136 14 46 239 303 111 19 244 406 182 183 412 
3 257 388 139 273 18 288 289 419 167 430 178 308 437 315 320 194 69 74 77 210 90 347 95 99 378 
0 391 18 281 284 415 288 166 171 310 56 61 189 65 198 80 94 108 109 365 374 250 378 
2 132 136 137 139 15 275 22 409 26 421 49 180 61 190 319 71 200 76 210 90 356 229 357 362 370 380 
4 192 1 98 386 323 357 170 12 366 367 208 80 371 440 187 350 191 
1 387 133 7 136 399 21 27 28 284 411 413 418 291 292 37 41 426 174 59 64 197 201 73 207 97 362 363 111 117 381 
3 322 135 8 232 360 139 140 365 142 52 84 183 248 25 250 412 
0 353 260 101 326 135 263 170 300 365 173 145 305 211 20 279 216 441 443 
2 384 15 402 20 21 24 26 287 290 292 294 177 306 311 190 191 62 195 67 204 81 210 86 356 361 105 114 120 
4 138 142 271 16 143 145 22 27 28 415 32 291 422 166 296 55 325 211 212 87 357 106 235 362 363 368 372 253 
1 266 22 23 412 413 287 291 292 423 171 176 308 439 187 444 188 446 201 329 78 207 212 86 214 219 351 226 227 356 104 107 111 368 246 
3 387 134 139 269 405 408 410 27 412 288 290 295 40 424 169 297 52 53 180 314 322 70 203 207 213 117 249 123 383 
0 259 261 263 394 140 141 146 148 25 418 36 299 173 430 58 328 204 80 214 366 371 245 249 
2 384 1 256 261 395 269 20 21 24 421 294 40 179 315 447 191 332 337 89 217 220 222 361 107 112 114 120 380 
4 256 257 131 390 391 396 141 142 145 147 408 411 413 30 415 291 293 422 426 298 300 301 47 55 183 186 188 197 325 73 202 336 210 92 362 367 247 120 126 
1 387 132 259 392 138 271 149 151 281 282 157 32 34 418 37 421 39 428 176 52 313 198 331 83 86 93 374 
3 259 387 272 274 27 414 293 424 297 430 303 309 182 313 199 204 333 335 208 89 92 94 223 225 362 110 115 117 123 
0 394 404 148 25 411 159 416 33 418 44 301 303 58 186 190 191 75 205 210 214 238 114 375 124 
2 130 262 135 267 269 152 37 424 426 305 435 179 316 321 449 326 206 210 89 359 371 377 251 
4 257 3 131 390 397 30 32 36 300 432 51 197 207 338 210 86 343 228 362 113 118 120 121 252 
4 33 194 419 418 37 421 392 331 428 79 304 241 402 117 373 151 153 122 61 189 414 
3 128 2 133 389 264 265 393 270 272 155 33 40 43 45 308 53 182 318 319 195 204 218 92 349 362 110 369 380 
0 6 134 393 140 15 150 33 39 425 299 430 303 304 49 200 205 210 341 213 346 220 359 231 116 121 123 255 
2 256 266 141 271 145 154 410 36 422 424 426 301 305 307 55 312 316 64 192 321 197 325 334 82 86 215 95 230 244 120 381 
1 32 257 163 131 5 37 388 268 365 48 273 51 212 275 312 185 377 316 221 158 95 
1 9 396 397 14 271 402 148 416 36 426 428 306 67 216 93 349 227 239 372 377 124 126 
3 353 34 3 199 424 425 200 427 429 48 337 53 85 183 408 247 315 157 319 
0 386 260 391 8 9 270 144 400 276 278 161 166 44 51 435 309 314 188 98 100 110 124 255 
2 352 36 261 39 330 331 12 237 399 17 211 309 405 219 60 127 
1 160 257 226 97 70 267 427 301 430 271 203 428 372 340 86 311 377 93 318 
1 322 227 132 101 389 169 394 11 47 18 403 52 371 54 279 438 281 62 191 
3 384 130 132 402 20 149 150 153 154 158 34 418 39 423 42 43 429 48 434 312 58 318 85 344 90 219 222 360 104 105 109 240 243 245 118 125 254 
0 139 149 159 163 429 431 49 433 436 315 316 320 321 450 324 73 206 334 339 211 343 90 91 95 96 355 375 253 
2 96 65 194 321 104 172 397 14 430 271 150 374 282 284 
4 225 133 358 135 42 363 138 45 47 241 405 23 56 247 377 411 248 157 317 315 
1 256 1 11 147 152 417 163 38 172 48 434 436 312 443 187 192 324 197 76 332 208 81 209 346 218 98 227 99 101 362 117 247 248 
3 384 132 390 264 400 149 285 158 287 160 290 424 428 175 48 434 439 58 60 318 65 69 197 73 333 79 214 343 349 107 377 
0 136 138 141 149 408 26 285 159 419 40 48 59 318 339 343 228 230 105 361 366 115 244 249 251 380 253 
2 194 260 325 102 327 169 14 206 240 212 436 439 216 217 442 284 349 351 
4 256 135 146 403 156 157 288 161 162 290 293 166 301 178 186 315 63 66 68 326 200 332 97 225 241 251 380 382 
1 256 388 139 268 141 144 402 22 29 166 48 433 51 436 53 312 317 196 328 332 208 81 82 213 342 217 346 352 356 364 369 376 126 254 
3 389 262 17 275 404 29 414 287 174 49 438 440 442 443 197 330 82 215 348 352 103 105 107 243 
0 265 138 406 23 408 155 159 293 296 174 48 434 181 439 445 318 64 66 71 203 204 349 228 115 249 380 
2 32 65 161 257 259 37 230 169 170 75 79 367 111 271 147 372 335 216 156 221 349 
4 267 272 146 20 277 290 166 296 52 437 443 447 448 66 200 332 333 338 223 108 366 110 113 251 380 
4 257 262 141 409 411 157 414 288 167 168 299 432 51 308 184 321 328 73 74 337 82 338 342 223 98 231 
3 3 4 260 262 263 265 14 270 150 35 164 172 178 183 442 448 449 324 335 82 83 214 352 104 364 369 370 375 
0 1 226 293 264 105 203 79 111 113 275 116 340 55 23 89 155 
2 1 386 270 144 414 417 302 180 54 187 192 321 324 77 85 216 345 221 95 360 234 255 
4 161 2 355 227 38 263 167 41 43 268 175 51 85 246 153 282 378 445 382 
4 386 3 4 278 26 283 163 296 177 77 206 338 339 344 218 223 229 103 111 114 116 119 122 
3 264 147 279 155 284 415 417 420 169 173 305 438 183 57 327 334 80 85 224 353 363 237 
0 386 259 9 266 268 271 274 279 280 410 156 285 46 178 448 450 335 88 220 354 229 358 359 369 115 381 
2 389 7 10 12 396 271 276 29 166 40 299 46 440 441 185 190 450 209 91 347 221 226 355 100 232 237 111 370 116 119 122 126 
4 397 150 162 420 292 167 423 308 312 313 60 446 191 193 198 330 81 83 346 351 96 227 356 231 240 
1 384 1 389 271 17 274 402 21 159 164 421 48 49 181 312 58 197 207 337 81 87 218 91 97 228 361 112 113 117 
3 384 389 264 392 10 394 15 278 154 283 32 288 302 49 309 310 183 184 59 444 188 315 200 204 212 350 358 235 108 240 375 122 125 
0 4 5 10 269 280 153 284 160 423 40 311 184 60 316 63 201 333 340 86 91 229 243 
2 160 226 387 4 166 167 200 392 106 331 364 365 52 180 277 184 281 94 190 
1 128 353 35 227 201 11 172 13 206 395 16 81 18 305 52 243 215 251 125 222 447 
1 8 393 12 271 272 403 407 156 166 426 429 173 181 437 182 314 319 447 66 71 204 77 333 336 94 223 361 366 112 113 246 382 126 
3 389 7 395 13 19 277 283 284 32 293 165 170 302 50 55 183 440 187 188 60 444 334 93 97 100 103 367 114 244 118 122 
0 128 131 136 140 274 19 21 38 423 170 175 184 63 209 340 218 356 105 361 110 241 243 246 379 
2 385 4 6 391 274 150 280 286 159 290 429 432 437 322 69 200 207 210 339 212 346 94 97 105 110 370 115 116 249 121 380 
1 393 10 395 16 402 280 283 288 35 167 427 172 173 301 305 306 58 190 63 191 67 342 222 100 111 370 117 122 125 
1 134 12 401 403 406 24 27 156 157 287 32 41 426 178 311 448 66 336 87 343 92 221 228 102 359 364 366 113 377 249 
3 33 97 162 100 229 325 7 72 103 394 203 199 13 113 210 342 440 187 
0 128 5 389 13 401 404 283 286 291 308 55 61 66 70 199 209 85 345 218 105 114 370 120 
2 131 134 137 395 142 20 406 286 159 290 165 300 429 69 81 339 215 360 362 236 111 367 120 252 125 
1 391 10 12 396 271 401 280 291 296 177 443 190 328 201 207 218 221 100 103 232 370 122 251 
1 3 131 141 401 404 287 289 292 294 422 41 297 179 311 183 58 63 64 191 69 73 213 221 222 117 118 122 123 382 
3 393 140 399 145 284 162 174 432 308 69 72 203 208 210 342 235 363 365 113 370 252 255 
0 394 395 13 24 283 285 39 175 441 314 446 190 193 70 199 200 331 204 334 221 350 225 100 103 106 111 114 373 119 120 
2 385 130 134 16 404 405 407 412 291 295 297 44 176 180 181 182 314 61 66 72 210 236 120 126 
4 386 258 396 148 26 416 33 36 165 297 46 435 67 75 77 206 345 221 368 372 373 126 255 
4 3 8 137 16 408 32 37 172 173 183 317 196 202 334 336 81 339 216 222 351 224 106 236 109 367 241 114 243 118 376 
3 4 9 393 404 148 407 409 415 289 299 44 300 47 48 185 317 190 319 64 75 90 223 227 103 233 110 370 123 124 254 
0 36 261 168 41 266 299 330 78 20 405 438 151 219 348 319 
2 2 131 11 395 140 15 16 19 410 289 300 305 181 320 71 199 201 337 342 227 230 109 112 241 117 379 
4 320 347 418 193 36 230 166 140 303 177 50 406 410 251 188 413 221 412 
1 261 262 133 8 264 269 407 408 154 157 293 39 42 171 44 301 441 316 68 202 81 348 351 233 246 123 379 
3 128 5 140 400 19 22 408 154 289 292 64 69 74 202 340 213 345 230 112 118 120 382 
0 135 10 143 149 410 413 416 421 49 306 53 311 184 185 314 191 65 323 196 80 81 86 233 
2 130 264 272 400 405 26 157 40 42 301 174 47 55 315 444 191 320 325 71 84 354 356 240 241 382 
4 385 8 12 151 407 25 32 417 421 295 41 46 182 61 72 348 221 352 233 236 115 118 123 
1 257 132 142 402 147 146 152 408 416 424 438 183 56 57 314 441 317 68 326 199 338 84 89 348 236 237 248 
3 385 267 399 275 404 24 285 414 159 160 418 292 423 300 177 50 53 55 447 328 338 87 228 357 238 112 
0 388 11 143 16 405 28 413 295 424 298 435 180 53 314 323 339 350 351 360 233 236 239 241 118 125 
2 65 419 264 329 202 330 174 239 16 84 21 149 87 312 246 59 92 317 
4 385 388 393 22 27 163 421 295 168 51 180 53 56 316 61 450 82 90 356 357 360 237 
1 128 129 131 262 391 393 142 146 19 148 152 416 166 301 183 56 188 62 193 327 72 211 347 354 363 236 239 112 244 121 252 
3 267 144 148 283 294 423 422 299 430 184 62 447 64 320 323 73 332 205 333 338 210 214 87 343 90 95 354 357 360 365 242 120 248 249 
0 3 388 135 140 396 15 273 274 281 414 286 159 166 424 298 171 300 430 305 434 310 183 56 59 64 325 208 339 225 363 118 
2 34 419 132 165 325 356 421 137 357 296 362 430 239 145 242 22 247 59 191 
4 256 261 141 270 17 27 155 286 417 36 421 422 302 431 433 180 438 323 197 77 208 213 216 90 221 98 360 242 245 
1 391 143 399 284 31 162 167 296 173 174 301 308 57 442 59 64 198 73 211 342 362 363 368 242 121 
3 135 140 148 152 25 418 419 422 168 433 62 332 333 338 89 220 94 223 360 364 242 243 244 249 250 379 
0 3 135 264 273 149 25 155 429 436 183 441 64 324 326 335 209 210 211 85 344 93 355 101 363 370 245 
2 394 140 141 146 402 26 287 416 34 170 175 177 306 311 190 191 62 67 325 75 214 350 371 124 126 
4 132 138 147 151 26 155 156 417 425 307 65 335 81 82 86 87 363 368 372 245 246 253 
1 6 402 276 157 418 162 432 186 444 188 198 72 329 81 83 214 342 219 96 231 104 366 113 252 
3 134 397 149 405 158 34 290 164 37 295 425 428 304 307 180 443 65 70 209 338 339 217 348 253 127 
0 255 158 256 68 135 425 140 428 366 146 371 339 85 310 338 434 248 349 190 31 
2 260 5 261 9 279 286 435 440 189 447 70 332 81 345 217 222 350 99 360 107 369 371 250 
4 130 131 267 271 400 408 32 40 42 427 298 310 183 188 73 202 81 220 356 361 106 246 
1 257 258 259 264 267 12 144 147 149 23 33 34 161 431 198 71 92 97 101 363 374 251 
3 258 3 259 9 12 268 273 149 282 410 29 295 173 304 178 438 314 192 448 450 335 340 89 93 225 354 102 359 360 358 110 115 372 249 
0 130 259 4 133 264 400 403 405 150 279 280 411 290 43 301 174 430 304 440 313 185 186 189 191 65 200 76 84 89 223 95 359 115 
2 256 5 262 267 151 152 280 164 37 42 170 175 434 321 450 325 74 206 81 86 344 350 365 377 251 254 
4 136 142 15 276 281 285 286 421 171 176 437 312 186 67 195 207 82 338 87 343 92 351 228 232 105 113 118 375 
4 2 258 261 7 136 391 12 277 406 414 419 423 41 428 46 304 177 308 182 316 188 192 194 79 86 217 226 232 107 108 368 373 377 251 253 
3 257 259 8 265 270 155 167 40 45 429 437 319 192 204 77 335 89 347 93 99 363 378 380 
0 4 6 399 145 18 403 150 288 39 40 300 174 179 313 190 198 210 341 89 346 223 231 104 235 236 365 240 116 375 121 380 
2 450 100 229 261 197 422 74 139 366 49 82 307 434 85 211 375 376 409 316 254 319 
4 388 260 262 391 268 15 273 276 151 285 158 37 170 48 181 437 440 312 321 195 196 212 350 96 105 366 375 383 
1 258 291 226 9 234 43 14 111 46 143 239 367 372 373 118 248 377 124 381 316 
3 129 3 263 8 140 269 142 273 34 293 425 299 44 305 434 52 437 310 314 59 315 449 322 193 325 198 200 77 339 89 90 347 94 103 363 108 110 373 254 
0 386 391 145 18 19 276 284 288 161 289 51 443 319 194 198 204 95 353 99 104 108 369 114 378 380 
2 95 352 319 229 261 295 426 139 12 237 206 17 49 146 20 242 375 409 127 
4 227 260 101 327 170 11 428 203 207 16 80 88 216 61 93 350 
1 258 262 263 394 148 21 279 282 158 287 32 291 164 169 54 57 187 321 201 218 93 111 112 381 383 
3 130 259 388 393 142 15 412 284 159 415 33 34 434 52 60 319 198 203 214 355 232 240 368 245 
0 263 14 270 19 24 284 29 30 289 45 173 431 309 443 316 320 321 206 335 209 83 85 214 96 353 355 109 369 114 125 
2 384 11 397 145 20 24 282 156 36 294 172 57 62 195 326 204 206 210 211 225 101 365 110 114 125 
4 133 6 262 138 145 18 21 23 26 157 162 37 41 432 55 442 325 206 207 212 91 92 358 235 363 243 248 121 
1 2 392 266 273 148 26 158 292 37 38 48 434 439 446 318 193 323 324 198 328 209 86 214 99 356 357 112 122 
3 383 65 418 387 198 39 329 298 297 207 400 210 404 439 27 60 123 285 159 
0 129 385 4 389 136 19 20 148 26 410 160 418 294 58 190 325 328 204 210 215 100 361 238 119 251 
2 96 449 290 35 102 359 295 327 241 51 115 212 276 437 436 89 442 251 156 380 
4 447 1 162 288 68 390 426 300 206 210 403 21 22 277 120 377 346 221 63 
1 388 137 139 144 151 27 29 32 36 421 297 48 53 438 312 61 323 331 222 98 108 364 369 241 242 123 254 
3 128 33 2 164 228 230 105 362 330 44 110 272 19 182 440 123 92 220 445 
0 134 393 14 406 160 33 296 303 50 435 181 440 186 445 319 66 325 71 339 215 110 239 123 
2 257 262 135 266 140 142 400 147 154 410 32 424 426 45 305 50 56 315 446 64 76 334 210 215 216 96 225 101 106 111 372 244 120 125 
1 132 5 392 267 141 272 275 277 406 26 432 306 311 185 448 321 332 333 338 211 212 216 218 95 223 226 231 106 107 108 365 112 
4 132 7 393 272 409 157 414 36 43 299 302 306 184 188 189 74 338 216 222 223 226 103 243 126 
3 260 265 403 150 279 413 157 159 40 44 182 313 188 64 67 325 200 337 89 219 233 247 375 
0 1 8 393 394 278 409 414 33 39 170 49 54 314 60 445 188 195 324 325 336 85 213 341 219 98 226 111 368 116 
2 1 129 260 140 276 150 154 412 160 417 39 424 45 46 302 436 309 310 185 186 187 60 315 446 64 192 326 77 334 336 216 219 226 106 111 244 
1 5 263 392 268 277 153 157 416 38 43 430 431 52 185 442 70 206 336 227 365 378 250 
4 387 4 12 396 271 273 402 148 152 281 412 162 36 177 53 58 191 67 328 332 333 338 339 216 344 346 221 223 229 103 108 114 242 371 119 122 251 126 
3 259 132 133 389 143 402 148 157 420 294 42 427 48 305 54 312 313 58 190 63 67 195 198 80 337 214 222 104 114 245 247 120 
0 386 8 266 395 15 271 278 156 414 160 161 41 46 49 433 435 54 440 188 324 73 85 220 98 234 239 368 250 381 255 
2 129 420 166 39 104 232 425 140 175 399 122 219 347 221 446 
1 160 321 261 70 167 391 198 423 206 430 51 83 340 308 88 313 442 411 217 
1 384 2 388 389 393 11 274 281 283 412 159 287 31 164 173 49 58 187 191 71 332 333 338 341 216 218 232 237 371 
3 222 132 164 229 328 233 10 42 235 428 15 273 274 339 402 439 312 90 29 125 350 
0 384 390 144 25 285 163 419 424 426 430 49 433 434 55 316 64 69 73 201 334 335 85 86 343 91 105 249 253 
2 387 5 391 392 145 277 150 281 155 284 415 162 420 166 167 171 175 176 52 310 446 191 65 194 325 221 226 231 104 235 365 374 
4 128 2 135 392 13 18 402 405 416 441 315 66 76 342 225 353 227 238 241 243 116 117 247 122 
1 256 3 392 272 403 283 157 288 166 422 296 429 432 436 53 186 314 319 447 72 331 76 333 204 343 89 346 94 223 106 108 113 371 247 122 252 
3 128 4 390 10 395 17 280 25 287 419 170 430 55 60 197 333 343 219 229 107 109 119 249 253 
0 130 131 390 138 16 400 21 408 154 48 434 318 64 329 330 334 344 220 228 356 361 241 246 379 125 
2 259 5 6 401 169 171 432 439 61 322 79 207 212 340 92 221 349 351 97 226 240 116 245 121 
4 392 393 20 283 288 161 290 292 167 173 177 58 62 66 71 200 331 347 92 356 361 106 110 241 122 380 
1 352 321 67 228 359 72 393 231 267 364 141 338 403 24 377 249 411 
3 258 262 268 399 19 24 29 158 168 172 173 174 179 435 440 442 443 189 194 68 325 82 210 215 88 352 224 353 100 229 233 109 124 
0 5 10 269 401 23 286 159 291 293 40 169 429 174 176 55 60 61 69 203 339 349 105 113 119 380 383 
2 66 355 324 362 142 367 144 430 370 85 54 121 90 27 252 286 414 
4 2 261 265 12 397 147 151 407 282 292 172 46 175 438 441 443 445 328 85 213 218 355 356 103 112 117 
1 386 3 262 141 398 397 147 404 26 411 283 32 33 162 289 36 294 296 297 173 176 177 432 51 179 53 183 58 64 67 68 69 72 206 357 238 113 116 121 123 
3 258 140 268 145 147 279 29 417 163 173 304 49 438 184 57 442 59 450 327 333 78 82 350 352 354 229 358 365 237 368 370 375 255 
0 4 264 10 268 270 15 23 164 174 178 310 439 184 441 59 60 444 446 448 74 203 331 336 340 88 216 349 221 354 358 106 235 113 254 383 
2 414 131 324 291 292 355 72 297 234 299 144 209 341 407 120 90 187 346 29 61 445 
4 258 6 263 262 265 141 148 150 412 33 420 38 171 172 427 175 432 60 445 62 191 67 86 351 96 227 355 357 361 240 368 373 
4 386 262 12 271 272 18 413 32 296 177 182 183 447 73 206 334 339 91 224 361 233 109 243 118 247 251 
3 384 260 392 268 13 14 144 19 410 283 415 32 289 169 300 302 183 184 57 185 188 190 195 327 75 334 338 212 88 93 349 98 360 237 239 369 125 
0 261 264 266 268 274 20 151 153 284 160 36 423 41 300 63 194 333 88 90 220 358 360 369 243 376 
2 2 195 100 227 326 71 389 105 170 299 365 112 209 337 274 85 21 117 119 184 29 
4 6 402 22 150 281 412 413 286 418 36 420 297 303 186 187 60 188 193 201 330 78 81 226 366 240 246 376 252 127 
1 1 264 267 269 271 146 408 154 39 298 44 303 181 63 192 72 202 332 217 102 358 361 243 379 
3 129 5 134 392 268 14 144 273 275 404 32 289 302 179 439 190 193 198 74 203 212 340 345 93 98 230 103 115 119 120 122 124 
0 279 24 153 421 294 423 306 180 311 440 185 191 63 196 81 339 235 109 114 243 120 125 
2 387 4 272 146 275 274 280 25 411 157 285 416 162 295 296 42 301 47 184 185 190 66 450 200 346 94 95 226 100 356 236 364 110 370 126 382 
1 35 101 357 8 233 395 12 13 206 305 21 22 215 348 125 
1 387 13 142 281 26 282 156 413 293 424 426 298 173 303 309 183 314 66 199 84 89 357 246 122 
3 385 388 390 7 14 275 277 160 165 298 299 50 184 185 187 60 188 198 203 79 340 219 223 97 103 108 367 244 378 
0 128 384 11 395 398 15 16 24 38 294 169 430 308 60 189 199 75 80 85 214 218 351 99 104 236 109 240 241 126 
2 136 10 406 26 285 159 421 40 427 181 312 445 317 69 202 205 339 87 92 105 115 249 251 380 
1 386 388 393 10 16 22 278 280 412 417 163 168 53 190 196 201 206 211 100 102 107 370 116 381 
1 32 128 2 129 131 354 256 422 41 73 14 19 308 181 244 87 311 408 93 221 413 
3 388 393 398 19 150 24 409 30 33 162 419 294 430 432 304 184 315 320 198 72 205 342 95 359 104 252 
0 160 193 195 389 103 39 425 10 171 391 396 304 370 373 119 56 281 283 159 
2 130 132 134 137 16 20 404 22 35 295 40 44 300 306 310 186 314 196 206 215 351 224 357 241 247 126 
4 192 256 98 416 323 165 422 41 433 435 213 22 247 345 255 
1 6 392 394 399 16 18 26 284 413 286 162 423 41 174 308 311 59 196 198 212 342 222 357 106 243 376 121 
3 384 385 134 135 137 140 398 407 408 25 33 162 424 47 303 317 450 339 223 354 227 360 364 365 118 123 252 125 
0 384 258 135 139 283 284 29 415 295 168 304 305 438 441 450 195 326 78 211 216 348 101 103 365 373 
2 416 289 67 292 199 40 136 44 301 300 177 210 19 306 402 310 404 314 379 410 287 
4 192 320 165 137 138 75 140 363 143 368 50 435 182 406 216 28 253 252 
1 258 133 261 262 16 413 286 32 33 162 171 302 47 303 307 308 439 312 313 444 318 329 203 81 214 88 346 219 351 227 104 106 248 376 
3 128 133 137 393 405 407 408 33 290 419 294 295 424 47 178 180 317 70 199 202 204 334 84 89 227 359 233 112 125 
0 256 258 261 141 143 144 145 146 31 34 36 420 168 425 180 438 190 323 344 348 360 366 370 371 
2 261 264 270 146 405 289 174 306 185 442 447 325 199 332 81 215 217 91 220 222 107 235 109 112 246 251 379 125 
4 256 140 146 408 410 411 413 32 36 422 295 298 427 50 183 188 446 320 73 87 226 230 111 367 
1 259 261 264 144 147 149 23 286 33 34 418 292 37 39 297 42 171 432 441 313 318 62 191 203 81 351 363 374 246 
3 130 259 265 138 403 149 22 408 154 413 418 292 39 43 60 445 450 323 324 329 202 330 335 219 225 99 364 110 112 243 245 379 382 
0 64 416 323 325 199 200 233 234 76 334 143 84 85 215 186 411 315 413 191 
2 256 354 37 165 135 264 361 262 267 141 174 240 84 85 56 152 377 315 316 444 
4 385 3 141 146 406 25 26 156 295 307 61 62 197 201 331 205 338 87 343 92 228 366 113 115 372 377 
4 192 416 258 419 326 266 304 433 146 336 52 373 277 56 153 378 189 414 
3 129 259 389 265 267 270 155 413 158 160 418 39 40 45 429 177 178 190 319 447 449 450 68 328 333 87 215 89 94 228 357 109 243 374 119 380 254 
0 388 6 140 19 150 28 414 35 419 298 300 430 320 69 200 208 346 219 354 231 236 239 370 118 121 
2 266 149 151 26 415 160 417 419 422 425 430 307 59 197 325 201 329 82 87 239 371 376 
4 388 267 270 271 273 27 158 286 163 37 166 422 431 48 180 312 317 446 450 81 212 90 352 360 366 372 377 251 126 383 
1 258 391 9 14 272 152 31 296 301 308 313 192 327 72 332 77 337 211 349 98 358 234 121 124 
3 144 152 29 158 422 425 433 434 310 315 63 64 324 325 200 73 332 338 85 343 89 90 230 234 242 244 374 248 
0 3 259 135 391 265 273 155 30 161 419 424 45 430 434 51 183 64 69 329 74 79 335 93 95 363 370 
2 394 12 17 155 156 31 160 34 165 41 170 45 431 304 435 326 206 211 340 214 352 237 365 240 242 250 124 255 
4 257 261 6 155 156 157 32 161 42 171 428 432 313 318 191 62 65 66 203 331 335 93 102 245 246 251 
1 6 391 263 394 276 279 153 31 164 422 169 43 57 186 188 326 327 77 88 216 96 366 373 378 
3 130 259 397 144 274 20 153 409 160 163 37 39 168 423 429 307 443 62 63 194 332 333 78 209 217 355 240 242 243 245 374 127 
0 130 3 265 140 269 158 35 164 170 174 431 435 183 444 316 449 321 68 325 206 210 338 214 215 91 95 96 354 363 240 248 
2 260 392 9 397 270 279 282 287 34 36 166 41 170 425 172 304 57 316 189 62 321 326 335 214 350 96 99 355 369 376 
4 130 133 138 267 400 147 23 155 157 40 425 301 432 310 442 317 71 212 86 217 346 220 97 101 358 361 106 363 243 245 248 376 
1 257 6 262 267 22 161 38 423 48 432 434 186 447 323 324 71 328 209 214 92 96 363 366 246 251 
3 397 400 273 274 282 285 414 290 37 424 299 175 433 307 438 183 443 444 60 192 73 217 102 372 250 253 127 
0 136 264 265 141 270 26 154 155 158 428 184 449 450 68 205 79 338 220 94 354 359 361 364 374 248 251 254 
2 9 271 279 156 416 164 41 46 431 442 189 450 327 74 206 211 212 216 217 90 344 221 350 99 102 360 365 369 376 
4 1 130 387 262 400 403 286 288 293 166 40 47 437 310 441 316 61 63 68 207 220 107 
1 263 8 267 271 144 273 29 161 417 172 431 442 443 446 447 448 321 71 77 212 341 96 352 98 362 364 369 243 372 251 254 383 
3 12 268 270 273 154 282 298 439 440 59 445 190 318 192 65 450 324 73 330 75 334 79 83 215 220 93 349 102 103 358 105 363 110 369 372 374 119 254 
0 255 320 66 354 133 71 200 296 43 110 14 369 403 181 215 184 185 313 94 223 
2 257 5 266 396 142 15 270 271 147 275 156 32 164 37 166 175 434 51 445 190 196 326 74 331 344 221 360 367 370 372 254 
4 387 261 266 142 15 21 285 286 31 42 47 447 448 66 195 196 332 333 338 217 218 223 356 102 105 112 113 375 382 
4 136 17 273 278 406 409 414 32 299 46 53 438 184 316 448 74 91 221 223 97 226 363 367 372 377 
3 288 35 164 260 103 40 167 329 359 295 77 178 437 150 279 375 347 188 159 
0 160 1 226 385 288 198 390 108 111 336 179 341 374 184 250 378 189 94 
2 192 417 100 5 229 10 106 77 302 15 336 49 370 275 401 406 409 187 412 319 
4 260 263 392 268 276 153 157 286 38 170 43 46 440 57 186 446 326 327 332 80 337 211 222 350 101 102 378 382 
4 381 291 4 229 102 391 201 107 113 114 338 339 437 119 344 157 158 223 
3 142 18 412 415 159 420 424 298 305 52 190 65 449 195 322 198 80 339 219 225 232 108 374 
0 65 225 99 355 263 41 170 266 173 271 209 83 374 443 156 381 
2 384 385 6 7 391 390 11 12 141 24 294 46 441 195 200 331 204 210 342 216 347 100 232 106 237 111 114 370 117 375 122 
4 387 391 392 145 26 415 167 423 171 172 52 308 55 325 198 83 342 88 217 101 107 235 237 111 121 
1 384 389 136 393 266 274 27 159 164 37 298 176 49 446 447 197 333 86 87 223 228 356 102 373 122 382 
3 387 388 393 10 13 142 15 144 269 274 279 153 27 28 412 159 288 33 34 293 40 297 429 303 207 208 219 350 360 235 240 113 117 118 245 380 254 
0 384 263 148 29 418 294 170 426 309 311 58 443 60 316 195 328 201 340 86 91 238 115 120 
2 384 1 387 390 392 269 276 277 286 162 167 40 300 51 52 179 61 200 331 204 341 89 346 95 359 106 114 375 380 
4 128 131 390 13 18 402 21 407 30 415 167 172 300 51 325 332 210 216 221 353 238 243 120 382 126 
1 266 403 151 157 421 429 301 178 58 314 61 446 319 448 204 338 86 343 89 94 356 113 241 118 382 
3 387 388 5 390 395 405 280 409 27 28 419 165 297 170 303 55 314 59 60 64 207 213 344 362 117 119 123 
0 131 390 136 393 394 399 16 404 21 24 33 418 39 300 175 55 440 58 60 328 204 209 213 356 104 361 238 245 246 120 
2 130 6 269 30 286 166 40 432 305 437 310 441 64 449 66 322 207 89 92 97 225 111 
4 390 393 141 398 397 401 407 26 283 30 287 36 41 297 300 173 177 306 58 191 63 210 342 222 227 231 241 120 
1 3 134 137 139 276 151 24 156 421 168 42 47 178 437 61 331 348 223 359 233 364 237 241 244 372 249 123 
3 2 3 393 14 143 272 145 403 435 182 440 313 59 318 325 200 210 339 215 92 94 223 100 362 119 255 
0 5 393 395 401 404 405 286 33 34 291 294 303 176 180 314 61 66 210 213 219 245 120 123 124 
2 390 137 396 142 271 281 154 27 285 424 300 176 64 336 346 220 225 226 361 367 244 252 
1 5 7 266 141 401 275 166 438 185 62 326 72 328 213 218 346 347 95 226 103 365 366 126 127 
1 128 136 396 13 142 397 404 288 289 162 36 292 294 298 306 179 57 64 69 336 216 217 346 233 238 367 118 252 126 
3 130 4 133 264 140 399 145 403 157 30 290 35 427 44 308 318 64 67 73 79 337 89 223 365 238 114 370 255 
0 10 395 15 144 278 309 185 441 315 444 188 446 331 334 216 221 350 98 360 106 111 240 368 
2 129 6 11 395 399 407 410 411 412 286 291 36 39 297 305 50 309 182 66 67 72 341 219 220 225 236 240 
1 258 6 263 391 12 151 407 411 156 157 160 33 41 430 70 72 211 340 231 232 237 373 250 
4 128 8 11 142 407 281 293 166 303 437 183 57 191 449 68 73 334 339 224 353 101 109 237 114 371 
3 132 402 148 410 418 294 39 42 300 184 185 58 312 314 318 75 335 222 233 238 114 243 
0 163 36 261 324 355 424 73 266 425 240 433 149 151 343 249 409 376 444 253 
2 2 14 145 411 284 415 160 301 430 51 60 194 325 71 337 342 95 351 227 230 104 235 240 117 374 121 255 
4 225 66 418 357 106 331 172 45 77 78 302 303 431 405 26 315 188 413 287 
1 256 3 264 269 142 18 152 154 293 166 39 44 52 436 437 188 322 198 327 212 346 348 358 233 106 238 379 
3 132 5 17 402 148 414 287 418 428 184 312 58 333 79 340 343 222 230 359 107 235 115 120 377 
0 138 410 159 164 421 48 306 434 180 311 318 191 196 73 74 81 85 343 90 228 104 105 240 254 
2 259 14 272 411 157 162 296 42 430 47 439 186 191 65 66 194 335 346 351 104 240 245 382 255 
4 132 135 8 137 13 16 402 20 405 156 412 290 291 166 297 45 306 187 61 200 77 348 225 233 110 238 122 123 
1 256 133 411 166 424 42 427 302 51 436 309 183 188 63 321 199 76 332 82 84 89 346 353 231 106 247 248 377 
3 385 130 262 263 139 269 17 275 287 160 163 165 172 450 68 197 73 74 82 348 107 364 248 377 
0 135 264 10 138 16 405 23 408 25 424 48 318 334 339 84 90 349 351 228 236 241 125 126 254 
2 259 271 21 26 411 296 427 301 175 306 439 312 317 445 71 202 79 81 86 87 92 349 240 245 
4 393 20 278 407 412 161 290 163 417 422 167 168 171 53 182 71 200 76 341 357 110 251 380 126 127 
1 128 129 321 354 133 231 172 141 239 272 82 19 51 244 411 252 
3 262 263 270 414 158 164 170 172 430 184 442 315 320 194 68 73 205 82 83 338 339 343 95 352 98 369 
0 293 166 391 203 44 80 113 339 310 23 56 281 61 383 
2 132 137 265 141 144 17 22 26 414 416 421 175 180 54 440 324 357 360 234 366 242 246 247 
4 256 1 265 271 147 22 26 175 433 307 436 187 445 192 323 208 82 85 213 96 98 355 357 361 362 367 246 376 
1 256 2 386 387 133 262 394 142 143 399 148 26 28 284 158 413 289 166 422 296 174 177 308 437 182 186 59 187 447 64 198 73 206 342 88 347 363 243 116 247 253 
3 258 260 135 8 263 273 147 279 25 417 424 299 45 173 438 57 188 68 344 89 218 237 365 370 250 
0 260 140 268 14 279 35 39 169 425 178 436 310 448 449 211 88 216 350 354 101 358 360 369 255 
2 190 287 196 292 389 136 265 360 299 366 175 177 209 402 119 90 251 29 62 95 
4 257 422 138 202 363 330 367 176 240 371 276 372 150 246 60 253 
1 352 1 447 36 104 329 138 202 361 78 271 181 246 91 219 444 127 
3 3 259 392 273 405 24 283 414 32 288 34 295 302 180 309 65 70 200 204 78 212 108 368 373 249 122 
0 256 384 4 261 141 146 274 279 153 30 31 289 423 184 315 190 63 195 333 85 89 90 220 94 365 243 371 379 255 
2 4 261 10 141 15 146 274 285 31 311 184 442 190 447 66 195 200 201 332 211 86 217 94 107 365 110 366 371 251 
1 395 12 271 22 408 413 32 302 305 183 188 317 197 73 202 82 215 216 351 101 111 241 247 122 125 
1 257 259 263 402 147 149 156 161 34 418 39 426 172 428 306 313 66 197 336 93 96 102 361 363 369 372 246 374 377 
3 3 7 13 277 278 23 24 298 300 187 188 189 64 450 335 339 212 340 364 110 367 369 115 374 250 378 125 
0 63 128 191 255 384 389 38 105 76 301 430 398 308 279 24 186 218 411 95 
2 256 262 135 136 390 267 141 15 146 274 151 152 280 26 159 290 37 42 429 184 185 190 446 321 195 69 205 339 216 94 95 351 100 364 249 377 
1 3 137 10 395 142 151 152 280 26 281 412 35 37 166 422 296 305 182 317 190 321 322 196 207 336 82 338 87 215 343 222 100 228 236 367 113 370 371 372 118 125 381 
4 258 131 17 23 407 156 414 287 33 419 304 311 194 203 79 336 212 221 97 226 107 112 
3 288 162 195 39 40 72 7 393 270 303 432 49 367 213 277 342 187 380 414 319 
0 128 6 13 398 145 150 283 284 29 30 38 294 308 325 199 341 90 346 95 231 235 365 114 370 116 121 380 
2 256 390 141 15 25 159 31 290 35 422 429 307 311 312 321 69 197 200 201 82 339 86 87 366 115 371 375 249 
1 32 383 291 36 100 326 10 42 202 268 396 48 81 242 147 273 370 280 158 190 
1 98 131 9 41 43 234 397 14 401 117 153 124 221 
3 4 388 264 29 288 162 39 425 298 299 300 432 179 310 313 315 190 72 200 85 213 342 90 223 104 240 113 252 
0 129 386 389 391 394 140 13 276 283 161 34 35 166 40 425 299 45 429 51 193 325 204 103 373 380 
2 130 134 135 390 12 17 404 151 295 41 44 45 310 441 314 316 91 224 352 237 242 127 
4 32 255 318 71 426 75 203 428 207 271 212 372 86 88 152 216 377 92 93 317 31 
1 389 263 392 137 394 268 16 148 279 153 158 286 164 37 169 302 54 446 196 327 211 106 373 122 378 
3 130 137 15 403 20 407 408 159 44 429 47 308 439 313 60 317 203 334 338 214 88 227 355 104 233 240 245 374 379 125 
0 258 134 270 404 29 168 45 431 49 436 438 321 330 205 78 206 211 90 91 348 96 370 254 
2 289 36 101 167 199 392 76 109 172 206 397 305 19 57 441 315 379 30 
4 133 262 267 140 141 272 18 23 410 156 46 50 320 327 211 212 356 102 230 358 363 236 248 252 382 
1 261 263 12 147 407 282 412 417 171 172 46 433 434 307 439 441 443 324 208 209 82 213 214 351 99 103 367 376 383 
3 133 139 143 400 274 22 154 285 290 292 175 53 58 444 60 202 204 209 90 223 354 104 112 379 382 
0 136 139 141 143 399 26 413 35 419 40 44 175 53 54 309 440 59 445 319 323 324 210 214 224 225 233 361 235 366 251 380 
2 264 15 271 400 405 410 156 420 45 46 174 431 50 310 441 442 444 327 211 84 212 217 220 354 102 106 376 255 
4 385 267 403 276 25 156 157 288 416 37 295 178 437 311 68 72 205 102 231 241 115 377 
1 388 137 139 12 141 268 144 273 146 402 153 27 156 29 286 416 302 47 438 56 323 327 328 81 216 217 98 236 369 242 118 254 
3 264 267 20 408 154 292 298 48 177 58 445 63 447 324 202 330 204 335 214 87 215 220 357 105 110 112 248 
0 388 5 270 143 145 406 409 411 28 413 414 291 419 296 430 53 181 55 59 64 66 324 69 71 208 85 118 380 
2 257 262 264 265 140 142 271 145 147 275 21 149 155 32 161 419 37 166 41 46 174 55 440 441 59 444 325 329 335 84 354 101 239 367 372 245 121 381 
4 385 267 270 146 25 295 426 47 180 442 316 448 450 205 336 338 90 223 96 108 236 115 246 
4 258 388 391 393 268 141 409 158 31 416 162 299 173 301 52 56 57 184 189 198 326 74 332 333 211 342 218 108 236 237 121 
3 260 265 150 152 413 163 164 422 423 40 299 54 440 62 447 450 323 328 333 87 343 219 94 357 110 242 115 375 249 254 
0 1 3 388 390 273 275 165 298 300 54 64 324 329 208 336 339 341 93 226 355 363 111 244 118 380 125 
2 1 391 145 149 412 160 417 419 171 46 302 435 59 60 187 445 192 331 211 214 239 124 
4 263 392 268 270 271 272 153 167 43 172 180 321 450 71 327 335 336 216 217 90 96 102 360 376 378 
4 257 4 391 396 273 147 278 283 412 31 416 417 42 301 47 53 438 442 448 326 208 211 339 342 344 223 96 352 229 103 232 113 114 242 117 119 121 252 126 
3 384 394 148 152 153 420 422 423 429 305 54 62 190 195 68 200 329 332 333 80 339 343 242 253 
0 385 3 266 270 271 273 275 149 156 165 295 41 46 183 440 59 329 75 79 335 339 93 349 363 249 124 381 254 
2 260 7 391 394 26 285 160 34 35 165 166 425 304 435 446 70 331 214 347 350 232 237 122 250 124 
4 256 261 392 267 271 277 281 282 155 37 423 425 52 308 65 198 335 336 83 351 245 251 
1 384 6 392 17 274 276 283 159 288 162 163 164 168 426 49 437 186 67 82 211 343 96 106 366 
3 263 264 268 397 409 163 37 433 307 443 444 324 217 90 219 355 358 235 240 369 125 253 
0 275 158 160 34 165 426 428 179 311 315 316 68 74 75 205 79 335 338 84 86 349 359 115 248 249 254 
2 161 226 99 260 385 167 392 9 336 369 51 52 277 279 250 189 350 446 
4 128 353 130 356 40 202 332 238 112 400 18 146 243 246 310 220 351 
1 7 403 286 288 161 162 167 429 432 178 53 319 63 447 71 204 207 341 342 87 89 347 92 94 228 357 362 367 113 251 
3 192 3 165 102 229 73 170 363 12 395 339 372 438 55 280 282 443 
0 289 290 99 131 133 354 356 449 43 110 274 403 246 279 120 89 313 439 285 445 223 
2 322 355 164 450 6 391 170 270 207 176 432 434 212 437 344 440 61 254 446 
4 1 6 7 392 11 398 15 402 283 285 287 288 173 441 58 446 63 195 197 332 81 337 86 216 227 105 106 236 237 371 375 
1 134 8 136 139 12 13 277 406 407 24 283 46 177 316 226 359 236 364 113 372 249 378 123 
3 192 98 100 229 102 167 325 394 12 77 18 19 210 437 54 215 404 435 440 347 124 
0 286 65 66 225 4 288 198 291 40 325 424 108 269 176 274 55 284 61 190 223 
2 5 137 139 142 15 401 409 27 286 291 164 171 49 434 51 180 195 74 90 346 226 229 231 360 362 365 367 252 254 
4 1 2 7 396 285 177 438 440 191 195 71 328 80 337 218 91 347 350 103 232 105 106 111 117 251 
1 1 404 21 22 277 408 283 288 289 291 292 294 298 179 64 69 197 201 202 338 86 343 348 226 367 
3 383 257 4 260 8 9 140 400 145 280 408 283 284 412 30 160 35 164 167 44 304 52 437 64 194 322 198 77 347 232 365 368 113 370 373 119 255 
0 384 5 263 279 284 288 175 184 441 189 446 65 70 198 199 200 331 204 216 221 350 353 106 235 108 369 374 375 378 
2 5 11 139 140 15 401 407 24 409 412 285 286 292 294 296 297 171 49 435 182 185 187 319 195 71 72 204 205 341 229 231 365 110 241 114 121 126 
4 2 258 260 386 6 148 21 26 33 292 38 170 440 187 62 67 325 80 347 350 106 235 371 116 373 122 
4 128 192 224 227 291 201 297 109 302 111 16 303 114 334 339 21 118 122 381 63 
3 64 389 103 232 9 298 75 300 142 273 370 19 119 344 410 124 412 190 415 
0 353 36 69 261 263 104 41 266 75 294 173 14 300 209 210 83 151 376 345 443 
2 384 2 227 294 231 236 430 337 210 342 24 26 411 30 
4 193 162 418 292 325 357 136 235 301 78 206 303 145 55 121 26 413 415 
1 131 356 133 358 391 8 264 202 266 44 77 269 176 86 183 408 154 379 442 157 446 
3 388 5 294 297 10 203 299 393 207 115 404 117 278 119 120 345 409 27 414 
0 384 135 15 148 150 410 29 416 289 418 421 39 306 311 58 314 190 191 196 70 199 328 75 335 81 90 219 360 105 238 114 
2 11 269 272 157 162 290 40 296 42 301 47 179 186 449 200 205 80 89 351 359 110 115 246 380 382 
4 386 390 8 136 13 16 401 407 30 417 292 297 300 176 441 67 210 91 348 221 352 233 238 117 120 123 126 
1 133 137 23 151 408 157 32 418 291 421 424 297 309 314 317 61 199 331 78 84 358 241 243 123 127 
3 160 33 2 129 228 385 448 362 14 239 50 115 275 118 182 184 249 278 409 92 
0 385 130 134 393 11 16 404 25 415 33 289 294 44 303 304 305 319 209 340 213 351 355 236 110 241 123 126 
2 130 131 390 135 391 400 405 154 410 30 424 427 317 61 64 202 76 334 87 220 92 351 230 361 236 241 244 246 125 
1 388 5 261 393 401 275 278 406 411 163 291 168 307 53 185 187 95 231 362 365 376 126 
1 128 129 132 396 14 402 19 408 156 413 412 32 418 36 421 427 303 177 306 183 312 61 446 73 216 354 102 358 238 244 
3 398 24 409 157 413 33 427 430 303 304 308 55 439 313 315 318 64 320 194 67 205 337 210 84 223 95 362 244 247 
0 129 391 8 393 396 19 278 281 410 286 33 34 420 171 303 50 434 56 314 60 61 188 190 319 195 339 214 219 355 229 368 370 123 
2 129 132 137 399 17 22 26 410 411 421 39 40 424 431 309 55 186 60 64 325 334 215 219 225 357 230 362 235 366 240 244 246 247 251 
1 5 136 266 142 17 401 275 27 160 430 433 438 311 185 187 192 321 66 323 70 331 208 340 213 341 91 95 98 362 250 252 
1 64 289 418 36 101 198 11 171 237 396 47 399 52 308 407 216 281 59 284 253 126 
3 4 132 135 140 268 402 148 25 419 42 427 189 67 323 199 75 223 359 360 234 365 238 370 247 250 124 
0 134 8 270 144 404 149 278 25 419 424 45 436 441 188 319 326 211 85 98 355 101 229 368 370 253 
2 129 136 399 146 402 405 150 410 287 415 36 292 421 39 176 177 306 309 55 311 62 65 67 70 335 81 219 245 246 251 
1 257 138 143 146 28 160 416 417 291 422 430 51 197 70 201 340 87 357 231 362 363 368 241 250 252 253 
1 193 101 198 358 104 11 427 47 242 371 214 281 219 412 444 191 
3 132 134 139 143 144 402 405 24 410 413 159 290 418 295 42 49 180 53 312 63 65 323 70 222 228 105 
0 256 260 141 144 146 31 163 419 425 429 433 59 319 64 450 325 200 73 329 339 343 230 234 366 371 244 120 253 254 
2 261 136 265 141 14 284 160 60 446 447 194 332 81 217 222 104 107 235 366 112 371 374 
4 257 387 135 137 266 142 405 22 408 281 413 417 298 426 45 307 436 183 315 188 61 317 66 68 197 326 73 76 86 225 236 241 
1 256 263 264 149 151 152 34 166 39 422 307 436 193 327 72 76 346 347 232 242 373 374 253 
3 17 287 34 168 424 428 49 179 55 183 64 448 450 68 197 73 75 335 349 225 364 110 115 375 377 
0 416 35 228 420 76 301 79 48 114 434 244 214 439 408 154 315 410 411 318 191 
2 160 65 259 196 37 70 169 42 75 267 426 79 335 86 151 152 311 377 439 349 
4 3 261 147 20 286 161 290 422 47 446 447 200 76 207 81 82 338 343 347 351 110 113 371 118 251 380 
4 257 141 142 143 398 27 411 157 414 33 419 38 304 51 308 313 189 62 321 66 194 197 72 201 79 208 337 83 227 231 362 252 253 
3 352 34 258 262 39 40 358 172 45 268 270 144 82 309 442 155 189 254 413 
0 259 6 264 265 150 23 35 293 174 439 184 69 200 203 210 341 214 346 95 231 113 245 121 380 383 
2 192 256 355 324 197 422 234 266 144 82 146 307 436 376 90 250 414 
4 256 257 388 265 142 273 152 412 158 32 163 166 42 43 171 427 175 48 312 445 446 197 202 81 85 86 92 355 383 
1 192 258 386 68 262 296 9 137 234 393 77 206 239 368 373 182 153 26 28 124 447 
3 14 147 417 35 39 424 425 433 178 310 315 188 448 449 324 327 200 82 85 88 90 352 
0 386 4 391 269 276 280 159 161 164 293 166 295 305 178 51 310 448 449 325 94 359 110 113 375 383 
2 389 135 266 12 144 17 275 156 29 414 36 299 180 450 326 80 209 211 91 352 101 360 237 242 370 381 127 
4 271 411 42 427 428 175 176 432 313 441 60 445 318 196 203 212 86 88 92 221 351 355 240 382 
1 1 386 389 7 394 12 271 279 153 26 157 33 164 292 296 43 181 54 182 192 323 206 91 222 357 103 363 366 111 116 372 383 
3 384 130 135 8 392 269 15 147 20 404 283 417 293 44 302 439 57 199 209 212 348 353 355 358 103 363 237 245 122 
0 4 264 268 270 400 145 45 174 431 178 444 189 448 321 194 333 206 211 88 91 96 358 364 370 243 
2 381 355 261 167 10 266 172 397 206 270 209 85 119 151 57 282 91 376 29 94 287 
4 356 133 262 358 420 106 266 330 363 302 111 240 307 212 150 23 248 376 442 60 
1 1 7 13 271 273 43 434 181 182 439 187 318 324 209 213 214 92 99 228 357 361 368 246 382 
3 384 392 270 400 23 279 410 285 32 290 423 44 429 302 175 434 183 60 188 448 193 198 338 212 350 104 244 373 122 378 254 383 
0 136 9 265 141 270 274 153 26 285 423 429 179 435 63 325 200 330 333 215 94 361 109 110 366 243 251 380 
2 4 5 270 274 275 406 156 290 426 436 437 184 442 446 450 327 212 94 96 102 364 370 115 
1 96 35 68 37 166 262 293 327 267 305 178 403 436 437 281 251 382 
1 7 139 267 268 271 156 29 158 163 422 426 47 438 316 448 336 82 211 223 102 103 236 237 364 366 369 246 251 254 383 
