450 16520
18 388 267 271 22 169 173 174 303 305 435 308 185 315 337 342 217 89 349 94 103 233 106 
0 254 350 386 195 36 261 101 263 392 34 140 143 83 147 118 406 60 61 286 349 
17 129 8 137 394 396 19 405 406 414 289 419 163 421 172 174 51 310 57 444 67 73 337 362 237 365 112 369 380 
0 390 12 270 413 36 422 428 44 172 438 311 56 313 55 188 320 327 206 208 210 213 88 345 346 90 222 351 356 242 249 
12 129 131 132 263 268 397 401 275 277 407 153 409 284 158 287 289 418 163 290 298 171 302 175 48 311 312 185 60 319 320 449 66 64 196 69 200 74 203 204 206 336 84 342 216 90 220 92 96 101 363 111 370 372 118 122 123 252 382 383 
0 72 140 365 240 22 447 
21 262 390 139 396 269 399 273 405 22 155 28 286 289 298 43 183 320 323 328 334 210 346 91 348 352 356 229 100 363 112 242 126 
1 129 3 392 396 269 19 149 405 406 289 163 292 37 167 42 172 174 51 310 192 67 337 210 365 376 378 
0 390 136 395 268 143 145 18 274 25 281 160 425 298 171 176 50 308 52 54 312 313 442 63 191 448 450 69 197 327 332 82 339 341 86 230 104 364 368 247 
0 384 132 392 268 12 273 402 147 26 282 28 39 170 171 301 173 433 54 313 58 61 191 192 319 330 75 334 78 206 337 89 90 94 350 105 366 368 246 249 
0 159 255 94 295 423 71 202 395 204 103 16 337 307 439 152 93 350 127 
12 384 130 4 10 144 146 403 147 21 402 26 282 28 39 170 428 44 172 173 433 53 54 55 313 61 319 192 206 335 208 210 213 345 346 90 350 351 105 366 368 242 371 246 376 249 
0 304 97 447 
0 130 325 198 357 166 73 298 75 173 398 205 334 180 182 441 155 159 
0 226 135 394 49 308 406 56 249 124 317 31 
1 255 257 11 395 21 407 282 29 30 159 161 423 425 427 173 307 181 439 64 197 325 71 332 204 337 88 218 93 350 94 225 100 357 103 245 127 
0 256 390 397 400 401 149 277 280 153 158 32 160 34 421 294 176 51 183 311 441 187 189 446 450 69 201 76 208 339 343 216 220 223 224 103 233 108 109 238 112 379 123 380 382 
1 152 9 
2 353 289 3 228 67 163 129 8 360 328 396 365 174 172 337 51 405 310 406 
0 261 133 138 268 269 281 282 410 161 290 34 165 422 426 429 304 177 53 186 317 196 197 199 73 202 331 333 78 79 210 212 88 219 221 350 97 99 101 105 236 364 366 367 368 113 112 
0 257 135 12 16 155 29 30 159 161 294 427 301 173 437 53 181 62 64 67 197 325 88 218 245 255 
1 1 388 6 7 390 269 271 399 405 28 286 289 43 173 174 305 435 183 315 320 331 334 337 210 342 89 346 91 348 94 352 356 229 100 103 233 106 363 112 242 126 
0 260 391 139 141 402 407 159 162 291 164 294 432 50 307 53 182 55 185 189 190 318 317 199 71 75 205 82 214 346 221 350 355 101 233 237 239 369 242 378 251 
0 383 65 258 131 38 331 429 115 342 438 122 283 158 447 
1 359 391 9 298 268 332 334 364 341 
2 384 129 258 385 264 265 10 136 12 142 402 147 281 282 28 413 158 416 37 165 39 425 170 171 428 173 433 306 310 54 439 313 312 444 61 318 319 448 192 69 74 77 206 80 82 85 217 90 350 99 230 103 105 234 366 368 371 116 117 246 245 249 122 382 
0 386 36 200 170 43 432 209 338 116 409 443 379 93 61 
3 7 10 12 22 26 39 43 54 56 57 61 76 80 85 90 91 98 100 105 112 113 126 147 152 156 159 170 173 180 183 192 206 210 220 221 229 237 239 241 242 246 249 269 275 282 286 289 294 296 297 307 308 310 313 319 320 321 334 339 340 346 348 350 352 356 361 362 363 364 366 367 368 369 374 379 384 390 394 399 402 405 415 419 426 433 442 443 448 
2 257 16 21 411 414 159 30 161 34 170 427 300 173 181 313 57 188 64 195 197 325 72 73 213 88 218 91 220 352 355 231 103 236 112 245 118 120 121 127 
3 257 385 259 260 264 140 269 16 147 21 406 29 159 161 418 164 421 39 427 173 46 429 53 181 313 186 317 64 449 197 325 71 78 337 212 88 345 218 351 96 241 245 375 248 377 119 383 
1 128 449 288 422 297 46 15 240 335 114 142 115 437 372 54 344 376 158 255 
1 160 224 450 421 198 294 201 109 208 17 273 339 248 216 441 280 187 153 223 
0 449 97 99 292 69 326 70 328 392 74 267 265 331 110 77 113 404 36 124 62 
1 2 17 20 29 37 39 57 58 60 69 73 78 79 83 88 91 101 103 105 106 112 118 120 121 122 123 126 127 140 143 147 149 160 177 185 188 189 195 197 199 201 216 219 220 221 233 236 238 241 246 254 256 263 269 277 281 282 290 292 300 311 317 325 332 333 340 343 349 350 355 363 364 366 368 375 378 379 380 382 386 390 392 397 398 399 400 406 410 414 446 
0 417 37 201 428 146 251 94 319 
1 2 4 390 392 393 265 395 270 275 404 150 27 33 291 422 170 45 52 309 184 62 193 69 326 70 328 74 331 77 209 338 88 218 93 97 356 102 110 113 379 254 
3 127 258 8 264 269 398 399 143 146 281 26 416 417 34 35 292 165 39 428 185 58 192 448 69 201 332 80 210 82 340 85 217 220 94 353 99 105 106 363 236 241 371 246 375 376 122 378 126 254 
1 322 131 115 342 24 283 254 447 
4 384 127 10 12 269 398 399 143 402 147 26 282 28 30 34 292 37 170 173 433 54 313 58 185 61 319 192 73 332 206 340 90 220 350 105 106 363 236 366 368 241 246 375 249 122 378 126 254 
0 128 138 266 398 149 406 150 419 293 422 302 430 433 309 311 60 192 64 196 331 333 207 212 92 220 356 374 247 376 249 251 381 254 
0 257 325 200 232 425 307 182 
0 133 8 76 301 108 176 51 
2 384 390 7 266 139 269 399 405 22 409 27 28 286 289 48 432 50 182 183 61 320 200 334 210 346 91 348 352 356 229 100 359 363 112 242 116 377 126 127 
2 260 4 228 103 328 235 12 428 206 172 208 210 242 213 55 249 346 90 345 285 351 
0 36 102 136 79 179 404 275 54 279 86 184 218 
0 255 128 130 387 158 449 288 142 335 337 114 115 372 437 54 344 376 155 412 30 31 
0 288 231 331 238 313 188 
1 5 266 139 268 401 407 409 287 290 43 171 302 175 50 182 311 185 320 64 69 74 203 204 334 206 216 92 363 114 122 383 
1 258 133 358 365 15 340 383 
3 257 260 9 266 139 268 395 143 273 23 162 291 43 171 48 52 182 312 190 63 191 448 197 199 327 205 77 334 82 339 86 343 221 230 104 233 234 109 239 369 242 378 251 
3 289 129 3 67 163 8 42 396 365 174 172 17 337 19 117 85 405 310 406 
2 386 261 390 136 9 393 145 274 150 281 160 36 170 176 50 308 309 54 313 442 443 191 448 69 82 343 109 368 247 254 
2 260 133 135 392 264 391 12 269 402 20 21 23 30 159 293 165 423 296 294 426 301 429 175 305 307 437 309 439 182 185 58 186 189 318 317 67 196 326 71 202 331 337 210 212 219 350 97 226 99 355 101 360 235 236 237 367 112 241 113 244 374 
19 128 384 390 136 9 10 12 141 142 399 145 274 147 402 281 26 282 28 158 31 288 160 39 297 170 169 45 46 173 176 433 178 307 52 437 308 313 442 188 61 319 192 449 448 69 70 200 206 335 210 339 84 212 344 88 90 218 350 96 102 230 105 361 365 366 368 114 115 372 242 246 247 376 249 381 126 255 
3 4 389 139 12 396 141 23 164 172 44 428 307 321 75 206 208 210 213 345 346 90 351 242 249 
1 4 15 399 28 294 297 426 438 311 183 57 320 321 327 80 340 85 222 98 364 237 367 247 
4 3 399 28 29 414 34 421 294 297 426 300 183 56 188 316 321 73 80 340 85 91 98 355 103 364 237 236 367 112 118 120 121 380 127 
5 127 131 132 392 10 267 268 269 398 399 143 273 160 34 292 37 39 171 301 53 185 315 191 326 330 75 332 334 78 337 340 89 220 94 226 105 106 235 363 236 241 374 375 246 122 378 126 254 
0 257 325 133 229 200 136 74 138 172 202 270 300 141 81 242 275 340 250 218 
2 254 129 2 386 131 5 128 263 392 138 266 140 397 398 143 147 275 277 406 151 150 153 284 158 287 289 34 163 418 293 294 422 40 296 419 171 302 430 309 311 312 319 64 449 195 196 333 207 80 336 83 212 342 216 90 92 349 350 220 356 101 376 249 123 253 126 382 
6 384 2 10 12 270 402 147 409 26 27 28 282 39 170 43 427 173 432 433 54 313 319 192 200 206 90 350 105 366 368 116 246 249 
2 33 97 36 69 326 70 328 392 74 265 331 77 110 113 146 404 21 246 121 253 446 
1 9 395 143 154 297 171 433 50 179 306 312 191 448 65 322 197 327 82 339 86 222 230 104 249 
4 128 257 131 132 5 263 138 266 268 398 16 401 21 405 407 150 409 29 30 159 287 161 290 419 293 422 40 298 427 171 173 302 175 48 430 181 309 311 185 60 320 66 196 197 325 69 200 74 203 204 333 206 207 84 212 88 216 218 90 92 220 355 356 363 111 370 372 245 118 376 249 122 380 252 254 383 
2 256 257 138 141 24 281 154 283 422 429 175 433 306 438 63 329 331 84 345 349 222 223 227 231 236 118 249 122 124 383 
1 64 450 131 132 5 263 200 298 107 204 111 370 372 84 182 118 90 252 157 
4 129 3 261 135 8 396 401 274 19 21 406 150 405 410 156 413 157 414 289 163 291 294 172 301 174 176 433 51 53 437 310 440 187 444 321 198 76 337 84 218 347 220 228 102 365 
0 352 259 359 200 234 170 209 309 86 152 91 284 
6 5 9 17 26 33 34 36 37 48 52 54 62 64 70 74 77 80 82 85 92 97 99 103 110 112 113 122 123 135 136 145 149 160 165 171 175 176 185 189 201 203 204 206 216 217 220 228 233 238 247 256 258 264 265 268 274 277 281 283 287 290 302 308 311 313 320 326 328 331 343 363 368 371 374 379 380 382 383 390 392 397 400 401 404 407 409 415 416 428 442 446 448 
3 392 265 141 399 404 279 411 158 33 36 297 169 178 179 307 54 62 448 69 326 328 200 74 331 77 210 339 84 212 88 218 96 97 102 230 361 365 110 113 242 381 126 
4 255 260 262 391 264 11 395 269 16 402 23 155 30 287 159 294 423 307 53 182 439 312 185 189 318 317 204 337 93 94 350 355 101 103 362 237 127 
1 352 6 231 106 170 206 113 213 88 411 29 
3 130 3 14 20 281 282 410 29 414 34 290 421 166 39 300 177 182 57 188 317 197 199 75 333 334 79 78 82 88 91 219 221 350 355 101 103 105 236 237 366 364 368 112 118 120 121 380 127 
5 5 26 33 36 48 59 62 64 69 70 76 77 81 92 97 103 110 113 116 120 122 129 133 136 138 141 142 153 156 158 171 172 173 175 185 202 203 204 206 216 218 227 229 230 234 236 240 242 245 257 265 268 270 287 290 297 300 302 306 311 312 315 318 320 326 328 331 340 344 358 363 379 382 383 385 392 401 404 407 409 410 413 417 425 439 444 
1 256 130 132 392 10 139 268 141 14 273 23 163 166 422 171 301 307 182 55 58 445 190 191 193 73 202 330 204 334 78 336 209 337 89 346 91 94 224 233 242 116 251 
11 129 261 17 274 275 405 150 152 153 410 28 413 157 414 415 417 156 291 159 297 42 433 307 308 310 440 185 442 315 187 444 443 448 321 67 198 74 84 344 218 347 220 221 227 228 358 102 361 105 236 239 112 113 241 369 374 120 379 
4 257 129 259 385 392 137 266 265 268 141 270 142 136 273 404 405 26 282 413 158 33 289 36 293 169 425 171 428 173 50 306 439 312 185 444 62 318 321 69 70 326 328 74 331 334 97 98 230 103 234 110 368 113 243 116 245 122 382 
2 257 385 259 260 132 134 392 10 268 140 144 273 147 20 406 281 282 410 30 34 418 164 290 423 425 171 301 429 432 177 437 313 58 186 317 191 449 194 196 197 199 73 330 75 205 334 333 336 337 79 339 212 88 89 345 219 93 94 95 351 96 350 227 221 101 105 236 364 366 368 241 112 116 375 248 377 119 383 
4 20 281 282 410 413 288 34 290 420 45 177 313 188 317 197 199 73 333 78 88 219 221 350 101 105 236 364 366 368 112 370 
22 258 389 264 399 281 26 28 287 416 37 294 165 296 297 426 428 183 56 57 60 319 448 321 69 82 340 85 217 346 98 99 101 364 237 367 371 253 
1 97 257 133 229 136 74 138 172 202 270 300 240 141 242 147 115 340 218 59 
4 258 260 264 9 395 143 23 281 26 416 162 291 37 165 171 428 50 52 312 190 63 191 448 69 197 199 327 73 205 80 339 85 86 343 217 221 99 230 104 233 109 239 369 242 371 378 251 
3 2 34 324 101 195 263 392 386 267 299 140 143 274 147 406 249 60 349 254 350 
5 257 129 131 132 5 261 263 138 141 399 274 405 150 410 283 156 413 158 157 414 291 422 297 298 169 175 433 178 307 54 440 187 444 64 65 66 67 448 321 70 198 200 329 76 204 210 339 212 343 88 345 90 347 220 349 218 223 96 225 227 100 228 230 231 102 361 236 365 111 370 243 372 242 118 252 125 126 381 
5 258 264 399 281 26 28 416 37 294 165 297 426 428 51 183 56 57 448 321 194 69 80 82 340 217 98 99 364 237 367 371 
2 9 395 270 143 170 171 45 50 309 312 191 448 63 68 197 327 200 82 339 91 352 230 104 252 
0 128 178 228 
7 257 4 390 141 270 399 16 20 21 281 282 410 29 30 159 158 161 34 290 36 422 297 169 427 173 177 178 307 181 54 317 64 448 322 325 70 199 72 73 200 197 333 78 79 210 339 84 212 218 219 221 350 96 97 356 101 102 230 361 105 236 365 366 364 368 112 242 245 381 126 
3 1 132 388 392 10 268 271 273 148 22 171 301 173 174 305 435 58 315 191 330 75 78 334 337 342 94 103 233 106 373 
7 384 129 131 4 5 132 263 10 12 397 402 275 147 277 153 26 282 28 156 158 284 289 418 163 39 298 171 44 428 172 170 173 433 54 55 312 313 60 61 319 64 449 66 192 200 204 206 208 336 210 84 213 342 216 345 346 220 349 350 351 224 101 105 366 111 368 242 370 372 118 246 249 123 124 252 382 
5 256 390 7 269 399 405 22 28 29 414 286 289 34 163 422 170 43 300 309 183 57 188 445 190 320 193 68 200 73 202 75 204 334 336 209 210 86 346 348 224 352 355 356 229 100 103 233 363 236 112 242 118 120 121 251 126 127 
3 128 258 5 390 138 266 268 398 401 274 276 150 407 281 409 287 290 419 293 422 40 297 171 302 175 48 430 308 309 311 185 60 64 320 196 69 74 203 204 333 206 207 212 216 220 356 358 363 113 376 249 122 254 383 
3 255 260 134 11 395 16 144 27 159 36 423 425 170 432 307 439 196 71 204 205 78 336 209 338 339 212 337 350 95 352 94 227 103 116 379 127 
6 255 1 132 388 392 10 11 268 395 271 16 273 146 22 159 417 35 37 423 171 428 301 173 303 174 305 435 307 439 58 315 191 71 201 330 75 203 204 78 334 337 342 89 93 350 103 233 106 127 
0 386 260 134 140 144 404 279 423 425 431 432 438 311 196 205 78 336 339 212 93 227 361 116 122 379 
1 255 257 385 259 5 140 141 399 147 406 30 158 418 164 297 169 429 178 307 54 313 186 317 448 449 70 200 78 210 339 84 212 88 345 218 351 355 102 230 361 237 365 241 242 375 248 377 119 381 126 383 
8 133 392 265 13 269 20 404 33 36 165 426 429 53 438 186 62 196 69 70 326 328 74 331 77 206 81 210 212 88 99 110 367 113 
2 259 389 263 264 136 137 141 270 399 402 147 405 407 282 411 28 289 294 297 426 425 428 169 182 183 56 57 185 190 318 449 321 195 77 206 80 340 85 343 100 364 237 109 367 116 254 382 
1 258 133 264 140 269 20 281 26 416 33 37 165 426 428 429 53 186 190 448 196 69 331 80 82 210 212 85 217 97 367 113 371 
4 126 390 7 263 264 269 399 16 402 147 405 22 411 28 286 416 289 43 183 190 320 449 195 206 334 210 84 343 346 91 348 352 98 356 229 363 109 112 242 116 382 254 
5 129 2 386 131 5 263 392 391 140 397 143 402 147 20 277 406 23 275 153 281 282 284 410 158 287 160 159 34 163 418 289 294 290 296 171 177 53 182 312 185 60 189 318 319 317 449 195 197 71 199 73 333 78 79 80 336 83 342 88 216 90 219 220 349 350 221 355 105 236 237 366 364 368 112 123 253 254 382 
2 129 261 395 141 143 399 274 275 404 405 150 410 156 413 158 157 414 291 36 297 169 45 433 178 307 54 184 440 187 444 448 193 321 67 70 198 200 76 209 210 339 84 212 88 218 347 220 96 228 230 361 365 242 243 381 126 
7 1 11 16 17 22 26 29 34 44 57 69 71 73 74 77 89 91 93 94 106 112 116 118 119 120 121 122 123 127 129 136 142 149 158 159 160 171 173 174 188 189 201 204 216 220 230 233 234 236 238 245 255 256 265 271 277 300 305 306 307 311 312 315 318 337 342 343 350 355 379 380 382 385 388 390 395 397 400 413 414 423 425 435 439 444 446 
5 320 288 191 448 197 230 295 327 9 395 171 143 50 82 370 339 86 312 188 63 
8 384 127 10 12 269 398 399 143 402 147 20 275 152 281 26 282 28 410 156 415 159 34 290 292 37 39 297 170 173 433 177 307 308 54 310 313 58 185 442 61 317 319 192 443 448 197 199 73 76 333 78 79 206 332 340 88 90 219 220 221 350 101 361 106 363 364 236 366 239 368 113 241 112 369 246 375 374 249 122 378 379 126 254 
2 127 1 388 269 398 271 399 143 22 34 292 37 39 173 174 305 435 185 58 315 72 332 337 340 342 215 89 220 94 103 105 233 363 236 241 115 246 375 122 378 126 254 
0 66 291 423 398 373 348 
1 17 42 274 142 199 
5 263 264 17 402 147 280 153 411 32 160 421 294 50 52 441 443 187 190 191 448 449 450 195 201 206 208 82 339 343 223 224 98 100 116 254 382 
7 33 97 36 69 70 326 328 392 74 394 265 77 331 401 113 404 376 62 
2 64 66 131 132 5 263 200 298 204 270 370 84 277 372 118 90 252 
9 3 7 17 20 22 28 29 34 43 53 57 69 73 76 78 79 88 91 100 101 103 105 113 118 120 121 123 126 127 128 149 152 156 159 160 177 183 188 189 197 199 201 207 210 216 219 220 221 229 233 236 238 239 241 242 256 266 269 275 277 281 282 286 289 290 297 300 307 308 310 311 314 317 320 330 333 334 343 346 348 350 352 355 356 361 363 364 366 368 369 374 379 380 382 390 397 399 400 405 410 414 415 442 443 446 448 
10 133 390 392 265 269 274 275 20 404 152 281 153 410 28 156 415 159 33 417 36 165 297 426 429 304 307 308 53 310 186 315 442 443 62 448 196 69 70 197 72 329 74 328 76 77 326 331 210 212 344 218 92 220 221 97 99 227 358 105 361 236 110 367 112 241 239 369 374 120 379 
2 31 128 449 288 46 335 48 142 115 148 437 54 372 344 376 158 255 
3 128 131 142 24 283 158 31 288 38 46 437 54 447 449 324 335 81 342 344 349 106 114 372 376 249 255 
8 129 385 260 134 263 264 265 136 142 400 144 402 147 407 409 26 27 411 413 158 423 425 43 300 173 171 432 306 439 312 444 61 190 318 449 195 196 200 74 75 77 78 205 336 206 339 212 343 93 95 98 227 100 357 230 103 234 109 245 122 254 382 
0 208 233 26 51 276 
8 257 2 131 132 5 263 138 141 283 29 414 34 422 298 300 175 57 188 64 65 66 200 73 329 204 84 345 90 91 349 223 352 355 227 103 231 236 111 112 370 372 120 121 252 127 
14 257 385 259 140 147 406 30 418 164 428 429 303 178 313 186 317 449 78 212 345 351 96 103 241 375 248 377 383 
0 279 153 410 156 29 414 417 34 297 300 57 186 315 188 73 74 76 344 218 91 355 227 358 103 236 112 113 118 121 379 127 
6 414 34 130 355 230 103 73 330 236 300 112 118 120 57 91 188 29 62 127 
9 126 129 386 385 388 5 254 127 136 265 140 268 142 399 143 401 398 269 404 407 24 409 26 413 158 287 34 290 292 37 39 425 171 429 302 431 48 175 306 173 438 311 439 313 58 312 444 185 318 64 65 320 69 74 331 204 77 206 203 332 340 216 92 220 95 230 103 105 106 234 363 236 241 116 245 246 375 378 382 383 
3 256 129 131 5 390 397 400 17 275 149 277 153 284 157 158 160 289 34 163 418 171 311 312 60 189 446 319 449 69 201 336 342 343 216 90 220 101 103 233 238 239 112 379 380 382 
1 33 65 258 133 140 15 90 
0 434 84 341 334 
18 385 390 7 141 398 399 143 269 405 22 28 285 286 158 160 289 34 292 37 39 167 297 169 43 178 307 54 183 185 58 60 320 448 70 200 332 334 210 339 84 212 340 88 217 346 91 348 218 220 96 352 100 356 102 229 230 105 106 361 363 365 236 112 241 242 246 375 122 378 381 254 127 
11 254 261 136 11 395 269 398 399 16 143 29 414 159 34 292 37 39 423 43 300 307 439 57 58 185 188 71 73 204 332 337 340 91 220 93 94 350 355 103 105 106 361 363 236 112 241 118 375 120 121 122 246 378 126 255 
6 394 138 266 142 398 150 158 31 288 419 293 422 40 46 302 430 437 54 311 312 309 60 64 449 196 333 335 207 337 212 87 344 92 220 356 112 369 114 115 372 376 249 254 255 
10 385 3 131 5 261 8 265 136 396 397 270 410 142 274 19 147 277 406 275 150 153 26 405 284 156 157 414 288 289 418 163 291 158 413 295 425 171 172 173 174 433 306 51 181 310 439 440 312 187 60 188 190 319 318 449 321 67 195 444 198 74 76 77 336 337 84 342 216 90 347 220 218 224 228 101 102 103 230 234 365 116 245 122 123 382 
2 166 73 75 12 139 14 46 364 334 146 428 144 335 182 376 121 
9 129 132 5 263 267 397 399 275 277 24 153 283 284 158 160 289 418 163 38 422 298 171 312 58 315 60 447 64 449 66 319 200 204 336 84 342 216 90 220 226 101 111 370 115 372 118 123 252 382 
10 131 5 391 392 263 10 268 273 416 298 171 301 58 191 64 66 200 330 75 204 78 334 337 84 89 90 94 111 370 372 118 252 
3 257 136 138 141 270 269 20 165 42 426 172 300 429 49 53 186 59 196 74 202 331 81 210 340 212 218 97 99 229 367 113 242 124 
1 450 227 196 260 423 425 205 78 400 336 432 339 116 212 144 343 218 93 95 
1 226 67 69 294 169 394 301 15 308 21 53 437 249 251 317 
12 129 257 259 385 133 390 9 138 137 265 141 270 142 145 274 405 281 26 282 413 158 160 289 169 425 171 172 45 300 428 176 177 306 173 52 308 54 439 312 313 442 59 185 444 318 321 69 74 202 77 81 340 218 98 229 230 103 234 368 370 242 116 245 247 122 382 127 
1 353 98 3 259 289 321 136 425 169 428 77 270 141 405 185 378 282 446 318 
7 128 257 133 136 266 268 397 270 141 398 20 150 283 419 293 422 40 297 172 300 302 175 304 430 309 311 59 60 64 65 196 329 74 202 333 207 81 84 340 212 345 218 92 349 220 223 227 356 229 231 236 242 118 376 249 254 
4 130 262 7 328 266 43 75 396 334 141 48 273 50 307 148 182 23 55 346 155 
4 257 2 386 259 385 6 263 392 143 147 404 406 30 34 418 164 429 431 438 313 186 60 317 449 195 324 78 83 212 345 349 350 95 96 224 351 99 101 241 119 375 377 122 248 124 254 383 
6 257 259 133 136 137 138 139 270 399 400 405 23 282 283 158 289 422 425 297 169 172 300 428 175 178 307 54 55 185 59 318 448 65 321 70 200 329 74 75 202 77 81 210 339 84 340 212 88 345 346 218 349 223 96 98 227 229 102 231 230 361 236 365 242 118 381 126 
11 128 129 385 136 265 276 26 413 158 31 288 425 171 173 46 306 437 54 439 312 444 318 449 74 77 335 344 230 103 234 108 114 115 116 372 245 376 122 382 255 
6 384 254 2 386 263 392 9 395 140 269 398 399 147 406 34 292 37 39 171 50 434 312 185 58 60 63 191 448 195 197 327 332 82 83 339 340 86 220 349 350 227 101 102 230 104 105 106 363 236 241 246 375 122 378 126 127 
4 130 260 134 12 146 403 423 425 428 303 432 196 205 78 335 336 210 339 212 93 95 227 235 116 376 
1 160 69 390 136 9 176 368 274 211 52 308 54 247 281 442 313 
5 417 130 35 37 201 12 428 335 144 437 376 412 62 94 
9 384 129 2 386 383 259 257 263 264 392 10 12 140 143 402 385 406 26 411 28 282 30 288 34 418 164 39 295 170 173 429 433 181 54 313 186 60 61 190 319 192 317 449 195 78 206 81 338 83 212 343 345 90 349 350 351 96 224 98 100 101 105 109 238 366 368 241 116 246 119 375 249 377 248 382 254 
0 89 114 139 
2 256 390 8 397 400 17 277 415 160 34 40 311 189 446 69 201 333 343 216 220 103 233 238 112 123 379 380 382 
16 128 129 261 393 138 395 266 398 274 405 409 410 156 413 157 414 419 36 293 422 291 40 170 302 430 433 52 309 311 440 187 60 444 64 193 321 67 196 198 76 333 207 209 84 341 212 218 347 92 220 356 228 102 376 249 254 
0 192 385 60 260 
2 393 11 18 275 28 156 159 415 297 307 308 310 442 443 448 68 76 220 221 105 361 239 112 113 241 369 374 379 
4 129 131 5 269 397 17 275 277 280 410 156 284 158 32 417 160 163 418 421 294 289 297 171 437 312 441 315 60 187 319 449 450 201 74 76 208 336 339 212 342 344 216 90 218 220 223 224 227 101 358 236 109 113 120 123 379 382 
0 65 195 433 306 249 222 63 
1 257 162 325 357 71 7 262 298 139 396 328 46 14 273 241 339 21 441 198 446 159 
1 129 261 272 274 275 405 150 152 153 410 28 413 157 414 415 417 159 291 297 433 307 308 310 440 442 315 187 444 443 448 321 322 67 198 74 76 84 340 344 90 347 218 220 221 227 228 102 358 105 361 236 239 112 113 241 369 374 120 379 
23 129 261 391 274 405 150 410 156 413 414 291 166 173 433 440 187 444 321 66 67 198 76 84 218 347 220 223 228 102 123 
13 128 129 382 131 385 5 136 265 141 142 397 399 17 275 277 24 153 26 284 413 31 288 289 418 163 297 169 425 171 173 46 178 307 306 437 54 439 312 60 444 318 319 448 449 70 200 74 77 335 336 210 339 84 212 342 88 344 90 216 220 218 96 101 102 103 230 361 234 365 367 114 115 116 372 242 245 376 122 123 381 126 255 
12 255 257 391 11 395 14 16 402 275 21 23 152 310 155 28 29 30 156 415 161 294 423 297 298 427 300 173 307 308 53 181 439 182 441 185 442 443 189 318 317 64 448 197 325 71 76 204 337 88 218 220 93 94 350 221 355 101 357 103 105 361 237 239 112 113 241 369 245 374 379 127 
8 256 131 390 136 9 267 269 397 399 400 17 145 274 149 277 280 153 281 283 415 32 34 421 294 176 52 308 54 311 313 58 315 442 441 187 189 446 450 69 201 208 339 343 216 220 223 224 226 101 103 233 109 238 112 368 374 247 123 379 380 126 382 
5 64 257 197 325 427 173 16 20 21 181 245 88 218 29 30 159 
2 257 260 23 155 291 50 446 190 321 196 198 199 205 82 339 221 353 233 239 241 369 242 378 251 253 
6 256 129 3 131 5 8 396 397 19 275 405 406 277 153 284 158 289 418 422 171 172 174 51 310 312 60 445 190 319 193 449 67 202 75 204 336 209 337 342 216 90 91 220 224 101 229 233 365 242 123 251 382 
5 257 385 259 140 273 147 406 23 30 418 429 55 313 186 317 449 78 212 345 351 96 241 373 119 375 377 248 383 
7 258 133 264 269 20 281 26 416 37 426 428 429 306 53 186 448 196 69 331 80 82 210 212 85 217 97 99 356 367 113 371 381 
4 130 200 73 232 75 14 334 182 157 
0 8 433 376 251 126 
0 327 359 
0 1 259 135 136 137 141 270 399 403 405 282 158 289 425 297 428 303 178 307 308 54 185 318 448 321 70 200 203 77 210 339 84 212 88 217 218 349 96 98 102 230 361 365 242 381 126 
10 384 393 10 12 402 147 150 26 27 28 29 411 282 36 39 173 433 52 309 54 313 61 319 192 68 72 200 206 209 338 213 86 90 91 93 350 352 231 105 366 368 246 249 379 254 
14 5 9 10 26 48 50 58 60 63 64 69 74 75 77 78 82 86 89 90 92 94 101 103 104 116 122 123 129 131 132 136 142 143 153 158 163 173 175 185 191 197 203 204 206 216 220 230 234 245 265 268 273 275 277 284 287 289 290 301 302 306 311 312 318 319 320 327 330 334 336 337 339 342 362 363 382 383 385 392 395 397 401 407 409 413 418 425 439 444 448 449 
8 129 257 3 4 133 8 136 138 12 141 270 396 19 405 406 289 163 44 428 300 174 306 51 181 310 55 59 188 67 74 202 206 208 81 210 337 340 213 345 90 346 218 351 229 365 242 249 
15 384 1 129 257 388 385 136 265 10 12 14 142 16 271 402 147 21 22 26 282 28 29 30 157 158 159 161 413 39 425 170 171 427 174 305 433 435 306 181 54 439 312 313 315 444 61 318 319 64 192 197 325 74 77 206 337 342 88 89 90 218 94 350 230 103 105 106 233 234 366 368 116 245 246 249 122 382 
5 1 129 3 388 390 8 396 271 19 405 22 406 289 163 172 173 305 51 435 310 315 67 337 340 342 89 94 103 233 106 365 
10 257 5 138 268 141 401 407 409 283 287 290 293 422 423 296 171 302 48 305 307 53 309 439 311 185 64 65 320 69 329 74 202 204 203 206 209 84 216 345 219 92 349 223 226 227 231 360 363 236 237 241 118 122 383 
3 160 385 67 260 69 390 136 9 42 368 17 145 274 52 308 54 247 281 442 313 
16 136 20 281 282 410 34 290 317 197 199 73 333 78 79 336 343 88 219 221 350 101 105 236 364 366 112 368 
8 141 399 412 158 169 297 307 54 448 70 200 210 339 84 212 87 88 218 96 102 230 361 365 242 119 381 126 
2 263 45 70 63 
1 448 419 296 237 14 371 339 346 28 
6 129 257 16 147 21 29 30 159 288 161 295 427 172 173 315 190 64 197 325 215 88 218 224 245 
6 130 391 266 139 14 402 23 159 166 294 41 43 48 50 53 185 189 318 317 66 71 73 75 334 350 98 355 101 237 
6 390 7 269 399 17 405 22 28 286 289 294 424 297 426 43 56 57 320 321 324 334 80 210 340 85 342 346 91 348 352 98 100 356 229 363 364 237 367 112 242 126 
3 36 102 200 45 275 404 218 
7 383 1 254 259 5 391 136 137 268 141 270 143 399 401 402 398 269 405 23 407 409 282 159 287 289 34 290 292 37 294 39 169 425 171 428 302 175 48 303 308 53 182 311 58 189 317 318 64 321 320 69 71 74 203 76 77 206 204 332 340 216 217 92 349 350 220 98 355 101 105 106 363 236 237 241 246 375 122 378 126 127 
6 257 385 259 133 140 269 147 20 406 30 418 164 165 426 429 302 53 313 317 449 196 331 78 210 212 345 351 96 97 99 367 113 370 241 119 120 377 375 248 383 
3 129 261 17 274 405 150 280 153 410 156 157 413 414 32 160 291 421 294 433 440 441 444 321 450 67 196 198 201 203 76 208 339 84 218 347 220 223 224 228 102 109 253 
12 129 4 397 272 29 414 34 172 300 47 54 57 73 79 91 355 103 104 236 112 118 120 121 127 
10 256 390 391 397 400 17 402 149 277 23 159 160 34 294 305 53 182 311 185 317 318 446 69 71 201 343 216 348 220 350 355 101 103 233 237 238 112 123 379 380 382 
7 256 129 260 263 264 402 147 23 411 288 162 163 291 422 295 50 181 445 193 449 195 199 202 75 204 205 206 336 209 82 343 91 221 224 98 99 100 233 109 239 369 242 116 378 251 254 382 
7 132 392 9 10 395 268 143 273 275 171 300 301 50 52 312 58 63 448 197 327 330 75 78 334 337 82 339 86 343 89 94 230 104 109 
11 384 8 10 12 269 402 147 151 408 26 282 28 37 39 40 170 173 433 54 313 61 319 206 210 90 350 358 105 366 368 246 247 376 249 378 251 381 
0 256 259 395 150 163 36 291 422 445 190 202 75 204 336 209 91 224 102 233 234 242 251 
0 303 403 85 78 278 
11 129 2 386 263 264 392 140 143 402 147 406 154 411 29 34 436 60 190 449 206 83 343 349 350 98 354 100 101 361 109 116 382 254 
9 128 260 5 133 134 138 266 269 398 144 20 150 287 162 419 165 422 423 40 425 426 293 429 302 430 432 53 309 311 186 187 60 64 331 205 78 333 336 207 210 339 212 92 93 220 95 97 99 227 356 230 367 113 116 376 249 254 
11 257 9 395 143 16 20 21 406 281 282 410 29 30 159 161 34 290 171 427 173 177 50 181 312 317 63 64 191 448 325 327 199 73 333 78 79 82 339 86 88 218 219 221 350 101 230 104 105 236 364 366 112 113 368 245 
7 129 257 389 261 14 274 405 150 410 155 156 157 413 414 32 162 291 433 440 187 444 446 321 67 76 339 84 218 347 220 228 102 364 241 382 
10 260 20 23 281 282 410 34 162 291 290 177 50 315 317 190 197 73 205 78 79 333 82 88 219 221 350 101 105 233 108 236 366 239 112 369 242 368 364 378 251 
11 131 132 5 263 141 399 409 27 158 166 41 169 43 170 298 297 432 178 307 309 54 184 59 61 64 448 66 68 70 204 210 339 84 212 86 88 90 91 218 96 352 102 230 361 365 111 370 242 116 372 118 252 381 126 
11 256 385 260 390 392 397 400 17 146 149 277 280 153 283 415 32 160 34 35 417 37 421 294 428 311 441 442 187 189 446 450 69 208 339 343 216 220 94 223 224 103 233 109 238 112 374 123 379 380 382 
4 256 257 133 136 138 11 268 141 270 20 163 293 422 423 296 172 300 175 304 305 307 53 309 439 59 445 190 193 74 75 204 336 81 209 340 218 91 219 224 226 229 360 233 236 237 241 242 251 
2 5 268 401 407 409 287 290 169 171 302 175 48 311 185 187 64 320 69 74 204 206 216 92 94 363 122 383 
13 256 255 383 131 132 5 263 11 395 268 16 401 407 409 159 287 290 163 420 422 423 298 171 302 175 48 307 439 311 185 445 190 64 193 66 320 69 71 200 74 75 202 203 206 336 209 337 84 216 90 91 92 93 94 350 224 103 233 363 111 242 370 372 118 122 251 252 127 
5 260 134 14 144 23 162 291 423 296 425 432 50 190 321 196 199 78 336 82 339 212 93 221 95 227 233 364 239 369 242 116 246 378 251 
16 383 384 4 5 263 264 10 12 268 401 402 147 407 409 26 411 28 282 415 287 290 39 170 171 44 172 173 175 48 428 302 433 54 55 311 185 313 61 190 319 64 192 449 195 320 69 72 74 203 204 208 210 213 343 216 345 90 346 92 350 351 97 98 100 105 363 109 366 368 242 116 246 249 122 254 382 
1 128 391 138 266 398 150 419 293 422 423 40 302 430 309 311 314 60 64 448 196 330 333 212 220 92 221 356 112 376 249 254 
6 4 12 17 280 153 32 160 421 294 299 44 172 428 55 441 187 450 201 206 210 339 213 345 90 346 351 223 224 109 242 117 249 
8 256 395 150 27 163 36 291 422 170 175 445 190 193 68 202 75 204 336 338 91 93 224 102 233 242 251 379 
14 4 133 390 7 8 394 12 141 269 399 144 20 405 22 28 158 286 289 37 165 169 426 43 44 172 428 429 297 178 307 53 54 55 183 186 192 320 448 196 70 200 331 206 334 208 339 84 213 212 88 345 90 91 348 346 218 351 96 97 352 99 100 356 102 229 230 361 363 365 367 112 113 242 376 249 378 381 126 
0 145 345 245 277 
12 20 30 40 53 54 60 64 70 78 84 88 92 93 95 96 97 99 102 113 116 119 126 128 133 134 138 140 141 144 147 150 153 158 164 165 169 178 186 196 200 205 207 210 218 220 227 230 241 242 248 249 254 257 259 260 266 269 293 297 302 307 309 311 313 317 321 331 333 336 339 345 351 356 361 365 367 375 376 377 381 383 385 398 399 406 418 419 421 422 423 425 426 429 430 432 448 449 
4 4 12 397 404 411 29 170 44 172 429 428 55 72 206 208 210 345 90 346 351 352 231 242 249 
1 248 280 448 230 23 
0 424 106 299 181 
15 256 129 131 5 390 268 397 400 17 401 275 149 277 407 153 409 284 158 287 32 160 34 163 418 289 290 171 302 175 48 311 312 185 60 189 446 319 64 449 320 69 201 74 203 204 206 336 342 343 90 92 220 101 103 233 363 238 112 122 123 379 380 382 383 
9 1 258 264 281 26 416 37 165 169 428 303 308 185 448 69 80 82 85 349 351 99 371 251 126 
21 16 21 29 30 36 45 54 59 64 67 70 74 76 81 84 88 96 102 113 120 126 129 133 134 136 138 141 150 153 156 157 158 159 161 169 172 173 178 181 184 187 197 198 200 202 210 212 220 227 228 229 230 236 242 245 257 261 270 274 275 291 297 300 307 315 321 325 327 339 340 344 347 358 361 365 379 381 399 404 405 410 413 414 417 427 433 440 444 448 
12 20 278 281 282 410 34 290 293 423 296 175 177 305 307 53 309 439 317 197 199 73 202 333 78 79 88 221 350 226 101 360 105 236 237 366 364 112 241 368 
17 5 17 28 29 34 37 39 40 58 60 64 67 69 76 84 90 92 101 102 103 105 106 112 113 122 123 126 127 128 129 131 138 143 149 150 152 153 156 157 158 159 160 163 171 185 187 189 196 198 201 207 212 216 218 221 228 233 236 238 239 241 246 249 254 256 261 266 269 274 275 277 284 286 289 291 292 293 297 302 307 308 309 310 311 312 319 321 332 333 336 340 342 343 347 354 356 361 363 369 374 375 376 378 379 380 382 390 397 398 399 400 405 410 413 414 415 418 419 422 430 433 440 442 443 444 446 448 449 
13 260 266 275 20 23 152 281 282 410 28 156 159 415 34 162 291 290 297 430 177 50 307 308 310 314 442 443 317 190 448 197 199 73 330 76 205 78 79 207 333 82 88 219 220 350 101 105 233 361 236 364 366 239 112 113 242 368 241 369 374 378 251 379 
3 320 65 4 327 433 306 438 311 56 249 154 63 
12 257 138 141 17 280 153 283 157 32 160 289 421 294 422 175 441 187 65 450 201 329 208 339 84 345 349 224 227 231 364 109 236 118 382 
2 256 129 140 17 147 280 153 32 160 288 163 421 422 295 294 433 181 441 187 445 190 193 450 201 202 75 204 208 209 336 339 90 91 223 233 109 242 251 
0 16 84 
3 131 135 394 267 15 399 160 293 423 296 175 305 307 308 53 309 439 58 315 317 202 219 360 236 237 241 242 249 
13 257 260 134 138 141 143 144 153 410 283 156 417 422 423 425 297 175 432 436 315 65 196 329 74 76 205 78 336 339 84 212 344 345 218 93 349 95 223 358 231 236 113 116 118 120 379 
8 129 261 274 19 405 150 410 156 413 157 287 414 291 44 433 440 187 444 321 67 69 198 76 84 87 218 347 220 102 
11 257 133 390 7 136 138 141 270 399 269 405 22 28 286 289 163 295 43 172 300 183 59 320 74 202 334 81 210 340 218 91 348 346 352 100 356 363 112 242 126 
17 129 385 136 9 265 395 141 142 143 399 26 413 158 169 297 171 425 173 50 178 307 306 54 439 312 444 318 63 191 448 196 197 70 327 200 74 77 82 210 84 212 86 214 88 339 218 96 102 103 104 361 234 365 242 116 245 121 122 381 126 382 
3 257 138 141 411 283 29 290 422 170 47 175 447 65 72 329 84 213 345 349 223 352 227 236 118 
1 248 41 266 166 
12 256 1 260 388 390 397 271 400 17 149 22 23 277 160 34 162 163 291 422 173 174 305 50 435 311 315 189 190 445 446 193 69 199 201 202 75 204 205 336 209 82 337 342 343 216 89 91 220 221 94 224 103 106 238 239 112 369 242 117 378 123 251 379 382 380 
1 129 385 136 265 142 26 413 158 425 171 173 50 306 439 312 444 318 193 450 68 74 77 230 103 116 245 122 382 
0 326 392 44 301 269 144 369 276 53 374 376 58 251 351 
14 20 29 34 37 39 53 57 58 65 73 74 76 78 79 84 88 91 101 103 105 106 112 113 118 120 121 122 126 127 138 141 143 153 156 175 177 185 188 197 199 202 218 219 220 221 223 226 227 231 237 241 246 254 257 268 269 281 282 283 290 292 293 296 297 300 304 305 307 309 315 317 329 332 333 340 344 345 349 350 355 358 360 363 364 366 368 375 378 379 398 399 410 414 417 422 423 439 445 
8 3 391 399 402 23 28 414 159 419 421 293 423 296 297 426 294 175 305 307 180 53 182 183 56 57 185 309 439 189 318 317 448 321 71 73 202 80 339 340 85 219 350 96 98 226 355 101 360 236 364 367 241 380 
18 256 390 397 400 17 147 149 277 279 160 34 47 311 189 446 69 201 329 343 216 220 354 103 233 112 372 123 379 380 382 
6 260 275 23 152 28 156 159 415 162 291 297 50 307 308 310 442 443 190 448 199 76 205 82 220 221 348 105 233 361 112 113 242 241 369 374 248 378 123 251 379 
2 81 74 6 31 
15 28 30 34 37 39 53 58 76 78 96 105 106 112 113 119 122 126 127 140 143 147 152 155 156 159 162 164 175 185 186 198 202 212 219 220 221 226 236 237 239 246 248 254 257 259 269 275 292 293 296 297 305 307 308 309 310 313 317 332 339 340 345 351 360 361 363 369 374 375 377 378 379 382 383 385 398 399 400 406 415 418 423 429 439 442 443 446 448 449 
15 4 7 12 22 23 28 43 44 50 54 55 59 70 74 75 81 82 84 88 90 91 96 100 102 112 126 133 136 138 141 158 162 163 169 172 178 183 190 193 199 200 202 204 205 206 208 209 210 212 213 218 221 224 226 229 230 233 239 249 251 256 257 260 269 270 286 289 291 297 300 307 320 334 336 339 340 345 346 348 351 352 356 361 363 365 369 378 381 390 399 405 422 428 445 448 
0 84 77 102 327 
0 385 360 53 310 278 285 
18 129 257 385 136 265 142 16 21 26 29 30 159 158 161 413 425 171 427 173 306 181 439 312 444 318 64 197 325 74 77 211 88 218 230 103 234 116 122 254 382 
13 384 254 10 12 269 398 143 399 402 147 26 282 28 412 34 292 37 39 170 173 433 54 185 58 313 61 62 319 192 330 332 205 206 340 90 220 350 105 106 363 236 366 368 241 375 249 122 378 126 127 
4 390 136 9 145 274 281 160 288 40 176 433 52 308 54 56 313 442 192 69 338 363 368 249 251 381 
7 257 385 259 140 147 406 30 32 418 164 429 313 186 317 449 78 212 214 345 351 96 232 239 241 119 375 377 383 
5 128 384 4 135 10 138 12 394 266 15 398 402 147 150 26 154 28 282 419 293 422 39 40 170 44 172 173 428 302 433 306 430 308 309 54 55 311 313 60 61 317 63 64 65 192 319 196 333 206 207 208 210 83 212 213 345 90 346 92 220 222 351 350 226 356 105 366 368 242 115 246 247 376 251 381 254 
1 59 316 341 
14 256 260 135 23 162 35 163 291 422 167 40 433 50 445 190 192 193 199 202 75 204 205 336 209 82 217 91 221 224 360 233 235 239 369 242 247 249 378 381 
3 64 66 131 132 5 263 200 298 204 111 370 84 372 86 118 90 
1 319 162 101 296 80 369 344 187 60 412 62 287 
19 128 382 2 386 263 264 393 138 392 140 266 398 143 399 269 402 147 150 406 411 34 419 36 37 38 39 40 422 170 293 292 302 430 52 309 311 185 58 60 190 64 449 195 196 332 333 206 207 83 212 340 343 92 220 349 350 98 100 101 356 105 106 363 236 109 241 116 245 246 375 376 249 122 378 126 127 
8 128 11 395 142 16 21 158 159 31 288 423 46 307 437 54 439 314 449 71 204 335 337 339 344 93 94 350 96 103 114 115 372 376 127 
16 390 397 400 17 149 277 160 34 163 422 311 189 190 445 446 65 193 69 201 202 75 204 336 209 343 216 91 220 224 103 233 238 112 242 372 123 251 379 382 380 
17 385 259 133 136 138 266 140 141 268 270 16 273 147 21 406 155 283 29 30 159 161 162 418 164 422 41 427 172 173 300 175 429 50 181 313 186 59 317 446 64 65 449 197 198 325 329 74 202 77 78 334 81 339 84 212 340 88 345 218 349 223 96 351 227 229 231 236 366 241 242 245 118 119 248 377 375 383 
8 264 24 281 26 416 37 165 428 49 442 317 448 449 69 80 82 85 217 92 99 371 124 
10 257 385 136 137 393 140 141 270 147 405 406 282 30 289 418 164 169 425 428 429 185 186 313 317 318 193 321 449 68 325 77 78 212 345 351 96 98 241 119 248 377 375 383 
16 134 264 269 144 23 151 30 162 291 423 425 44 176 432 50 53 190 196 71 199 201 205 78 336 337 82 339 212 93 221 95 227 233 239 369 242 116 378 251 
9 129 2 274 20 405 150 410 156 157 413 414 291 433 52 440 187 444 321 67 198 76 84 345 218 347 220 228 102 127 
2 71 296 7 328 139 396 273 378 155 
14 2 131 132 5 386 264 392 140 143 272 402 147 406 279 411 34 298 179 60 190 64 449 66 195 200 204 206 83 84 343 90 349 350 98 100 101 109 111 370 116 372 118 252 254 382 
10 258 260 263 269 402 147 281 26 411 30 416 37 165 428 53 190 448 449 195 69 71 206 80 337 82 85 343 217 98 99 100 109 371 116 254 382 
16 129 385 136 392 142 399 404 26 413 158 33 36 425 171 173 306 439 312 444 62 318 69 70 326 328 74 331 77 97 230 103 234 110 113 116 245 122 382 
8 128 257 138 139 268 398 273 275 150 419 293 422 40 43 302 430 48 50 309 182 311 314 60 64 448 196 330 77 334 207 333 212 92 220 221 356 232 112 376 249 254 
1 160 1 33 131 226 399 83 58 315 
11 384 257 132 5 392 9 10 138 266 273 401 20 407 25 409 287 290 422 298 171 301 302 175 48 304 50 311 185 58 191 64 320 69 74 75 202 77 78 203 204 206 332 334 337 341 216 89 92 94 359 363 236 364 122 330 383 
22 254 260 133 390 7 8 264 392 398 143 399 403 20 405 22 278 153 28 30 286 160 289 34 292 37 165 39 426 43 429 53 183 185 58 186 192 320 196 326 71 331 332 334 337 210 212 340 346 91 220 348 352 97 99 100 229 356 105 106 235 236 363 367 112 113 241 242 246 374 376 375 122 378 126 127 
13 129 257 259 4 133 390 136 137 138 141 405 282 289 36 422 169 425 172 300 428 185 59 61 318 321 74 202 77 81 340 86 88 218 98 354 356 229 111 242 
4 1 388 103 233 106 173 174 430 305 337 435 22 342 89 315 94 
0 263 406 281 156 381 188 
9 257 132 262 7 392 10 139 266 268 396 155 32 164 171 301 50 58 191 328 330 75 77 78 334 337 89 94 357 
13 129 261 390 136 9 145 405 150 281 410 156 157 413 415 160 414 291 297 176 433 52 308 54 440 313 442 187 444 321 67 69 198 76 83 84 218 347 92 220 228 102 108 365 368 113 247 
18 129 131 5 266 397 404 277 152 153 28 156 158 159 284 289 418 163 36 415 297 171 45 307 308 310 184 312 442 59 60 443 191 319 449 448 76 336 342 216 90 218 220 221 101 102 105 361 239 112 113 241 369 374 123 379 382 
1 360 235 92 117 142 
19 256 129 131 5 390 393 397 400 17 275 149 153 284 158 160 289 34 163 418 171 311 312 60 189 446 319 449 69 201 336 211 342 343 216 90 220 101 103 233 238 111 112 123 379 380 382 
1 287 194 269 244 219 319 
1 70 263 363 45 238 120 95 
7 32 160 224 450 421 294 201 396 109 208 17 339 214 153 314 187 441 223 
15 258 390 136 9 264 272 145 274 20 26 282 410 160 416 34 290 37 165 297 428 176 177 52 308 54 313 442 317 448 65 69 197 199 73 333 78 79 80 82 85 88 217 219 92 221 350 99 101 105 236 364 366 112 113 368 371 247 
20 384 259 136 137 10 12 141 270 16 402 147 20 405 281 26 410 28 289 34 290 39 169 170 425 428 173 177 433 54 185 313 61 318 319 192 321 317 197 199 73 77 78 79 206 333 88 90 219 221 350 98 101 105 236 364 366 112 368 246 249 
4 257 131 138 141 399 24 415 160 38 422 424 175 442 317 447 65 69 201 329 84 342 345 349 223 227 231 236 115 118 374 
1 129 131 5 397 275 277 153 158 289 418 163 293 171 300 312 60 319 449 68 325 336 342 216 90 220 101 123 382 
1 369 44 244 126 
7 2 390 7 269 399 402 405 22 28 289 43 183 445 320 334 210 345 346 91 220 348 352 100 229 356 363 112 242 126 
23 5 268 396 401 278 407 409 290 296 171 302 175 48 311 185 60 319 64 320 196 69 71 74 203 204 206 80 216 92 228 101 363 122 253 383 
12 128 129 142 147 158 31 295 46 47 181 54 437 190 449 79 335 344 224 104 114 115 372 247 376 255 
16 129 3 131 5 259 7 8 136 137 390 396 141 269 270 397 399 19 275 277 22 406 405 153 282 28 284 158 286 418 163 169 425 43 171 172 174 428 51 310 183 312 185 60 318 319 320 321 449 67 77 334 336 337 210 342 216 90 91 220 348 346 223 352 98 100 101 229 356 363 365 112 242 123 126 382 
18 5 268 401 20 407 281 282 409 410 287 34 171 299 302 175 48 177 306 311 185 317 64 320 69 197 199 73 74 203 204 333 78 79 206 88 216 219 92 221 350 101 231 105 363 236 364 366 112 368 122 383 
18 129 260 261 395 274 405 150 23 410 156 157 413 414 162 36 433 50 440 187 444 190 193 321 67 198 199 76 205 209 82 84 218 347 220 221 228 102 233 107 239 369 242 378 251 
12 127 8 269 398 143 399 33 34 37 39 185 58 326 332 340 220 351 105 106 363 236 241 246 375 122 378 254 126 
11 128 138 266 398 150 284 419 422 423 40 296 427 302 175 430 305 307 53 309 439 311 60 64 196 202 77 333 207 212 219 92 220 226 356 360 236 237 241 376 249 254 
9 135 391 399 17 402 21 23 280 153 28 159 32 160 421 297 426 301 53 182 183 56 57 185 187 60 189 437 441 318 321 450 67 317 71 201 80 208 339 340 85 350 223 224 98 355 101 364 109 237 367 
1 224 129 288 386 229 104 11 147 181 190 
6 262 28 287 419 293 423 430 175 305 307 180 53 309 439 60 319 448 202 205 80 339 219 226 101 360 236 237 241 253 
16 390 138 141 399 274 275 152 153 281 410 28 156 158 31 159 417 415 294 169 426 178 307 308 54 183 56 57 442 315 443 310 63 448 321 70 200 74 76 80 210 339 84 85 212 340 88 344 218 92 220 221 96 98 227 102 230 358 105 361 236 237 364 239 112 113 241 242 367 365 374 369 120 379 381 126 
23 131 132 5 389 7 263 9 268 14 25 155 159 439 441 64 66 325 200 204 332 84 341 90 357 364 111 370 372 118 252 
1 208 290 83 308 215 
10 384 257 133 136 138 141 270 284 29 414 159 34 172 57 59 188 191 73 74 202 81 340 218 91 355 229 103 236 112 242 116 118 120 121 127 
8 132 135 392 10 268 273 21 417 294 42 171 53 437 58 191 67 330 75 78 334 337 89 94 235 
20 128 5 138 266 268 398 401 150 407 409 287 290 419 293 422 40 171 430 175 48 436 309 311 185 186 60 64 320 196 69 74 203 204 333 206 207 212 343 216 92 220 356 363 368 376 249 122 254 383 
1 1 194 169 144 308 119 185 217 349 94 
1 422 138 202 236 13 268 395 113 20 
9 1 388 271 22 414 293 423 296 173 174 175 307 435 53 309 439 314 315 189 202 337 342 89 219 94 226 103 360 233 106 236 237 241 
6 129 385 136 265 142 26 154 413 158 290 165 425 171 172 173 433 439 312 444 318 63 65 74 77 222 230 103 234 116 245 249 122 382 
20 255 11 139 141 395 399 16 275 23 152 28 156 158 159 415 293 423 296 41 169 297 175 305 178 308 53 54 55 309 439 442 443 310 448 70 71 200 202 75 76 204 337 210 339 84 212 88 218 219 220 93 94 221 96 346 226 350 102 103 230 105 360 361 236 237 365 239 112 113 241 242 369 374 379 381 126 127 
14 1 390 135 136 9 394 15 145 274 275 152 281 28 156 159 160 415 169 297 299 303 176 307 52 54 310 185 313 442 443 317 448 324 69 76 217 92 220 221 349 226 105 361 239 112 113 241 368 369 374 247 249 379 
13 128 393 138 266 398 150 419 36 293 422 423 40 296 170 302 175 430 305 307 52 53 439 311 60 64 68 196 200 202 333 207 212 86 91 92 219 220 352 226 356 360 236 237 241 376 249 254 
7 129 3 8 396 19 275 405 406 152 26 28 156 159 415 289 163 297 426 172 174 51 307 308 442 443 448 67 76 337 220 221 105 361 365 239 112 113 241 369 244 374 379 
21 128 256 382 380 4 5 390 138 266 268 397 398 400 17 401 149 150 277 407 409 287 160 34 290 419 293 422 40 171 302 175 48 430 309 438 56 185 60 189 446 64 320 196 69 327 201 74 203 204 333 206 207 212 343 216 92 220 222 95 356 103 233 363 238 112 376 249 122 123 377 379 254 383 
20 128 129 385 131 5 136 9 265 395 396 397 142 143 275 277 153 26 284 413 158 289 418 163 425 171 173 50 306 439 60 444 318 63 191 448 449 319 197 71 327 74 77 336 82 339 86 342 216 90 220 101 230 103 104 234 116 245 122 123 382 
18 384 257 385 259 4 390 136 9 10 12 140 145 274 147 402 406 281 26 282 28 29 30 160 418 164 39 170 173 429 47 176 433 52 308 54 186 442 61 317 319 192 449 69 78 79 206 212 345 90 347 350 351 96 105 366 368 241 246 119 247 248 122 249 377 375 383 
0 448 266 330 207 112 305 280 221 255 
17 1 131 388 267 271 399 22 153 410 156 160 417 297 173 174 305 435 181 58 199 74 76 337 342 344 89 218 94 226 227 358 103 233 106 236 113 120 379 
0 57 250 375 
19 257 258 259 385 135 391 394 140 15 402 147 20 406 23 281 282 283 410 30 159 34 290 164 418 294 429 177 308 53 182 185 186 313 189 318 449 197 71 199 73 333 78 79 212 88 345 219 221 350 351 96 226 355 101 105 236 237 366 364 112 241 368 119 248 249 377 375 383 
3 129 385 259 391 136 137 265 141 142 270 402 405 23 26 282 413 158 159 289 294 169 425 171 428 173 306 53 182 439 312 185 444 189 317 321 71 74 77 350 98 355 101 230 103 234 237 116 245 122 382 
21 384 129 131 5 10 12 397 402 147 275 277 278 153 26 282 28 284 158 287 410 289 418 35 163 39 296 170 171 173 433 54 312 313 60 61 192 449 206 80 336 342 216 90 220 350 101 105 366 368 246 249 123 253 382 
8 386 4 5 390 7 268 269 399 401 405 22 407 409 28 286 287 289 290 43 171 429 302 175 48 438 183 56 185 311 64 69 327 329 74 203 204 206 334 210 216 346 91 92 348 222 352 354 100 229 356 104 363 112 242 122 126 383 
14 129 259 261 136 137 141 270 399 274 405 150 282 410 28 156 157 413 414 289 162 291 294 169 297 426 425 428 433 55 56 57 183 185 187 440 318 444 67 198 76 77 205 80 84 85 212 340 218 347 220 98 228 102 364 237 367 
0 88 156 381 38 63 
1 332 389 7 
0 83 115 140 308 183 
8 384 257 259 14 16 21 155 284 29 30 159 161 34 41 298 427 173 181 441 59 64 197 88 218 357 245 
9 33 97 36 69 70 292 328 265 74 235 392 77 110 269 331 113 404 53 374 58 62 
9 4 9 395 143 411 168 171 50 438 311 56 312 191 320 63 448 197 82 339 86 218 222 230 104 243 
11 387 262 7 392 265 139 396 273 19 404 155 33 36 44 62 69 70 326 74 331 77 97 110 113 
0 320 65 257 227 422 231 138 395 236 141 238 175 113 338 84 118 345 283 349 223 
4 132 392 10 266 268 273 414 171 301 439 58 314 191 448 75 78 207 334 337 89 221 94 112 246 121 
13 133 392 265 269 20 404 22 24 33 36 165 40 426 429 47 53 438 186 62 65 196 69 70 326 328 74 77 210 212 97 99 110 367 113 122 383 
16 127 9 268 269 398 143 16 399 25 34 292 37 39 298 185 58 323 340 341 220 348 105 106 363 236 364 366 241 246 375 122 378 254 126 
22 128 138 266 398 20 149 150 281 282 410 417 34 290 419 293 422 40 302 430 177 309 311 60 317 64 196 197 199 73 78 79 207 212 88 219 92 220 221 350 356 101 105 236 364 366 112 368 376 249 254 
12 257 130 132 390 7 392 10 139 266 268 14 269 399 273 405 22 25 28 286 289 166 43 171 301 48 50 182 183 58 191 320 450 73 330 75 77 78 337 210 89 346 91 348 94 352 100 229 356 363 112 242 125 126 
7 128 255 130 288 449 12 428 46 142 144 401 114 115 146 437 54 372 344 376 158 31 
11 256 129 131 260 5 134 397 144 275 277 153 284 158 289 418 163 420 422 423 425 171 432 177 312 60 445 190 319 193 449 196 202 75 204 205 78 209 339 212 342 216 90 91 220 93 95 224 227 101 233 242 116 123 251 382 
19 128 1 129 3 132 255 260 388 8 264 10 11 268 269 392 271 16 273 395 19 396 405 22 406 30 159 289 163 423 171 172 173 46 174 301 305 51 307 53 310 435 439 58 315 191 67 71 330 75 204 78 334 342 89 93 94 350 103 233 106 365 127 
2 36 329 170 429 209 147 247 27 347 93 379 
22 257 260 134 9 395 141 143 144 17 399 280 153 155 28 158 32 160 162 419 421 294 423 296 169 297 171 425 432 50 178 180 307 54 312 441 187 446 63 191 448 450 196 197 70 198 200 201 327 205 78 208 336 82 210 84 212 86 88 218 93 95 96 223 224 227 102 230 104 361 109 237 365 241 242 116 381 126 255 
20 254 257 133 136 138 141 269 143 270 399 398 28 156 34 292 37 294 39 297 426 172 300 174 49 183 56 57 58 59 185 321 74 202 332 80 81 85 218 220 98 229 105 106 363 236 237 364 367 241 242 246 375 122 378 126 127 
2 9 298 268 332 364 150 25 250 125 382 
8 1 129 131 388 5 397 271 275 277 22 24 153 283 284 158 289 418 163 38 426 171 173 174 305 435 183 312 315 60 319 447 449 336 337 216 89 90 220 94 101 103 233 106 115 123 382 
13 256 134 263 264 390 397 400 17 402 147 149 277 411 160 34 302 177 50 52 311 189 190 191 448 449 446 195 69 201 206 82 84 216 220 98 100 103 233 109 238 112 116 123 379 380 254 382 
9 128 385 142 153 410 156 158 31 288 417 297 46 435 437 54 315 449 74 76 335 218 227 358 360 236 113 114 115 372 120 376 379 253 255 
11 257 385 259 4 261 138 12 140 141 147 406 283 30 286 418 164 422 44 172 428 175 429 55 313 186 317 65 449 329 78 206 208 210 211 84 212 213 90 346 349 223 96 351 227 231 236 241 242 118 119 248 249 377 375 383 
13 4 390 7 139 12 141 269 399 405 22 23 28 286 289 43 44 172 428 307 180 55 183 320 75 206 334 80 208 210 213 345 90 91 348 351 352 100 229 356 363 112 242 249 126 
12 129 388 261 274 405 150 410 156 157 413 414 291 433 440 313 187 444 321 67 198 76 338 84 218 220 228 356 102 
17 390 7 269 399 405 22 28 286 289 43 183 189 320 332 334 210 346 91 352 100 229 356 107 363 239 112 242 126 
15 1 2 257 386 263 392 138 140 141 143 147 406 408 283 34 422 169 175 303 308 185 60 65 195 329 83 84 217 90 345 350 223 227 101 231 236 115 118 254 
24 255 384 2 386 263 392 391 10 11 12 140 395 143 16 402 147 20 406 23 281 26 282 28 410 159 416 34 290 294 39 423 170 173 177 433 307 53 54 182 439 185 313 60 61 189 317 192 318 319 195 197 71 199 73 204 333 78 79 206 337 83 88 90 219 93 94 221 349 355 101 103 105 236 237 366 364 112 368 246 249 254 127 
20 257 385 259 4 12 140 147 406 30 418 164 292 44 172 428 429 55 313 186 317 449 78 206 208 210 212 213 217 90 345 346 96 235 241 242 119 248 249 377 375 383 
19 390 7 269 399 405 22 411 28 29 286 289 170 43 309 183 320 68 72 200 334 210 213 86 346 91 348 93 100 229 356 231 363 112 242 118 126 
0 137 162 19 37 
0 320 195 220 238 270 
13 391 402 23 29 414 159 34 294 300 53 182 57 185 188 189 317 318 64 71 73 91 350 96 101 103 236 237 112 118 120 121 127 
23 128 4 390 7 138 266 269 270 399 398 405 22 150 28 286 289 419 36 165 293 422 40 43 302 430 309 183 311 60 447 64 320 196 333 334 207 210 212 88 346 91 92 220 347 348 352 100 229 363 112 242 376 249 126 254 
2 325 298 14 16 273 116 441 155 159 
2 192 417 379 227 297 74 76 236 49 113 120 153 218 315 92 156 344 410 
3 68 168 425 43 268 400 25 
5 226 293 423 296 202 236 237 175 241 305 19 244 53 276 307 309 344 439 219 251 
4 141 399 275 152 28 156 158 159 415 420 169 297 178 307 308 54 310 442 443 448 195 70 200 76 210 339 84 212 88 218 220 221 95 96 102 230 105 365 239 112 113 241 242 369 374 379 381 126 127 
1 3 28 171 396 71 
0 254 383 5 390 7 268 269 398 143 399 401 405 22 279 407 409 28 286 287 289 34 290 292 37 39 43 171 302 175 48 183 311 185 58 64 320 69 74 203 204 332 206 334 210 340 216 346 91 92 220 348 352 100 229 356 105 106 236 112 241 242 246 247 375 122 378 126 127 
21 130 9 268 399 20 25 281 282 28 410 34 290 294 297 298 426 177 183 56 57 317 321 197 198 199 73 332 205 78 79 80 333 340 85 341 88 219 221 350 223 98 101 105 236 237 366 367 112 368 
9 129 3 6 8 396 141 399 274 19 405 406 158 289 163 169 297 172 174 49 178 51 307 54 310 448 67 70 200 337 210 339 84 212 88 218 96 102 230 361 242 381 126 
23 384 257 10 12 402 147 20 281 26 282 28 410 34 290 39 170 173 177 433 54 313 61 317 319 192 197 199 73 332 333 78 79 206 88 90 219 221 350 101 105 236 364 112 368 246 249 
11 133 269 399 20 28 158 165 294 297 426 429 53 183 56 57 186 321 196 331 80 210 212 85 340 97 98 99 364 237 113 
17 384 390 136 9 10 12 145 274 147 20 402 281 26 282 28 410 160 34 290 39 170 173 302 176 177 433 52 308 54 313 442 61 317 319 192 69 197 199 73 77 78 79 206 333 88 90 219 221 350 101 105 236 364 366 112 246 247 249 
21 128 3 260 275 23 152 28 156 285 159 415 162 291 297 50 307 308 310 442 443 190 448 199 76 205 82 220 221 105 233 235 361 239 112 113 241 242 374 378 251 379 253 
15 64 66 131 132 5 263 104 136 200 298 204 79 111 84 372 118 90 186 252 
11 416 448 258 99 37 69 165 264 12 428 80 82 180 85 217 26 281 
17 128 256 131 132 5 263 142 158 31 288 298 46 437 54 64 449 66 200 204 335 84 344 90 238 111 114 115 370 118 376 252 255 
1 89 107 164 
19 390 392 269 275 152 408 283 28 156 159 160 415 40 297 307 308 53 310 440 58 442 443 448 69 326 201 76 220 221 105 361 235 239 112 113 241 369 379 
21 254 257 384 259 383 385 140 269 398 143 399 147 406 30 34 418 164 37 292 39 429 185 58 186 313 316 317 449 332 78 212 340 345 220 351 96 105 106 363 236 241 246 119 248 377 122 378 126 127 
10 128 130 8 138 266 12 269 142 398 144 146 150 158 31 288 419 37 293 167 40 422 428 46 302 430 309 54 311 437 60 64 192 449 196 333 207 335 210 212 344 92 220 356 235 110 114 115 372 249 378 254 255 
8 257 385 259 393 140 147 406 30 418 164 43 429 311 313 186 443 317 449 78 212 345 351 96 241 375 119 248 383 
23 254 260 262 8 137 269 398 143 399 23 34 162 291 37 292 39 50 185 58 190 192 199 332 205 82 210 340 220 221 105 106 233 236 363 239 241 242 369 246 375 376 122 251 126 127 
23 256 390 397 400 17 275 149 277 152 153 410 27 156 28 159 160 417 34 415 36 297 170 307 308 310 311 438 442 315 443 189 446 448 69 201 74 76 209 338 343 216 344 218 220 93 221 95 227 358 103 105 233 361 236 238 239 112 113 241 369 374 120 123 380 382 
5 256 3 390 397 400 17 149 277 414 160 34 421 311 57 189 446 64 69 73 201 343 216 220 103 233 237 238 112 123 379 382 
23 141 399 272 158 165 40 169 297 433 178 307 54 192 448 322 70 200 210 339 84 212 88 218 96 102 230 361 365 242 247 249 251 126 
22 256 129 385 131 5 390 263 136 264 265 397 142 400 17 402 147 275 149 277 153 26 411 284 413 158 160 289 34 163 418 425 171 173 306 311 312 439 60 189 190 318 319 449 446 195 444 69 198 201 74 77 206 336 341 342 343 216 90 220 223 98 100 101 230 103 233 234 109 238 112 241 116 245 122 123 379 380 254 
22 257 385 259 5 140 268 401 147 406 407 24 409 30 287 417 290 418 164 171 429 302 175 48 49 438 311 185 186 313 317 64 65 320 449 69 74 203 204 331 78 206 212 216 345 92 351 96 363 241 119 248 375 122 377 
14 393 10 12 268 143 402 147 26 282 28 39 170 43 300 173 433 54 313 61 319 192 325 206 90 350 105 366 368 246 375 249 
24 383 129 257 259 136 265 140 142 147 406 151 26 413 158 30 418 164 425 171 173 429 176 306 439 312 313 186 444 317 318 449 201 74 77 78 212 344 345 351 96 230 103 234 241 116 244 245 119 248 375 122 377 126 382 
7 2 263 392 140 143 402 147 404 406 27 34 420 295 427 431 52 438 60 320 195 83 349 350 95 101 122 254 
1 328 396 46 
10 1 103 233 106 173 174 271 305 337 435 22 342 89 122 315 347 94 447 
4 98 323 198 298 430 80 55 
20 256 4 7 136 9 269 270 399 397 17 145 274 400 149 22 277 405 281 28 286 160 289 34 36 422 297 43 174 176 52 308 54 183 311 313 442 189 446 320 69 201 334 210 343 88 216 346 91 92 220 348 352 100 229 356 103 233 363 238 112 113 242 368 374 247 123 379 380 126 382 
11 317 318 350 355 132 101 294 71 450 237 207 402 53 182 23 25 185 157 189 159 
17 2 386 132 263 8 265 10 140 268 269 143 273 147 404 406 408 33 34 36 426 171 301 433 53 58 60 62 191 195 69 70 326 328 201 74 75 330 77 78 331 334 337 83 89 349 94 350 97 101 235 110 113 374 254 
0 384 259 36 170 402 52 277 150 309 152 377 409 254 
2 128 226 3 135 110 15 210 308 249 28 317 
10 255 9 11 143 16 150 159 291 36 423 171 304 50 307 439 312 191 63 193 448 197 71 327 329 204 209 82 337 339 86 93 94 350 102 103 104 230 127 
12 129 3 387 262 7 8 139 273 19 405 406 280 155 287 289 163 172 174 51 310 55 312 67 328 337 362 365 
24 256 129 131 5 390 138 400 17 275 149 277 153 284 158 160 289 34 163 418 171 311 312 60 188 189 319 446 449 69 201 336 213 342 343 216 90 220 101 103 233 238 112 123 379 380 382 
24 128 254 138 266 269 14 143 399 150 34 419 292 37 293 39 40 422 302 430 432 309 311 439 185 58 60 64 196 332 333 207 212 340 92 220 356 105 106 107 236 363 241 246 375 376 249 122 378 126 127 
10 254 131 390 7 265 267 141 269 143 398 405 22 283 28 158 286 160 289 34 292 37 294 39 169 297 43 426 178 307 54 183 56 57 58 185 315 320 321 448 70 200 332 334 80 210 339 84 85 212 340 88 218 91 220 346 348 96 352 98 226 100 229 102 230 356 105 106 361 236 237 363 364 112 241 242 365 367 246 375 122 378 381 126 127 
14 256 134 390 141 397 17 149 277 160 34 311 189 446 69 201 343 216 220 103 359 233 238 112 241 116 123 379 380 382 
17 5 268 17 407 409 287 290 171 302 175 48 435 311 185 442 64 320 67 69 74 203 204 206 335 216 92 363 110 122 383 
1 384 386 263 264 391 10 393 12 147 23 26 282 28 411 286 159 418 294 39 170 173 433 53 54 182 185 313 61 189 190 192 317 318 195 319 449 71 206 343 90 350 98 355 100 101 105 109 237 366 368 116 246 249 254 382 
2 144 169 194 12 269 
12 386 392 265 140 275 33 36 45 431 438 184 62 69 70 326 328 74 331 77 213 218 95 97 102 110 113 122 
24 129 3 259 261 390 7 8 136 137 396 141 269 270 399 274 19 22 150 406 282 410 28 156 157 286 413 289 414 163 291 169 425 43 172 428 174 433 51 310 183 440 185 187 444 318 64 320 321 67 198 76 77 334 337 210 84 218 91 220 346 347 348 352 98 100 228 102 229 356 363 365 112 242 126 
13 129 2 3 257 259 385 263 8 386 392 140 396 15 143 272 19 147 405 30 289 34 163 164 418 40 172 429 174 51 310 313 186 60 317 449 67 195 197 78 337 83 212 345 349 350 351 96 101 365 241 119 248 375 377 254 383 
19 5 268 16 401 23 409 287 290 171 302 175 48 311 185 64 320 69 74 203 204 206 216 92 98 363 116 122 383 
0 192 392 349 374 
24 5 393 268 401 150 407 27 287 290 43 171 302 175 48 432 311 185 61 64 320 69 200 74 203 204 206 216 92 363 116 122 383 
6 129 261 274 20 405 150 153 281 282 156 157 413 414 417 34 290 291 297 177 433 440 187 315 317 444 319 321 67 197 198 199 73 74 76 333 78 79 84 88 344 218 219 220 221 347 350 227 228 101 102 358 105 236 364 366 112 113 368 120 379 
0 263 264 402 147 29 420 170 427 190 449 195 70 327 72 206 213 343 352 98 100 231 109 116 382 254 
2 146 178 253 46 246 
19 129 385 4 261 136 265 142 274 405 150 26 410 156 157 158 414 291 425 171 173 433 306 439 312 440 187 444 318 321 67 198 74 76 77 79 84 218 347 220 228 102 103 230 234 116 245 122 382 
15 129 3 261 274 405 150 410 156 29 157 413 34 291 421 300 305 433 440 57 187 188 444 321 67 198 73 330 76 84 218 91 220 347 355 228 102 103 236 237 112 118 120 121 380 127 
0 274 275 149 152 283 28 156 159 160 297 307 308 310 442 443 448 69 201 76 206 220 221 105 361 239 112 113 241 369 374 379 
12 448 258 99 100 37 69 132 165 264 428 80 82 371 85 217 26 281 350 
7 146 153 410 156 35 37 297 426 428 301 315 201 74 76 333 344 218 94 227 358 236 113 120 379 383 
0 129 257 131 259 5 385 140 397 402 147 275 277 406 153 284 30 158 289 163 164 171 429 312 313 186 60 317 319 449 78 336 212 342 216 345 90 220 351 96 101 241 119 248 375 377 123 382 383 
14 128 3 138 266 398 150 28 293 422 40 296 302 430 180 309 311 60 64 448 196 333 207 339 212 92 220 356 237 376 249 254 
1 386 361 204 79 336 436 411 
10 3 17 280 153 414 30 32 160 294 57 441 187 450 73 201 208 339 212 223 224 109 237 380 
18 128 256 257 131 4 390 138 266 268 141 270 398 20 150 283 31 163 36 293 419 40 302 175 304 430 309 311 60 445 190 64 65 193 196 329 202 75 204 333 207 336 209 84 212 88 345 91 92 220 349 223 224 227 356 231 233 236 242 118 376 249 251 254 
17 255 260 134 11 395 16 144 159 293 296 425 175 432 305 307 53 309 439 196 71 202 204 205 78 207 336 337 339 212 219 93 94 95 350 226 227 103 360 107 236 237 241 116 127 
1 215 283 183 
23 129 385 259 260 134 136 9 137 265 141 142 270 16 144 405 26 282 413 158 289 423 41 169 171 428 173 432 306 439 312 185 444 318 321 196 74 77 78 205 336 339 212 93 95 98 227 230 103 359 234 116 245 122 382 
15 133 392 269 399 20 28 417 165 294 297 429 435 53 310 183 56 57 186 321 196 331 80 210 212 85 340 342 97 98 99 364 237 367 113 
9 64 159 161 257 386 197 293 325 173 16 21 181 245 88 218 411 61 29 30 
18 130 258 4 259 136 137 264 12 141 270 144 146 405 281 26 282 416 289 417 35 37 165 169 425 44 172 55 185 318 448 321 69 201 77 206 335 80 208 82 210 85 213 217 90 345 346 94 351 98 99 242 371 119 376 249 
16 257 385 259 133 140 269 147 20 406 24 30 418 164 165 426 53 438 313 186 317 445 320 65 449 196 331 78 210 338 212 213 345 351 96 97 99 367 113 241 119 248 375 122 377 383 
15 128 389 138 266 398 271 150 419 293 422 40 296 302 309 311 60 64 196 333 207 212 92 220 221 356 376 249 254 
1 386 140 404 438 122 95 
7 260 134 398 144 23 409 27 423 425 43 61 196 200 205 78 336 339 212 93 95 227 116 
22 384 129 261 392 10 12 274 147 402 405 150 26 154 156 157 28 282 410 413 414 291 39 40 167 170 173 306 54 440 313 187 444 61 63 192 65 319 67 321 198 76 206 84 90 218 220 347 222 350 224 228 102 105 366 368 246 247 249 251 381 
1 125 143 
11 1 388 103 233 106 426 173 174 271 305 337 401 22 342 344 89 315 444 94 
0 195 227 420 302 
14 128 135 142 146 21 153 158 31 288 294 301 46 53 54 449 67 78 335 344 114 115 372 376 255 
5 320 65 97 383 4 386 447 327 331 140 429 431 404 311 24 56 122 379 222 95 
21 255 129 385 136 265 11 395 142 398 16 26 413 158 159 293 423 296 425 298 171 173 175 305 306 307 53 309 312 444 318 71 74 202 204 77 330 337 219 93 94 350 226 230 103 360 234 236 237 241 116 245 122 382 127 
20 129 261 274 405 150 410 156 413 157 414 291 433 187 444 321 67 198 76 84 218 347 220 228 102 374 
13 32 160 223 224 450 325 294 357 421 201 298 109 14 208 17 339 280 153 155 187 159 
5 258 390 136 9 145 274 275 401 152 281 283 28 156 159 160 415 297 176 307 52 308 54 310 313 443 448 69 201 76 220 221 105 361 239 112 113 241 368 369 374 247 379 
22 275 152 27 28 156 159 415 297 307 52 308 310 442 448 76 220 221 105 361 109 239 112 113 241 369 374 377 379 
0 129 385 3 261 136 265 142 274 405 150 26 410 156 157 158 413 414 291 425 171 173 433 306 435 439 312 440 187 318 321 67 198 74 76 77 84 218 347 220 228 102 103 230 234 116 245 122 382 
3 224 193 256 163 422 233 202 75 204 236 429 336 209 242 91 251 190 286 
4 256 257 390 137 397 400 17 149 277 155 160 34 162 311 189 62 69 198 201 339 343 216 220 103 233 238 112 241 123 379 380 382 
2 131 356 388 6 38 231 13 115 342 438 24 283 
24 258 264 9 266 395 141 143 399 275 152 281 26 28 156 158 159 415 416 419 37 165 296 169 297 171 339 428 50 178 52 180 54 307 308 310 312 314 442 443 63 191 69 70 197 200 327 330 76 207 80 82 210 84 85 86 212 88 214 217 218 220 221 343 96 99 102 230 104 105 361 109 237 239 112 113 241 242 365 369 371 374 379 381 126 
23 128 129 257 131 258 5 259 263 264 382 383 140 397 142 385 147 275 277 402 406 153 411 284 30 31 158 33 288 163 164 289 418 171 429 46 437 54 312 313 186 60 317 190 319 195 78 206 335 336 212 342 343 216 344 90 345 220 351 96 98 100 101 109 241 114 115 116 372 119 248 375 376 123 377 254 255 
14 32 160 66 224 421 134 294 391 9 201 234 109 334 208 17 339 280 153 441 187 223 
