450 16336
7 2 133 397 270 399 17 19 148 152 153 287 33 162 418 164 425 298 426 302 309 440 186 444 189 62 446 320 193 322 325 200 73 74 77 205 342 215 344 219 95 233 234 246 250 
8 1 5 262 135 263 390 266 396 275 404 276 155 283 162 291 294 49 184 56 316 320 193 72 226 98 103 234 106 108 249 250 
0 255 129 4 134 140 398 142 17 402 404 20 22 280 25 156 424 298 301 430 437 314 186 84 224 98 102 358 236 367 240 251 381 127 
12 384 257 3 387 391 393 9 140 397 269 272 402 20 152 281 26 280 156 159 165 168 43 301 435 437 443 445 66 323 325 72 75 76 80 84 342 345 89 350 223 224 98 358 106 367 112 371 251 381 255 
0 2 389 262 263 390 266 396 16 272 17 404 277 276 283 413 414 286 162 294 424 297 49 306 307 54 311 55 60 446 196 69 70 328 77 208 213 343 94 225 98 228 357 106 108 250 
13 258 131 388 7 263 265 137 395 12 145 407 151 409 282 27 158 30 161 290 292 164 42 173 45 303 49 53 438 318 191 450 195 204 209 82 339 86 227 355 104 370 244 118 119 250 
14 258 386 388 389 6 263 8 137 395 12 141 270 145 402 151 282 283 30 415 161 290 164 168 49 53 438 315 191 449 194 450 68 66 326 327 195 200 199 204 205 78 76 339 85 341 344 218 221 96 227 231 364 370 372 244 118 119 
13 386 389 390 7 402 282 283 285 415 289 176 177 438 311 57 315 446 199 72 200 204 76 227 231 105 379 
15 385 258 387 4 390 391 136 393 267 268 397 269 271 272 145 140 407 410 26 164 169 43 302 50 435 437 184 186 315 443 320 66 197 325 331 206 83 344 352 356 358 230 111 376 378 253 382 
1 256 261 262 12 22 157 166 425 305 434 49 53 449 195 324 198 329 208 81 209 347 351 224 363 108 242 371 249 
10 99 420 75 300 395 207 83 308 373 22 151 439 282 347 
7 256 257 388 6 7 134 264 10 137 271 399 15 274 403 151 25 154 156 285 30 31 288 416 290 157 424 431 305 49 53 438 440 314 60 445 446 191 449 66 323 324 195 204 333 208 217 351 96 97 354 224 100 356 233 362 108 365 370 242 371 245 118 119 376 122 379 382 
0 264 410 412 166 38 303 175 305 431 436 440 316 444 447 194 332 76 80 84 347 354 227 229 361 107 122 380 126 255 
0 67 423 295 205 303 306 115 183 408 
1 256 257 259 387 265 12 271 399 18 146 403 154 156 157 31 416 419 291 425 49 305 53 182 186 314 445 68 326 73 333 217 219 348 353 355 103 233 107 236 237 365 112 372 249 379 
9 225 5 230 69 357 424 267 77 110 177 87 343 311 125 350 413 
15 1 129 3 388 5 134 140 142 144 400 404 149 25 282 411 28 414 31 286 166 294 425 298 297 301 306 307 186 60 446 70 208 81 214 215 219 348 94 98 228 232 236 365 368 240 
10 387 262 15 271 401 146 24 413 157 287 35 419 167 425 46 55 58 59 186 450 329 73 219 91 349 353 355 103 107 239 370 117 249 379 381 382 
6 128 1 265 270 399 153 27 167 426 172 429 46 302 180 446 450 322 328 73 205 209 338 213 86 342 344 90 95 353 360 233 237 116 380 381 
13 3 4 391 402 280 414 31 298 429 301 309 437 211 84 347 224 98 358 362 367 251 381 255 
0 160 385 258 332 280 344 127 
15 3 131 261 389 10 11 398 273 404 156 162 166 424 425 430 183 325 329 208 336 345 347 93 353 102 363 236 109 240 249 
0 161 425 362 76 45 208 144 304 87 312 251 
2 388 262 391 268 271 18 278 25 283 156 155 163 167 425 41 297 169 431 432 49 52 55 439 58 59 188 186 65 197 330 203 77 205 335 206 210 344 91 347 226 227 245 375 121 378 381 382 
4 129 3 134 12 140 142 268 17 24 154 155 285 169 298 301 432 52 53 186 446 197 203 333 206 210 344 96 97 226 359 239 378 
0 384 257 387 4 391 9 393 140 397 269 272 402 156 37 168 43 435 443 445 66 325 76 80 210 217 89 98 112 127 
4 261 6 391 265 270 271 19 150 409 158 167 172 45 429 46 428 433 311 439 314 445 318 320 66 68 71 328 330 77 209 82 338 213 86 348 352 234 363 239 115 380 381 
10 255 137 17 279 282 31 427 46 185 445 189 63 192 450 71 76 83 89 349 221 99 229 362 369 242 245 246 380 383 
15 397 274 151 412 156 159 417 167 296 40 170 51 438 310 318 328 203 337 210 213 220 111 
3 384 258 387 6 7 264 137 263 395 12 145 274 404 151 153 282 31 32 415 289 161 164 166 171 43 431 432 49 442 64 321 323 71 202 333 80 339 340 341 212 346 354 358 237 113 245 118 122 
0 255 257 388 137 12 140 15 399 17 274 401 20 276 403 149 400 409 282 28 156 30 416 38 294 172 431 49 306 314 315 445 192 323 71 73 77 333 339 213 214 217 348 223 354 229 102 232 105 233 236 365 368 369 370 240 116 245 118 119 377 122 379 125 383 
0 96 384 387 166 263 43 80 49 403 341 216 441 30 
15 1 130 133 397 277 405 152 409 154 156 287 418 292 164 38 293 172 432 434 178 309 181 437 186 187 444 317 191 67 325 200 74 205 81 84 341 215 344 219 222 351 355 358 106 110 246 375 250 254 
0 105 353 143 
0 257 259 134 392 137 136 401 18 274 276 148 406 403 408 413 285 287 36 293 41 298 42 46 175 48 307 180 438 310 186 443 444 187 192 321 194 450 324 329 73 204 336 82 339 342 89 219 349 224 226 355 228 100 99 356 101 105 362 112 370 244 117 377 382 
9 257 136 400 403 149 280 35 293 295 167 175 48 180 314 187 192 333 217 89 219 101 363 244 247 
7 389 198 201 55 26 251 378 
7 255 386 389 136 264 139 13 399 276 405 409 412 31 33 172 303 432 49 434 178 50 181 175 431 440 441 315 317 319 191 447 194 67 198 327 73 77 212 213 215 88 90 219 222 351 355 227 229 102 361 234 235 365 370 116 119 382 126 
0 393 403 151 412 421 166 170 299 430 302 178 179 61 318 321 67 70 73 77 80 212 216 350 
13 352 417 258 291 69 296 203 365 301 111 433 274 210 337 149 182 438 29 254 381 
3 137 139 271 274 278 406 24 412 35 163 425 297 298 42 307 439 443 188 190 450 72 330 77 336 218 219 348 222 224 225 228 100 231 232 105 364 
2 258 131 130 6 262 263 137 139 268 274 276 406 281 153 155 158 160 35 420 165 292 421 168 41 298 299 173 302 431 303 434 179 307 181 437 180 443 60 446 319 191 65 450 322 196 68 198 75 206 334 336 83 340 343 219 349 94 351 352 224 96 354 356 228 100 232 104 105 369 370 244 381 254 255 
10 384 257 387 4 263 391 9 393 140 397 269 400 273 402 272 151 26 156 30 32 166 168 170 49 306 435 443 445 66 325 76 80 341 89 98 359 112 247 377 
0 67 325 333 246 55 123 220 
7 6 263 265 266 144 23 409 27 411 158 161 424 425 176 304 184 57 314 312 318 199 76 79 208 209 82 341 85 86 348 232 233 362 117 251 
13 260 265 270 401 18 19 282 27 28 155 413 287 35 167 427 172 429 186 445 189 63 450 328 329 73 207 209 338 83 213 86 89 219 349 221 370 242 117 246 380 381 382 
13 129 136 139 271 403 148 275 278 153 418 164 292 303 177 49 180 308 439 311 313 442 58 447 65 324 325 69 72 330 331 336 215 220 221 223 105 111 241 369 371 245 374 121 126 
15 257 136 403 35 36 164 293 427 175 434 179 180 187 445 192 336 82 89 219 101 244 254 
5 2 5 6 7 10 12 15 24 30 31 32 38 43 47 53 58 65 72 80 92 105 106 108 118 119 129 137 140 145 151 156 157 158 161 162 164 166 178 191 192 195 204 205 208 220 221 223 224 237 242 245 250 256 258 262 263 266 276 278 282 283 285 290 292 294 297 303 305 324 326 331 335 336 339 341 344 347 351 356 370 371 374 375 376 377 378 382 383 384 387 388 390 391 395 401 404 431 438 
0 385 258 386 389 390 136 9 267 268 139 406 407 162 38 169 437 441 447 198 331 208 339 83 212 344 88 90 221 352 353 356 105 234 235 111 114 242 379 253 382 
1 416 98 423 104 297 167 328 170 397 274 85 213 310 120 151 442 29 190 159 
3 385 393 266 268 24 25 155 158 419 165 169 303 175 432 56 186 194 197 198 70 203 206 210 344 226 229 359 111 372 378 123 126 
2 256 132 388 6 7 134 264 10 139 12 137 15 271 151 25 154 285 157 288 290 424 176 49 305 438 440 60 446 319 191 449 66 195 324 326 204 333 208 351 96 97 224 100 356 362 108 237 370 242 371 117 118 119 382 
1 418 66 260 5 134 361 362 108 80 208 115 440 157 95 
5 5 389 262 396 272 18 277 24 286 291 164 37 167 425 44 172 58 59 324 69 198 328 201 213 215 88 91 92 381 
15 384 2 135 275 408 283 287 294 166 297 426 427 52 184 58 72 202 80 220 94 226 98 360 232 240 374 
2 257 259 263 8 266 409 411 285 169 300 45 176 311 184 314 443 188 315 196 335 83 85 91 348 223 101 232 105 116 249 379 
0 384 129 262 392 399 18 278 24 408 287 292 294 167 166 425 426 297 47 303 49 309 55 56 59 65 72 202 331 204 336 80 91 220 221 94 98 105 240 241 374 381 
7 386 262 138 397 18 407 24 409 156 158 415 160 163 167 425 430 306 180 55 313 58 315 191 322 324 325 70 202 336 211 218 91 348 230 102 232 364 114 243 376 377 123 252 381 125 
4 132 5 134 262 264 263 395 12 267 268 271 17 404 406 155 414 286 288 160 424 297 42 299 176 178 307 308 53 437 439 440 306 317 446 447 319 449 66 321 198 199 70 204 333 205 208 212 214 86 219 94 97 98 100 356 228 362 241 369 118 381 382 
1 317 290 258 355 324 39 297 73 170 395 302 112 434 148 88 189 62 351 
2 1 290 166 328 200 141 366 429 305 148 246 61 189 351 
2 387 261 282 28 416 427 173 46 179 442 445 189 449 450 334 83 340 345 89 349 221 97 242 246 380 
0 417 68 293 390 300 173 371 120 188 30 
1 129 130 392 139 144 402 278 151 24 281 153 158 292 421 42 302 47 303 49 180 58 188 191 322 328 72 331 336 343 220 349 221 96 354 105 241 374 249 254 
11 258 387 4 134 7 264 9 393 391 12 397 269 271 272 140 26 27 157 288 292 424 43 428 430 435 53 54 182 439 311 314 440 60 445 443 449 450 68 325 330 205 208 340 344 92 220 221 348 352 100 356 361 362 108 115 372 244 118 382 
10 393 14 405 281 409 33 38 39 295 166 44 430 303 176 302 306 179 434 178 181 317 191 321 71 73 80 213 215 219 220 222 351 355 246 123 
3 256 258 7 265 15 154 27 419 291 165 424 42 305 182 64 66 450 73 205 334 344 219 348 221 356 357 236 112 244 372 252 
12 258 5 389 136 396 398 16 272 275 277 284 413 286 291 165 423 40 424 301 47 433 308 182 55 439 311 447 448 197 328 330 77 334 81 213 342 343 217 95 352 225 223 356 357 103 235 365 121 254 
10 5 17 404 412 414 286 419 421 39 297 170 299 178 179 52 307 306 59 60 318 446 194 198 208 212 216 94 98 228 363 247 126 
13 255 261 264 137 267 271 150 153 27 28 157 30 31 415 289 164 424 428 173 432 177 433 439 442 188 192 321 320 67 77 80 212 346 352 229 358 234 363 239 369 113 115 245 247 383 
2 129 2 4 135 8 139 146 275 278 152 283 159 292 294 41 47 304 49 303 56 184 58 65 450 75 331 336 220 221 350 223 226 98 105 106 368 371 374 
5 256 1 129 393 265 270 15 399 401 18 19 276 407 151 409 154 153 413 31 287 162 35 419 291 38 39 422 166 170 426 172 46 430 302 305 179 309 182 186 315 61 446 191 321 450 67 68 322 329 75 77 205 80 83 213 342 215 344 219 348 349 95 230 102 233 106 236 365 112 370 116 117 372 119 382 
11 160 1 33 97 418 200 397 430 309 153 378 250 186 381 287 
15 129 4 11 152 281 159 162 168 42 179 182 191 323 72 73 207 83 340 342 349 350 351 223 98 101 229 230 232 106 109 371 383 
11 384 257 386 4 132 389 7 8 13 144 402 23 279 26 283 28 156 415 168 425 43 45 304 305 435 438 312 185 315 444 445 199 200 332 204 208 80 89 98 227 231 362 112 251 
6 1 5 261 399 16 271 276 150 151 24 409 27 413 31 163 38 39 424 41 170 425 297 172 428 433 311 439 315 188 320 69 71 73 330 213 215 343 219 352 225 357 102 234 363 365 239 370 115 116 119 381 253 
2 261 7 267 396 141 139 280 281 284 158 420 428 439 311 441 194 450 85 220 352 104 232 235 112 374 246 252 
0 296 428 45 83 405 117 315 413 
6 384 257 387 4 263 264 393 13 402 279 408 153 26 156 30 159 32 415 289 287 164 166 39 168 297 426 43 430 302 175 49 306 179 436 432 54 182 56 435 58 314 442 445 321 67 197 71 73 202 76 212 341 343 89 346 348 220 94 98 358 232 107 112 113 240 374 
6 33 130 292 69 197 423 165 356 10 107 235 365 398 334 17 342 343 217 121 284 254 
3 388 6 265 138 137 140 402 274 276 280 408 409 27 158 416 160 35 291 419 298 300 45 301 48 434 311 445 318 194 336 209 86 219 224 226 355 228 98 362 111 114 371 
12 129 386 387 259 258 385 390 136 9 11 395 267 401 151 407 281 282 28 285 162 420 168 169 42 427 46 176 50 179 182 439 57 445 189 63 191 450 195 73 75 79 210 340 344 89 347 349 221 351 352 99 356 230 232 105 106 111 242 373 246 380 253 
6 3 4 13 402 20 280 154 156 33 290 293 172 301 432 437 316 205 341 344 347 224 98 358 106 110 367 375 251 380 381 255 
15 7 263 266 141 409 411 419 45 51 57 314 321 194 324 78 208 209 211 89 348 93 231 232 367 242 247 125 
5 6 262 390 265 134 395 267 263 270 19 409 27 158 165 167 169 172 45 46 429 432 178 442 60 318 319 321 328 203 333 205 209 82 338 212 213 219 352 97 241 380 381 
6 293 16 113 23 346 383 
4 258 386 389 136 395 267 139 414 291 165 422 38 172 428 50 434 437 55 441 317 61 447 320 324 198 212 213 215 90 91 92 349 351 355 356 361 234 235 110 112 376 382 
5 384 257 4 136 393 265 396 402 403 277 26 282 28 156 288 35 36 292 293 168 43 427 46 175 48 435 180 187 189 445 63 192 450 76 80 83 85 219 349 221 98 101 111 112 242 244 246 380 
8 386 389 136 139 19 38 296 50 441 447 198 206 212 88 233 234 235 364 237 244 116 382 
9 389 262 270 18 147 24 283 159 417 161 291 294 167 425 172 55 440 57 58 59 448 324 203 213 215 88 92 95 227 364 237 381 
3 129 389 264 396 268 285 159 291 171 172 301 49 178 55 440 448 192 66 324 335 213 215 88 91 356 358 245 376 383 
0 389 141 142 144 22 411 162 299 301 302 433 325 336 209 85 345 96 353 236 109 367 245 247 119 250 
7 384 5 17 404 150 408 414 287 286 420 166 297 42 426 306 307 56 58 443 60 446 70 330 202 206 80 208 342 218 220 221 98 228 240 374 
2 1 270 399 19 153 283 417 161 294 426 302 181 54 446 322 69 73 203 205 342 344 91 227 233 364 
12 130 389 134 7 392 139 12 142 270 144 145 273 25 154 153 285 158 32 421 168 42 299 301 302 433 180 53 187 446 318 191 65 449 322 327 333 212 341 343 344 218 93 97 354 364 367 370 245 250 254 
13 134 263 395 12 267 404 280 25 153 411 156 154 285 160 430 431 178 53 60 446 63 319 321 201 74 329 333 205 212 86 219 96 224 100 241 243 381 
14 384 257 2 3 4 5 388 135 137 138 140 17 274 275 20 402 404 152 408 26 283 156 280 414 159 416 160 287 419 286 294 423 168 166 426 43 300 301 297 306 51 435 437 307 56 184 58 442 60 445 190 446 70 72 202 75 76 80 208 82 84 89 220 94 223 350 224 226 228 358 104 106 111 112 240 114 371 367 374 120 251 381 255 
1 259 133 134 392 11 395 148 151 282 28 413 285 35 420 305 438 439 310 321 83 342 215 347 226 356 112 373 
10 264 137 12 271 274 406 156 288 35 424 41 42 426 298 307 53 440 443 60 449 66 329 336 219 224 97 356 228 105 362 243 118 382 
7 257 136 403 405 35 36 293 169 300 175 48 180 57 187 188 192 196 75 335 89 219 223 244 249 
3 256 3 397 398 399 404 276 22 151 407 409 156 31 163 38 424 172 430 308 180 59 315 191 73 77 336 213 218 230 236 364 365 240 114 370 116 119 376 123 
7 2 387 15 271 18 146 155 157 419 425 429 186 316 69 347 353 227 355 107 249 122 379 
12 131 6 396 274 408 280 416 292 423 297 42 173 303 51 183 442 190 450 78 98 232 370 244 120 
7 129 259 260 131 8 137 264 140 401 274 406 278 31 34 35 162 292 41 42 298 47 303 49 50 307 308 311 57 58 443 192 65 72 331 208 336 83 339 219 348 220 222 223 224 353 221 100 228 232 234 366 370 242 118 374 377 379 383 
7 129 2 4 5 262 263 390 266 404 276 152 154 283 156 159 416 33 162 293 294 172 432 49 437 182 191 193 72 73 75 205 335 83 84 341 344 218 347 219 349 350 223 98 230 358 360 364 108 110 371 375 250 125 
3 353 419 355 387 166 103 264 425 13 15 80 81 18 271 146 249 186 283 379 157 
15 256 2 5 134 262 263 390 10 266 12 404 276 283 157 162 294 49 305 53 54 440 66 195 324 208 351 224 361 106 362 242 115 371 250 
14 128 192 161 162 353 165 389 325 233 75 236 336 113 22 345 93 255 
2 16 154 156 286 414 33 293 422 172 429 432 437 189 205 84 341 88 344 358 106 375 376 
2 385 258 388 390 136 9 265 393 138 137 140 267 402 274 407 29 160 417 419 292 40 296 169 300 301 47 50 52 438 203 337 82 83 210 344 89 352 98 227 356 359 114 371 253 
15 384 257 258 259 4 256 134 392 265 395 15 402 148 153 26 154 156 413 285 35 419 291 423 168 43 305 434 435 438 310 182 61 317 445 321 68 324 73 76 333 78 80 342 88 89 219 220 348 351 98 99 355 226 356 236 243 372 374 246 
4 264 153 30 415 417 161 289 164 432 311 312 442 192 321 71 199 330 80 212 87 346 358 109 255 
11 388 391 137 138 140 397 402 274 407 283 413 416 160 419 163 300 301 302 430 50 180 439 59 191 320 336 82 215 218 98 227 357 102 230 361 364 111 240 371 376 123 
14 261 134 14 271 150 27 156 157 171 428 433 54 439 440 441 320 66 71 77 336 208 351 352 359 361 362 363 108 234 239 
10 399 19 276 409 31 38 172 435 184 57 443 315 73 202 77 213 90 102 233 237 365 370 119 382 
8 391 143 401 18 413 286 287 35 296 45 46 53 186 315 450 323 199 73 329 79 341 219 349 233 370 382 
6 258 259 260 131 6 7 264 137 263 395 12 271 145 274 406 151 282 30 31 288 161 164 424 170 429 431 49 308 53 440 60 449 66 323 196 335 339 347 348 222 224 354 100 356 232 105 362 366 241 370 242 245 249 122 382 
4 388 6 7 137 12 399 276 151 409 31 290 38 295 172 49 53 438 315 191 195 73 204 77 213 93 102 365 370 116 
10 64 289 98 416 423 104 297 394 338 51 147 274 442 221 190 
1 139 140 398 148 278 24 283 284 165 423 47 177 180 447 69 197 334 81 342 343 217 350 223 227 356 235 365 369 371 245 377 249 
1 193 321 354 323 103 201 12 13 431 274 245 118 216 30 31 
9 266 397 407 158 419 292 165 163 44 172 430 175 52 180 59 191 67 329 336 218 220 229 102 230 364 114 372 246 376 126 
0 180 165 
12 141 16 415 416 31 419 432 306 313 59 193 324 202 208 211 85 218 347 219 348 360 232 106 364 242 243 377 
15 264 266 13 412 158 419 165 38 47 303 175 431 52 440 190 447 194 70 198 332 227 229 361 372 123 255 
1 385 258 3 168 371 21 344 26 348 
0 304 19 109 447 
11 3 134 140 142 17 278 25 285 162 292 298 301 47 303 49 178 182 58 186 191 320 65 192 72 73 75 331 335 336 83 211 347 92 349 220 221 356 230 105 106 241 374 376 383 
7 96 33 65 322 292 354 421 191 42 139 302 81 180 343 153 254 158 
0 259 260 6 264 22 406 409 292 42 173 303 308 450 202 207 345 348 222 224 225 104 105 232 366 370 242 244 118 383 
0 176 60 53 76 319 
6 1 257 264 397 404 276 406 152 155 33 164 438 444 325 337 215 99 362 369 246 377 250 
3 129 385 3 259 263 392 395 12 140 142 267 17 148 25 154 157 413 285 35 298 427 301 178 53 54 438 440 310 186 60 446 319 321 66 333 205 208 212 86 342 219 96 97 226 99 228 356 361 362 108 112 241 115 
3 416 2 98 226 357 294 199 72 233 237 431 368 304 146 275 56 409 184 251 283 158 
6 385 258 386 260 389 390 257 9 267 139 275 403 407 35 36 293 38 169 47 48 177 50 175 308 180 439 311 441 187 447 192 69 198 330 83 212 88 89 90 344 219 223 352 356 101 357 234 235 111 244 380 253 382 
1 384 255 258 260 388 6 7 263 138 395 12 140 145 402 274 406 151 282 28 30 31 160 161 290 35 419 164 41 42 298 300 301 49 307 53 438 443 316 191 192 195 71 204 208 336 82 339 219 224 98 100 229 228 231 105 111 369 114 371 370 245 118 119 383 
15 160 98 419 388 137 140 301 300 111 82 114 307 402 274 371 59 412 
5 254 130 386 261 389 136 270 148 278 153 284 158 161 421 38 41 42 299 302 47 177 50 180 53 438 311 441 447 191 65 450 322 198 72 78 207 340 212 343 88 90 351 96 352 354 232 234 235 369 371 245 121 252 382 383 
13 129 3 4 388 134 391 387 9 137 138 393 397 142 269 272 17 401 402 274 25 26 31 160 163 419 298 43 300 301 302 49 435 186 443 192 66 325 82 211 339 347 223 98 105 111 114 371 121 377 383 
10 258 7 419 430 310 190 62 194 324 78 208 209 211 85 348 93 352 232 367 242 125 254 
5 96 129 386 3 161 134 329 298 363 140 396 301 17 273 370 280 25 344 186 93 
1 34 394 237 304 117 342 
6 17 23 155 166 425 299 45 302 301 304 433 312 65 193 76 335 208 93 96 362 367 245 250 251 
2 258 389 6 7 263 9 137 395 151 282 284 30 161 164 49 186 187 318 197 339 96 358 230 366 118 376 378 382 
6 353 419 355 387 103 72 135 360 107 425 397 15 240 368 18 304 271 249 186 379 157 
0 289 428 338 120 91 316 221 
6 1 259 134 392 139 278 279 413 285 290 35 167 47 177 180 438 310 61 62 189 321 200 342 226 99 356 112 369 371 245 121 
11 36 388 294 40 232 363 236 365 400 17 306 368 240 310 247 214 282 220 348 31 
0 261 267 271 27 161 424 428 173 431 177 433 439 188 319 320 71 199 77 214 94 352 234 363 239 115 
11 384 258 388 6 7 263 137 11 12 397 395 400 145 273 282 29 30 159 161 290 420 164 39 167 170 43 49 306 51 53 310 439 438 191 192 65 195 328 73 204 77 83 339 213 347 99 102 359 370 373 118 119 247 377 
11 159 1 33 98 4 133 164 325 72 106 75 397 366 403 371 246 215 313 444 350 223 
9 1 130 264 265 139 270 271 399 19 276 30 415 160 289 418 158 164 421 42 426 302 47 432 434 180 442 446 191 65 321 322 324 325 71 73 74 205 80 336 212 342 215 343 344 346 95 96 97 354 358 233 112 113 381 254 
8 256 134 265 12 15 25 156 285 33 419 291 293 172 173 432 305 53 437 182 446 68 73 333 205 207 84 341 344 219 348 96 97 358 106 236 110 112 372 375 
5 2 133 262 263 268 144 404 276 406 24 25 160 169 42 299 46 432 52 437 438 186 60 316 446 319 197 198 203 206 337 210 344 226 103 362 369 249 250 378 381 
4 384 257 386 3 4 391 12 398 15 399 402 403 404 22 278 24 409 26 154 412 29 158 31 416 33 283 293 167 424 297 168 43 172 430 431 432 49 435 437 314 59 315 445 318 322 325 329 76 333 205 80 84 341 344 89 217 347 220 97 98 100 102 358 233 106 236 365 110 112 240 115 243 245 375 378 379 252 382 
12 256 387 134 10 12 15 271 18 146 419 296 425 49 305 53 54 440 186 191 66 195 324 71 208 351 224 353 355 103 361 362 107 108 242 115 371 249 378 379 
6 130 386 261 6 135 265 266 139 153 409 27 156 284 419 165 421 42 45 302 431 175 49 52 180 311 315 59 318 191 65 450 322 325 78 209 82 86 343 96 352 354 357 229 235 243 372 123 252 126 254 
0 4 260 397 151 152 29 166 167 170 175 306 51 310 440 314 448 197 72 328 75 80 213 343 91 92 348 350 223 98 232 106 371 
10 388 262 263 137 138 140 268 402 274 21 406 153 155 419 42 299 300 301 437 59 60 446 319 198 74 82 348 97 98 232 111 369 114 371 381 
8 383 258 6 7 263 137 139 395 142 270 145 150 23 151 282 283 412 30 417 164 294 299 45 304 49 438 312 192 203 207 339 340 91 95 351 227 232 364 109 113 118 255 
9 1 2 129 259 5 386 389 262 263 390 266 401 404 276 22 283 294 173 49 50 182 191 195 325 73 75 331 208 336 83 345 93 349 221 353 230 105 106 234 108 109 236 242 250 379 
5 391 140 397 271 407 24 41 425 297 302 430 180 182 439 59 316 188 191 197 330 204 77 336 218 102 230 364 114 376 123 380 
10 1 258 133 6 7 264 9 137 395 263 397 271 145 151 152 153 282 30 415 33 161 418 289 47 48 49 432 55 186 442 444 321 324 325 197 71 80 336 339 212 215 346 230 358 113 118 246 376 378 382 
13 4 266 267 398 284 158 419 423 42 428 175 52 437 320 68 69 197 334 81 86 343 88 217 342 349 356 229 361 234 235 109 365 372 121 123 124 126 
9 384 387 261 263 264 393 10 13 399 144 17 22 408 410 30 159 32 287 39 425 426 43 297 429 430 302 175 49 305 433 179 306 56 185 58 314 62 193 321 67 197 328 73 329 202 80 208 341 343 347 348 220 94 98 227 232 234 107 363 240 374 249 
3 262 265 397 270 18 19 148 151 24 27 156 29 159 418 36 425 170 172 429 46 51 310 55 58 59 328 209 338 213 86 91 238 380 381 
8 384 257 4 7 270 402 281 26 156 42 43 179 435 445 449 327 75 76 80 337 83 340 341 89 218 349 351 96 352 98 359 232 364 112 370 127 
10 257 386 387 258 385 390 136 9 267 268 407 24 25 155 300 432 50 52 57 186 188 196 197 203 206 335 210 83 86 344 223 352 226 356 101 111 249 378 253 
9 384 264 397 400 273 151 412 29 159 421 39 167 43 299 302 306 51 178 310 61 318 70 328 73 77 212 213 216 347 359 241 118 247 377 
10 323 389 423 202 427 235 237 333 274 115 404 341 340 92 30 
14 389 393 265 270 399 19 276 409 154 27 156 31 416 33 291 293 38 167 429 46 303 432 437 55 315 324 328 73 77 206 205 209 338 84 213 86 215 88 344 341 91 92 102 358 106 365 110 370 116 119 375 123 380 381 
5 258 131 387 261 6 267 276 150 154 416 162 292 424 42 431 303 434 179 442 63 64 450 71 334 340 345 352 104 370 244 255 
0 185 238 343 
1 257 136 264 266 396 13 403 277 412 158 159 288 35 36 165 38 166 419 293 303 48 431 434 306 52 180 440 314 187 447 192 194 197 333 80 343 216 89 217 219 348 227 101 229 232 361 372 244 123 126 255 
3 259 132 8 395 268 270 285 45 177 308 53 439 57 60 317 447 319 67 204 337 83 241 247 379 
2 71 8 136 139 371 47 16 176 241 369 148 245 150 439 278 121 180 379 188 285 
1 129 134 263 395 267 399 405 409 412 285 33 421 38 39 170 299 49 434 181 60 317 318 319 192 321 191 67 70 333 205 335 212 86 215 216 219 92 222 351 97 355 356 241 376 383 
3 387 261 393 273 281 416 166 39 168 42 173 430 302 48 442 63 321 67 70 73 75 334 80 83 340 345 349 351 232 
8 257 130 136 392 139 397 402 19 148 403 278 407 153 281 158 35 36 163 293 421 42 430 47 48 175 177 302 59 188 187 191 192 65 322 328 336 343 89 218 219 349 96 354 101 102 230 364 369 114 371 244 245 376 121 249 123 124 254 
8 351 33 191 67 355 38 200 42 178 434 405 215 409 219 317 222 95 
4 256 129 258 264 265 15 154 162 163 419 291 40 301 433 305 436 316 191 66 68 69 73 75 204 80 83 343 219 348 349 352 230 106 236 365 112 372 380 253 254 
2 104 247 374 14 22 
13 2 387 135 9 271 275 407 283 294 45 56 57 443 315 320 323 72 206 225 98 226 116 253 
1 256 193 227 166 362 76 174 399 436 279 346 28 
9 1 129 3 387 134 9 140 397 142 15 271 17 18 145 146 401 24 25 155 157 413 287 33 418 35 164 419 169 298 425 301 46 432 52 309 450 197 268 200 73 74 329 203 206 210 344 219 349 353 226 355 358 103 230 107 370 117 376 249 250 379 378 382 
14 96 33 257 35 36 101 389 192 136 293 206 175 48 145 403 180 244 89 219 446 318 
14 257 259 392 271 402 150 24 281 417 163 421 41 169 425 300 297 177 180 439 57 64 65 192 196 71 328 330 77 334 335 349 223 101 371 249 
0 1 148 282 28 290 427 46 445 61 62 63 450 200 83 89 349 221 110 242 246 380 253 
7 262 141 274 405 411 416 423 41 297 304 434 51 442 191 449 450 198 329 209 218 348 222 224 98 231 104 232 364 120 248 252 126 
0 129 130 388 6 7 262 137 139 12 397 405 151 407 153 409 157 158 285 33 162 163 420 290 38 421 42 300 430 302 304 49 178 434 180 53 181 182 438 442 59 317 190 65 322 67 195 198 73 75 204 336 209 83 215 343 218 219 349 222 351 96 352 354 355 102 231 230 106 364 114 370 119 248 376 123 252 254 
2 255 129 257 136 137 140 401 403 151 28 285 31 161 35 36 293 175 48 49 178 180 311 187 188 71 199 330 335 339 89 219 92 223 356 101 229 105 109 113 369 244 245 376 377 383 
13 1 2 399 144 416 166 432 437 185 320 324 332 218 347 219 227 360 106 234 364 122 125 
4 7 264 265 13 141 276 408 412 35 38 423 298 175 303 431 52 440 447 70 198 78 82 340 85 219 226 355 227 229 361 362 126 255 
6 256 386 259 388 6 7 137 10 12 151 157 162 290 49 305 53 438 191 324 204 208 83 351 224 108 370 242 371 119 
8 417 354 257 5 101 327 328 169 42 230 300 335 272 339 118 57 249 347 188 223 
7 9 268 398 145 24 25 410 155 411 284 159 163 164 165 166 423 169 426 175 432 433 306 52 186 314 69 203 206 334 80 81 210 342 343 344 217 348 226 356 358 230 232 234 235 365 376 121 378 382 
13 386 261 262 263 136 389 10 139 268 405 406 155 160 37 38 42 299 304 50 52 437 55 441 60 190 191 319 446 194 447 70 201 209 212 88 90 231 234 235 369 248 252 381 126 382 
9 386 389 7 8 135 402 405 150 283 415 416 420 45 438 311 315 60 192 200 330 76 204 341 227 231 233 237 113 117 
5 1 386 389 7 8 397 271 402 148 283 415 287 33 418 181 309 438 186 315 189 62 199 74 76 204 227 231 250 
3 224 97 37 198 389 392 333 55 280 122 
1 384 131 274 404 408 30 415 287 166 297 426 171 306 56 313 58 59 323 324 333 80 211 340 341 220 94 98 237 240 243 116 374 377 125 
14 390 268 270 274 24 281 25 155 283 29 161 417 420 294 40 169 296 432 52 438 439 186 197 206 207 337 210 86 344 91 349 95 226 227 364 111 378 
8 386 388 389 6 7 8 137 395 12 268 402 151 283 415 290 35 163 176 49 308 53 182 439 438 58 315 60 316 317 191 447 195 199 200 76 227 231 241 370 119 380 
10 1 258 134 7 263 391 395 267 14 399 270 19 278 24 153 154 283 156 33 293 297 426 427 172 302 431 432 49 178 437 60 446 319 321 66 450 68 322 73 333 84 212 86 341 344 342 219 347 221 95 97 358 233 106 110 241 372 244 245 375 378 382 
11 387 9 268 271 402 278 407 24 25 155 420 169 42 172 432 435 52 184 442 186 187 443 315 320 197 203 334 210 344 90 94 226 378 253 
6 131 391 11 139 270 409 154 281 285 161 420 293 296 299 46 435 308 438 439 446 75 203 334 340 351 225 229 232 371 383 
8 256 5 134 261 137 10 12 141 144 17 404 22 23 157 414 286 162 419 166 425 297 45 304 49 50 305 307 53 54 306 440 312 60 446 66 195 324 70 329 331 76 211 85 347 348 221 94 351 224 353 98 228 232 105 234 361 108 363 362 242 115 371 249 379 251 125 
11 261 6 262 265 10 141 270 19 405 409 27 411 158 167 172 45 46 429 304 438 190 191 318 198 328 82 338 85 86 213 93 231 367 247 248 252 381 380 
8 386 387 268 274 24 25 26 155 29 417 40 169 296 432 52 438 186 197 203 206 337 83 344 226 111 378 
5 129 140 141 20 415 419 298 306 313 59 324 202 208 85 347 348 350 232 242 243 377 125 
14 386 389 134 263 136 264 139 395 267 153 412 30 415 289 164 421 38 39 170 299 432 50 178 441 442 60 318 319 448 321 447 70 71 198 205 333 80 86 88 216 90 219 346 96 97 358 234 235 113 241 382 
8 5 389 265 396 397 270 399 272 19 276 277 151 409 27 29 286 159 31 291 292 38 167 170 299 172 429 46 51 310 55 315 67 324 69 328 73 77 209 338 86 215 88 91 92 102 365 370 116 119 380 381 
8 388 294 263 232 236 365 400 17 306 368 240 149 150 248 282 60 348 31 
12 1 133 389 397 271 17 405 152 153 409 283 413 416 33 418 291 164 38 298 172 47 178 434 181 55 439 442 444 317 191 67 324 325 73 77 336 213 88 91 92 219 222 351 99 227 357 355 361 240 114 246 
4 32 421 70 39 295 170 299 175 178 212 122 412 318 
5 257 12 398 15 399 403 26 156 284 31 416 36 165 423 175 314 445 69 197 333 334 81 342 343 356 233 235 365 121 379 251 
6 7 397 270 274 407 416 163 168 41 430 432 180 59 190 191 447 193 449 450 327 330 336 341 342 347 219 221 94 222 96 348 224 102 231 360 232 106 230 364 114 370 376 123 125 
11 1 15 17 18 33 35 36 38 41 42 46 48 60 67 68 73 77 82 86 89 97 100 101 105 106 112 117 125 134 136 137 154 175 178 180 181 182 186 187 191 192 193 194 205 212 215 218 222 224 226 228 236 241 244 256 257 263 265 267 274 276 287 291 293 298 305 307 317 319 321 329 333 336 347 348 349 351 355 360 362 364 370 372 377 382 395 401 403 405 406 408 409 413 416 419 432 434 443 450 
3 384 129 149 278 408 156 29 412 287 292 166 297 426 44 47 303 49 56 58 318 65 66 67 72 202 331 78 80 336 221 94 98 105 112 240 246 374 123 
15 129 258 7 147 277 278 282 28 289 162 292 427 46 47 303 49 50 58 189 445 63 65 66 450 68 72 330 331 205 208 336 338 83 342 344 89 218 345 220 349 94 353 105 234 242 372 244 246 374 120 379 380 
5 131 260 259 264 405 406 409 33 38 41 301 178 434 308 181 317 190 191 450 67 215 218 219 348 351 224 355 231 232 105 364 366 370 242 118 
3 257 4 136 140 401 275 152 159 31 169 300 47 49 308 439 311 57 188 447 192 196 69 72 330 75 335 339 350 98 101 105 106 371 245 121 249 377 383 
9 256 3 4 131 260 259 264 137 10 12 274 402 20 406 280 157 35 291 41 42 298 301 49 305 307 308 53 437 443 190 450 195 324 201 333 208 336 82 84 218 219 348 222 351 97 98 100 228 358 231 232 105 108 364 366 367 370 371 242 118 251 381 255 
2 131 5 69 357 424 41 77 207 16 401 343 184 409 311 413 383 
12 2 259 260 134 135 392 268 403 148 275 276 24 25 408 155 283 413 285 35 294 169 298 432 52 438 310 56 184 186 321 194 197 72 203 206 82 210 342 344 219 98 99 355 356 362 112 377 378 380 
3 386 389 6 7 8 264 13 270 399 402 24 283 412 413 415 416 161 417 38 166 294 175 303 431 438 439 440 185 315 447 193 194 199 200 203 76 204 215 91 95 357 229 103 231 361 364 111 240 114 245 121 126 255 
13 5 134 137 17 274 404 406 280 412 414 286 35 291 41 42 298 297 306 307 443 60 446 70 208 336 82 219 94 224 98 100 105 
14 255 264 137 266 13 28 412 158 31 419 165 38 175 303 431 435 52 440 447 192 194 71 75 207 345 227 361 369 371 372 245 123 126 383 
14 129 9 397 16 145 272 407 162 163 164 430 180 182 186 59 191 196 197 328 73 75 336 83 339 218 349 102 358 106 364 114 376 378 123 382 
2 386 389 262 7 8 137 402 405 283 415 41 430 304 310 438 315 190 191 450 198 199 200 76 204 209 85 218 348 222 224 227 232 364 248 252 
14 131 260 259 388 263 264 266 139 396 141 270 267 400 17 149 406 280 409 281 411 284 282 159 31 160 161 419 420 166 294 168 41 42 299 428 45 175 306 179 308 438 439 56 57 441 59 314 190 450 324 197 75 78 207 80 208 83 211 85 214 340 343 218 348 349 222 351 224 231 104 105 235 364 365 366 236 368 240 370 242 118 125 381 383 
15 1 257 135 12 270 15 399 19 403 153 156 31 416 289 426 45 302 314 445 446 322 199 73 205 333 341 342 344 217 90 95 109 237 365 116 117 379 
11 1 2 386 261 389 136 139 267 271 150 410 27 162 418 165 38 166 428 433 50 437 439 441 447 320 193 197 198 71 331 77 208 212 88 90 221 349 352 353 356 105 361 363 235 239 242 115 379 382 
9 386 261 389 136 393 139 267 269 398 281 284 158 292 165 38 420 423 171 427 428 50 439 311 441 447 450 69 197 198 78 334 81 212 342 343 88 217 90 352 356 232 234 365 121 252 382 
6 256 3 388 389 265 398 15 400 17 404 149 22 154 282 156 31 162 419 291 294 424 430 305 306 182 68 325 73 336 214 345 219 348 93 353 102 232 109 365 112 368 240 372 
13 135 15 143 274 19 404 30 416 171 49 53 316 323 326 199 202 333 340 341 90 91 233 116 
1 174 167 
5 352 320 261 71 234 363 428 77 271 433 18 115 150 439 25 27 
5 384 3 388 398 400 17 146 404 149 22 408 282 283 156 413 31 416 287 166 294 424 297 426 430 306 439 56 58 319 202 80 214 215 220 348 94 98 227 357 102 232 361 236 365 368 114 374 
7 129 134 263 264 395 268 267 290 170 47 176 177 178 308 439 58 60 317 447 319 65 321 204 205 333 212 86 219 347 97 118 
3 256 131 388 260 259 264 10 12 141 406 282 28 157 162 419 427 46 49 50 305 308 53 189 445 63 450 195 324 331 208 83 211 85 89 348 221 222 349 224 353 351 232 105 234 108 366 370 371 118 246 379 380 125 
2 386 265 409 156 158 415 419 291 427 306 313 442 315 59 322 324 325 329 202 211 97 100 112 377 252 125 
4 257 258 131 6 7 136 398 403 35 36 292 293 42 173 175 48 303 180 187 192 66 450 68 205 344 89 90 219 221 101 104 360 370 372 
15 255 378 391 264 137 139 12 144 274 148 278 24 283 156 28 30 31 297 299 301 302 47 431 49 177 433 180 192 323 71 205 344 347 92 93 223 96 354 227 229 358 367 369 371 118 375 121 122 377 249 250 382 383 
14 1 133 397 152 282 28 33 164 427 44 46 444 189 62 63 445 450 67 325 332 78 83 215 89 220 221 349 112 242 374 123 380 
6 384 419 36 70 71 359 170 43 363 176 209 273 400 306 85 149 151 183 377 411 93 
1 198 231 262 304 209 372 405 214 252 190 191 
11 257 2 387 261 392 10 15 271 18 146 402 22 281 155 157 419 421 166 169 425 300 180 57 186 188 316 65 196 328 329 335 208 343 347 349 223 353 355 101 103 107 363 245 118 121 377 379 
3 1 2 5 6 133 262 263 390 266 397 144 404 276 406 155 283 287 33 162 418 294 299 301 302 49 433 309 438 186 200 74 337 93 96 106 362 108 366 367 369 245 
4 3 4 135 397 144 402 20 23 280 37 425 45 301 304 307 437 312 76 208 84 217 224 98 358 362 367 375 381 255 
10 386 261 262 139 405 409 156 284 158 428 304 311 59 315 190 191 322 450 68 325 198 78 209 338 352 231 235 243 248 
7 385 258 387 390 136 9 267 271 279 407 169 302 50 182 184 443 315 189 320 77 206 83 344 352 356 111 
11 130 258 139 141 400 153 158 33 291 292 421 40 42 301 302 48 433 180 182 310 191 65 322 69 81 343 96 352 354 365 
11 258 3 4 264 137 13 402 20 276 280 28 412 31 161 38 42 173 301 175 303 431 434 437 440 447 192 194 71 334 84 224 352 98 227 229 358 361 109 367 113 370 369 245 251 381 126 383 
10 265 10 12 15 154 282 157 419 291 425 49 305 53 182 185 195 68 324 73 208 219 348 351 224 102 108 236 112 242 371 372 
13 384 4 133 136 12 15 399 402 403 26 156 31 416 35 36 293 168 169 43 300 175 48 435 180 57 313 187 188 314 445 192 196 76 333 335 80 89 217 219 223 98 101 233 365 112 244 249 379 381 
9 255 385 6 7 136 9 137 267 390 141 395 263 145 276 21 151 407 282 30 161 291 164 40 169 42 173 301 431 49 50 433 434 182 310 61 317 66 450 68 69 324 205 334 337 83 339 88 344 221 351 352 355 356 365 111 112 370 244 372 118 253 254 127 
11 386 131 260 134 264 392 15 401 148 406 413 285 162 35 428 176 308 438 310 57 188 321 195 83 342 348 222 224 226 99 356 232 105 366 112 242 370 118 
4 384 131 259 388 136 137 264 406 159 46 308 54 316 348 222 224 226 232 105 366 242 370 118 
7 387 262 393 10 139 269 271 22 150 27 284 158 416 292 166 425 428 173 433 179 311 439 442 63 320 450 198 71 329 77 78 334 208 209 340 345 347 352 234 235 363 239 115 249 252 
14 2 5 261 263 390 10 266 268 18 404 405 406 276 24 155 283 160 416 162 288 294 167 425 42 299 304 49 437 55 58 59 60 190 191 319 446 198 209 86 91 231 106 108 369 248 250 378 252 381 
12 384 2 258 387 5 6 7 134 137 262 267 268 395 390 266 145 404 276 406 151 409 282 155 411 283 30 32 160 161 162 164 166 294 42 43 299 45 49 178 437 57 314 60 446 319 321 198 205 333 80 339 212 85 86 214 341 219 348 97 232 106 108 241 369 118 250 381 
12 382 131 259 133 260 12 13 271 406 153 412 30 415 288 289 164 38 166 424 170 301 175 432 303 431 436 53 182 308 440 442 60 447 449 66 194 321 71 335 80 212 343 346 347 92 348 222 350 224 227 100 229 356 358 232 105 362 107 361 366 113 241 242 370 245 118 126 255 
12 256 6 393 270 15 19 276 153 154 27 409 158 419 292 291 167 427 172 45 46 429 305 434 182 442 318 194 68 328 73 209 82 338 213 86 89 219 348 236 111 112 243 372 380 381 
11 2 5 262 263 390 397 404 276 409 411 412 283 158 162 419 165 294 45 175 49 52 57 314 322 85 348 229 232 106 108 372 250 123 126 
8 385 258 134 263 136 9 390 395 16 150 407 281 284 420 165 424 169 428 173 50 178 437 439 441 60 319 320 321 71 205 78 333 83 212 86 88 344 346 219 349 352 97 353 356 232 361 234 235 111 241 253 
6 262 263 9 395 406 24 25 155 160 422 294 169 42 299 176 432 50 52 308 437 439 186 60 317 446 447 319 197 198 203 204 331 206 210 344 92 226 241 369 378 381 
5 288 66 387 4 261 292 325 391 9 393 43 140 235 397 272 435 26 443 
0 1 7 265 139 399 19 153 27 283 161 417 294 167 168 426 299 172 429 46 431 176 302 438 446 449 322 327 328 73 203 205 207 209 338 340 213 86 341 344 342 218 91 95 96 351 227 232 233 364 370 380 381 383 
8 387 261 264 9 12 15 18 146 150 407 24 153 27 157 288 418 163 164 419 424 41 297 425 428 302 47 433 53 439 184 440 186 442 60 188 443 315 320 449 66 324 325 71 200 330 77 206 336 215 352 353 355 100 356 103 234 107 362 363 239 115 372 118 249 379 253 382 
6 387 4 5 389 391 9 393 140 269 396 397 276 277 26 286 418 43 435 55 313 443 66 196 69 325 328 339 213 230 
0 96 384 359 170 43 142 400 370 179 306 22 151 247 344 377 
5 388 137 138 12 140 402 404 406 29 30 31 160 416 417 35 419 423 40 41 42 171 297 296 301 431 300 298 51 307 438 442 443 190 323 202 203 333 336 337 82 210 340 341 218 219 224 98 354 100 228 104 105 237 111 114 371 245 118 120 122 
5 2 135 136 406 279 283 414 421 294 47 308 439 56 184 311 316 447 69 72 330 223 98 226 
13 2 258 5 133 262 263 265 266 390 399 272 404 406 408 153 409 155 283 31 162 35 38 294 42 298 172 173 431 49 434 437 438 442 315 194 73 77 334 337 82 213 219 347 352 226 355 102 106 362 108 365 369 370 116 119 250 255 
4 288 33 5 69 389 328 396 175 272 431 213 341 55 89 221 286 
12 129 391 139 402 148 24 282 283 156 292 424 41 297 47 431 49 177 435 180 303 58 65 450 72 331 205 206 334 336 344 347 220 221 105 369 371 245 374 375 121 378 382 
2 362 76 80 275 148 185 28 253 
10 3 4 396 142 402 20 21 291 36 301 437 449 201 329 333 78 82 84 224 97 98 228 358 104 232 363 367 251 381 255 
5 4 392 267 402 412 284 420 421 168 42 428 179 180 439 441 188 65 322 67 323 328 75 203 78 207 337 83 340 342 349 351 232 235 249 
4 256 258 388 6 7 8 137 263 11 395 400 17 145 149 278 151 28 30 31 161 164 420 294 427 46 49 306 439 189 445 63 450 83 339 214 89 347 348 221 349 353 99 232 236 365 240 368 242 373 118 246 380 
6 2 386 5 262 7 8 135 263 266 391 389 270 390 402 275 276 404 278 24 156 413 415 416 161 162 417 294 297 431 49 438 439 56 184 315 199 72 200 203 76 204 205 215 344 91 347 95 98 226 227 357 231 361 106 107 108 364 240 114 245 375 121 250 378 382 
11 261 139 267 398 145 281 158 415 420 165 423 428 439 311 441 450 69 197 78 334 81 342 343 217 352 356 232 235 365 121 252 
9 129 259 134 8 392 12 148 25 154 413 35 293 176 49 177 178 53 438 310 57 446 191 192 321 333 207 335 83 342 92 96 97 226 99 356 112 376 379 383 
9 387 5 389 396 272 17 404 277 414 297 306 307 55 60 446 69 70 328 335 208 213 94 350 98 228 110 117 
4 384 1 397 401 18 408 413 33 418 35 166 297 426 46 309 56 58 186 450 200 73 74 202 328 329 80 219 220 349 94 98 240 370 117 374 250 382 
0 449 66 100 356 262 264 424 362 12 269 396 175 271 53 118 277 440 89 60 382 
11 390 8 264 402 147 153 30 415 164 432 442 446 321 71 80 338 212 346 221 353 358 233 113 120 
12 388 6 7 137 12 148 151 414 421 49 53 309 438 61 62 191 189 195 331 204 84 241 370 119 
7 256 385 2 258 389 265 15 280 154 419 40 427 172 301 433 305 182 55 68 69 324 73 82 213 215 88 91 92 219 348 224 352 228 236 365 112 243 372 254 
14 129 130 131 261 6 265 393 269 278 33 42 173 47 303 49 58 65 66 450 325 72 331 336 81 213 341 89 220 221 104 105 235 111 370 244 374 123 254 
12 257 136 403 154 156 285 33 417 35 36 296 172 175 48 432 435 180 437 187 446 64 192 205 334 207 84 341 87 344 89 219 101 358 106 110 244 375 
1 2 388 5 262 135 263 390 266 268 270 400 17 275 276 149 404 282 283 31 161 162 417 49 306 56 184 58 72 203 214 91 348 95 98 226 227 232 106 108 236 364 365 240 368 250 
2 67 36 359 14 303 306 119 216 
4 417 293 40 203 334 111 79 207 210 274 435 117 337 438 90 315 29 157 413 
11 384 5 391 271 17 274 404 278 24 408 283 156 286 287 416 414 163 166 423 41 425 426 431 49 306 51 307 439 56 58 442 188 60 190 61 446 70 202 330 77 205 80 208 344 347 220 94 98 228 104 240 368 245 374 375 120 378 382 
6 1 129 3 134 137 140 142 17 274 20 276 406 408 25 35 41 42 301 307 309 186 443 194 336 82 211 215 219 347 224 226 355 100 228 105 362 
11 262 263 139 268 270 144 406 155 412 160 161 421 39 42 170 301 430 302 433 178 437 438 60 318 319 446 70 198 207 212 213 340 216 93 351 96 232 367 369 245 250 381 383 
12 257 388 137 138 11 140 274 402 160 417 419 169 301 57 188 191 64 196 335 82 223 98 101 111 114 371 249 
8 129 258 3 4 388 134 264 137 138 140 142 144 17 274 402 20 280 25 160 291 419 40 298 299 300 302 433 309 182 437 312 186 69 82 84 347 92 93 222 350 96 224 98 352 358 362 365 111 367 114 371 245 250 251 381 254 255 
4 1 130 391 9 393 139 140 270 271 144 399 19 153 158 163 421 166 39 42 170 299 301 430 426 433 179 180 61 446 191 320 65 321 67 322 73 205 80 342 343 344 93 95 96 354 233 367 114 245 250 253 254 
9 129 131 6 264 13 14 278 412 292 38 295 42 172 173 47 175 49 306 431 52 440 58 447 65 194 67 450 72 331 336 220 221 227 229 104 105 361 370 244 374 126 255 
15 128 262 135 143 144 146 405 23 161 425 45 312 315 190 191 198 72 76 208 209 231 362 368 248 251 252 
14 256 265 10 12 13 15 154 157 291 419 166 429 49 436 53 182 444 62 195 68 324 328 73 76 332 208 346 219 348 351 224 99 108 236 112 242 371 372 
3 384 388 5 14 400 17 273 404 149 151 282 286 159 31 415 414 419 166 294 295 297 170 43 175 303 307 313 314 59 60 446 67 324 197 70 202 80 208 211 214 343 348 94 98 228 359 232 363 236 365 240 368 243 247 377 125 
12 5 137 138 17 274 404 406 286 414 35 41 42 297 298 306 443 60 446 70 208 336 219 94 224 98 100 228 105 251 
1 131 259 260 136 264 11 268 395 275 406 420 47 176 439 311 60 317 447 69 330 204 207 348 222 223 224 102 232 105 366 241 242 370 118 
10 1 33 290 418 200 73 74 298 362 301 397 20 58 186 250 347 287 
5 258 259 134 392 141 397 148 149 151 411 285 29 159 413 35 167 170 51 438 321 328 213 342 352 226 99 356 231 112 374 254 
8 5 261 8 136 139 16 275 27 284 413 158 424 428 47 308 439 57 314 445 447 192 66 450 69 199 330 77 78 82 343 348 223 352 225 357 105 235 113 379 252 
5 161 425 362 76 45 301 144 113 208 304 23 251 383 
4 257 324 202 47 272 306 211 243 152 377 59 125 415 
10 257 3 263 266 12 15 399 403 409 27 156 411 159 31 416 36 166 428 45 175 306 311 439 57 445 66 197 330 333 80 85 343 217 348 352 232 233 365 379 
12 386 387 389 7 8 9 271 399 402 276 407 409 283 156 413 158 31 415 38 296 424 172 304 438 184 57 59 443 320 322 325 199 200 73 76 77 204 79 206 213 227 102 231 365 370 243 116 117 119 252 253 
12 384 2 163 260 388 103 137 204 13 237 147 84 275 182 249 155 347 380 
14 258 395 268 405 409 33 38 176 178 434 308 181 439 60 61 191 447 67 324 204 336 215 88 219 222 351 355 112 241 
8 389 6 265 145 409 27 156 29 158 412 421 39 170 299 45 178 187 70 209 82 212 86 216 220 96 
9 132 134 262 263 267 268 395 150 406 155 160 420 38 42 299 176 178 53 437 60 446 321 198 205 333 212 86 219 97 240 241 369 381 383 
9 1 2 129 387 261 9 267 271 150 407 27 165 428 302 433 437 439 184 315 443 193 71 77 206 88 349 352 356 361 234 363 239 114 115 253 
2 259 134 263 264 393 392 267 395 148 153 285 30 415 413 289 35 164 166 39 427 302 430 432 178 179 310 438 442 60 319 67 71 73 205 333 80 212 85 86 342 346 219 97 226 99 356 358 112 113 241 122 
14 1 130 386 266 139 270 399 19 153 281 409 156 158 421 42 426 302 180 59 315 446 191 65 325 73 205 342 343 344 95 96 354 233 243 252 254 
14 4 12 274 404 281 30 31 171 431 184 202 75 333 340 341 342 354 364 237 117 118 245 122 
11 256 258 389 10 395 12 141 271 153 157 415 418 35 164 291 419 172 47 49 305 306 434 53 55 313 442 59 61 317 193 195 325 202 208 336 211 85 213 215 88 91 92 348 351 224 355 232 108 112 242 243 371 377 125 
3 1 386 387 4 133 389 391 9 393 140 269 397 271 272 22 152 153 26 409 156 158 33 162 418 164 292 43 44 47 435 442 59 315 444 443 66 322 324 336 215 345 93 353 236 109 243 246 252 
3 7 237 15 367 49 53 
3 96 449 196 421 38 7 168 364 270 370 341 218 
10 5 389 392 265 396 397 270 272 402 19 277 151 281 27 29 286 159 287 421 166 167 170 172 429 46 305 51 180 310 55 188 62 65 196 69 209 338 339 213 86 349 230 249 380 381 
12 261 10 396 142 401 18 22 280 156 413 287 35 166 425 46 186 190 450 73 208 219 347 349 97 100 363 370 243 117 249 123 382 
0 136 271 401 275 24 27 163 41 297 425 428 47 308 311 439 314 188 445 447 192 66 69 199 77 342 218 348 221 94 223 352 113 
10 129 9 268 278 162 290 292 47 303 49 50 437 58 65 72 208 336 220 221 353 105 234 242 374 379 
1 193 354 76 13 305 436 21 246 373 410 444 126 
6 257 134 263 267 12 395 15 399 274 403 404 280 25 154 411 156 285 30 31 416 36 171 44 427 430 175 178 53 314 442 60 445 446 319 321 323 201 202 205 212 341 86 340 217 219 96 97 224 233 237 365 112 241 379 
0 258 387 261 398 402 276 278 284 416 165 293 423 296 42 173 431 434 179 435 442 188 63 68 69 197 206 207 81 340 342 343 217 345 352 356 235 365 370 121 255 
15 129 257 264 144 24 285 286 169 300 49 178 57 188 192 196 347 92 223 354 356 101 106 118 376 249 383 
4 129 389 137 397 271 274 22 278 407 153 406 162 35 163 164 292 418 41 42 298 430 47 48 49 303 307 180 434 58 59 442 317 445 191 443 65 324 325 72 331 82 215 345 218 219 220 93 221 224 353 100 228 102 230 105 236 109 364 114 115 374 376 123 
12 258 133 401 274 276 404 406 281 155 29 417 40 168 296 176 438 203 210 348 362 111 369 250 
2 289 167 328 265 172 429 46 270 209 19 147 213 86 120 27 252 221 381 380 
15 258 6 7 263 137 395 140 272 145 401 151 282 410 30 31 161 35 164 49 50 192 448 196 328 223 230 105 118 377 383 
9 387 261 139 270 274 404 281 30 416 161 168 42 299 171 173 426 179 438 441 442 63 66 194 323 202 75 333 334 207 83 341 345 349 351 232 237 383 
11 384 387 7 263 270 274 404 277 154 156 30 32 33 292 293 166 168 43 171 45 172 432 49 437 449 323 199 327 202 205 333 80 84 340 344 218 96 358 233 106 364 237 110 367 370 117 375 
8 1 259 4 134 392 270 143 398 399 19 148 153 281 284 285 413 35 165 423 426 302 310 438 446 321 322 323 69 197 73 330 75 205 334 81 343 344 217 218 221 94 95 226 99 356 233 235 365 112 121 
15 130 5 264 139 398 16 407 153 284 413 158 159 165 166 422 424 423 42 421 174 175 302 306 180 436 182 311 314 191 65 322 69 197 77 334 80 81 342 217 348 96 225 354 356 357 232 235 365 121 249 254 
13 1 258 385 390 7 136 9 391 267 268 142 270 399 273 19 21 278 407 24 25 153 154 155 156 283 33 293 169 297 426 172 302 431 432 49 50 52 437 186 446 66 322 68 197 450 73 203 205 206 210 83 84 341 342 347 221 95 96 352 226 356 358 233 106 110 111 370 244 245 372 375 378 253 382 127 
10 131 4 261 387 389 22 416 162 173 179 442 63 325 334 336 340 93 221 353 229 236 109 
7 289 321 164 357 358 71 264 267 80 113 305 432 212 87 153 185 442 30 415 
14 129 261 391 264 10 11 140 13 395 20 276 22 151 24 278 282 283 156 416 420 166 297 170 298 425 301 431 432 49 309 439 316 193 196 329 205 335 208 83 84 211 344 218 219 354 99 103 360 106 363 364 241 245 118 373 375 249 378 380 125 382 
13 256 131 259 260 388 263 264 265 266 141 15 400 17 149 406 409 154 27 282 411 31 159 160 291 419 166 294 41 428 45 175 305 306 308 182 311 439 57 314 59 445 190 66 450 68 197 324 73 330 80 208 337 211 85 214 343 218 219 222 224 352 231 232 105 236 364 366 365 112 240 242 370 368 372 118 125 381 127 
6 129 392 267 401 18 402 281 282 28 413 287 162 35 165 421 168 42 427 428 46 179 180 437 182 186 188 189 445 63 191 65 320 450 328 73 329 75 203 83 340 88 89 219 221 351 356 230 232 361 106 234 242 370 117 246 249 380 382 
10 223 98 4 39 72 264 106 75 391 301 16 211 371 152 121 286 159 
13 256 258 10 139 12 395 270 405 407 281 409 157 33 161 38 168 42 299 49 178 179 305 53 181 438 434 61 62 191 317 67 195 324 75 207 208 83 340 215 88 219 349 222 224 355 232 108 112 242 115 371 383 
3 385 258 261 390 136 9 139 267 141 271 276 150 407 27 284 158 416 291 40 168 42 169 428 173 301 431 433 50 434 182 310 311 438 314 439 445 191 320 66 450 69 71 330 77 78 334 83 86 344 348 356 234 235 363 365 111 239 370 115 252 253 254 255 
5 387 389 267 15 271 18 19 146 22 282 157 289 34 162 419 425 50 186 325 331 208 336 345 93 221 355 103 105 234 107 236 109 242 249 379 
10 130 139 12 13 274 153 410 158 30 31 421 42 302 431 180 436 191 65 322 323 196 332 335 343 347 96 358 245 118 122 254 
2 258 387 6 395 15 271 18 146 276 405 408 409 157 33 35 419 38 425 298 178 434 181 186 61 317 191 194 67 324 82 215 88 219 222 351 353 226 103 362 107 112 249 379 
14 129 258 259 385 134 390 136 9 264 267 12 392 398 271 148 407 284 285 413 288 35 165 423 424 169 42 428 49 50 178 53 310 437 440 438 60 192 320 66 321 68 69 197 449 334 335 81 83 342 343 88 217 344 92 349 352 226 99 100 361 234 235 362 365 111 112 118 376 121 253 382 383 
4 5 135 136 16 409 283 413 158 416 424 431 311 439 68 69 77 215 343 346 225 227 361 240 114 
5 3 4 264 9 145 402 20 280 153 154 156 30 415 33 289 164 293 172 301 432 437 186 442 321 197 71 205 80 84 212 341 344 346 92 224 98 354 230 106 110 367 113 245 375 376 378 251 381 382 255 
5 384 385 295 168 393 170 43 111 400 273 306 115 52 151 247 25 377 
2 416 193 106 364 432 146 19 244 56 218 219 347 125 
10 134 264 267 13 283 412 157 413 416 165 38 428 175 303 431 437 54 439 440 447 320 66 194 208 215 88 349 227 356 229 357 234 362 108 240 114 115 126 255 
9 133 134 264 12 396 271 144 20 276 404 23 279 408 406 155 28 157 288 35 424 425 298 45 301 304 53 54 309 312 185 438 440 60 449 66 194 76 208 337 82 219 226 355 100 356 361 108 369 115 118 250 251 382 
2 261 10 396 142 271 400 149 22 150 280 27 419 36 166 425 428 433 306 439 320 70 71 329 77 208 347 352 234 239 367 115 247 249 
10 7 397 270 407 283 416 161 417 163 294 168 41 430 432 180 59 443 190 191 193 449 323 450 327 203 336 341 218 219 90 91 222 95 96 224 347 227 348 102 230 231 232 106 360 114 370 376 123 125 
2 257 258 388 12 398 15 399 17 400 403 276 149 409 282 156 284 31 416 291 165 38 294 40 423 172 301 433 306 182 314 315 445 69 197 73 77 333 334 81 213 214 342 343 217 348 352 356 102 232 233 235 236 240 368 370 116 119 121 379 254 
10 224 131 259 260 232 105 264 145 242 370 308 118 406 152 250 348 62 222 
1 3 4 141 144 402 20 280 299 301 302 433 437 326 209 84 85 341 93 96 224 98 358 363 245 250 251 381 255 
12 388 294 135 72 232 297 394 236 365 240 17 146 304 306 149 214 400 282 348 31 
7 383 133 262 263 137 139 268 148 276 278 404 406 155 28 31 160 42 299 47 177 180 437 438 60 446 319 192 198 71 337 229 362 371 245 373 121 250 381 255 
15 258 131 259 260 6 7 264 137 388 12 142 270 399 273 18 401 276 406 151 409 413 31 287 290 35 292 38 168 42 172 173 46 303 431 49 434 308 53 438 186 315 191 449 450 195 327 73 329 204 77 334 213 341 344 218 219 348 349 222 96 224 352 102 104 105 232 364 365 366 242 116 117 118 119 244 382 255 
4 256 383 4 388 137 10 139 140 12 138 397 274 402 148 278 152 157 159 160 417 419 300 301 47 49 177 305 180 53 188 64 195 324 72 75 207 208 82 350 223 224 351 98 229 106 108 111 369 114 242 245 121 127 
2 256 258 7 265 266 15 271 154 158 291 419 165 175 305 52 182 66 450 68 73 205 344 219 348 221 229 236 112 244 248 376 123 126 
2 99 420 11 332 395 369 83 151 439 282 347 
8 384 129 278 408 287 292 166 297 426 47 303 49 310 183 56 58 65 72 202 331 78 80 336 220 221 94 98 105 112 240 246 
9 391 278 24 154 283 156 33 293 297 172 431 432 49 437 205 84 341 344 347 358 106 110 245 378 251 379 382 
13 129 9 12 397 145 407 285 414 163 164 422 430 49 178 180 186 59 191 192 197 335 336 88 218 92 356 102 230 358 364 110 114 372 378 123 382 383 
8 384 133 140 400 273 401 403 151 411 31 415 35 170 43 426 49 306 313 59 192 324 202 211 339 219 223 226 359 105 243 245 247 121 249 125 383 
0 262 391 9 268 145 278 24 25 155 156 157 283 164 37 169 297 431 432 49 434 52 186 197 74 203 205 206 210 344 347 226 230 358 245 375 376 382 
14 257 387 8 12 15 271 399 18 146 403 156 157 285 31 416 162 419 425 176 177 50 311 57 186 314 445 331 333 208 217 221 353 355 103 105 233 107 234 365 242 375 249 
7 136 265 13 270 19 282 27 28 163 167 427 172 429 46 182 316 189 445 63 450 328 204 209 338 83 84 213 86 89 347 221 349 226 242 246 381 
15 257 385 3 4 262 263 265 268 270 18 19 20 402 406 24 153 280 27 155 160 167 40 425 42 299 172 301 46 429 437 55 58 59 60 446 319 198 328 74 77 209 338 84 213 86 91 348 224 97 98 358 232 367 369 251 380 255 
3 386 389 391 136 9 264 139 12 271 145 18 401 278 24 283 156 413 287 288 35 164 38 424 297 46 431 49 50 53 440 441 186 60 447 449 66 450 197 198 73 329 205 212 88 344 90 219 347 349 100 356 230 358 234 235 362 370 116 117 118 245 375 376 378 
12 129 131 137 139 140 270 401 409 28 285 31 161 299 432 49 178 438 312 319 192 71 75 207 335 339 340 87 92 223 351 225 356 229 232 105 369 371 245 376 377 255 
2 257 387 4 260 388 263 137 400 273 402 151 408 26 156 30 287 32 166 168 297 170 43 426 49 306 435 56 440 58 316 445 202 76 80 341 89 220 94 98 359 112 240 374 247 377 
11 258 134 390 136 9 393 267 21 407 291 169 50 52 83 344 352 356 359 111 253 381 127 
15 259 387 389 7 8 136 139 142 402 409 283 156 158 415 162 420 38 169 50 438 441 59 315 447 322 195 325 198 199 200 76 204 210 83 212 88 90 227 231 234 235 243 252 382 
4 384 386 4 261 263 391 9 393 140 269 397 15 271 272 18 146 407 26 157 30 286 32 416 419 166 169 425 43 173 49 179 435 184 186 315 442 443 63 320 66 325 206 334 80 210 83 340 341 345 353 355 103 107 249 379 253 
9 384 260 6 7 137 138 12 140 400 17 274 402 149 151 24 282 31 160 290 419 294 300 301 49 306 53 438 316 191 195 204 82 214 348 98 232 236 365 111 240 368 114 242 370 371 119 
1 386 5 7 8 136 139 396 272 145 402 277 22 283 286 415 162 291 37 38 423 171 172 427 50 438 55 441 187 315 318 447 324 69 198 199 200 201 325 328 76 204 336 212 213 215 88 345 90 91 92 93 96 353 227 231 234 235 236 109 382 
4 385 2 258 5 262 263 8 9 136 266 267 402 276 404 407 283 289 162 294 169 432 49 50 446 64 203 83 86 344 352 356 106 108 111 250 253 
7 387 4 9 393 140 269 397 272 20 278 24 26 27 156 283 163 297 43 302 431 49 435 443 66 325 205 207 344 347 350 114 117 245 375 378 382 
4 259 134 402 148 281 285 413 418 35 421 426 180 310 438 58 188 65 321 328 201 342 349 96 226 99 356 112 249 
8 385 387 4 261 391 9 265 140 269 397 272 26 292 166 39 43 172 302 430 179 52 435 443 321 66 67 449 325 73 80 89 359 235 111 
0 120 368 143 
0 258 6 7 134 137 263 11 267 268 145 151 282 30 161 164 421 420 176 49 178 434 308 439 60 61 317 319 447 321 324 204 205 333 83 212 339 86 88 219 347 351 97 99 355 112 241 373 118 
15 2 5 389 142 272 277 280 286 288 175 55 69 328 329 78 213 89 92 104 232 362 363 
2 1 387 4 133 391 9 266 393 140 269 272 146 151 152 407 26 29 159 287 33 418 163 164 167 170 43 430 51 180 309 310 435 186 59 444 443 191 66 325 200 328 74 336 213 215 218 102 230 364 114 371 246 376 250 123 251 
10 3 404 22 156 284 165 423 424 430 447 69 197 334 81 342 343 217 356 102 235 236 365 240 244 121 
11 1 257 12 270 15 19 276 403 153 409 156 31 416 38 166 426 172 302 178 185 58 314 315 445 446 193 322 73 77 205 333 213 342 344 217 95 227 102 233 365 370 116 119 379 
7 384 388 17 273 149 151 282 31 36 294 170 43 306 214 348 359 232 363 236 365 240 368 247 377 254 
14 259 140 18 413 287 31 162 35 46 49 186 192 450 73 329 330 337 83 339 219 349 223 225 105 370 117 377 382 383 
7 384 257 386 3 4 388 389 7 8 137 138 390 140 392 274 20 278 280 281 26 283 156 415 160 289 419 421 168 43 300 301 435 180 437 438 315 188 445 446 65 199 200 328 76 204 206 334 80 82 84 89 349 224 98 227 358 231 111 112 367 114 371 249 251 381 255 
3 257 136 12 15 399 152 156 31 32 416 35 36 293 39 47 48 175 180 314 187 445 192 333 89 217 219 226 101 233 365 244 377 379 
2 2 3 5 133 262 263 390 266 398 17 274 276 22 406 155 156 283 30 286 411 414 162 294 424 297 171 430 49 306 307 438 60 446 323 70 202 333 208 337 340 341 94 97 98 228 102 106 362 108 236 237 240 369 250 
3 262 409 33 38 304 178 434 181 317 190 191 67 198 199 79 209 215 219 222 351 355 101 231 248 252 
8 131 259 133 260 262 263 137 264 268 274 275 276 404 155 160 35 41 42 298 299 50 307 308 437 438 443 60 446 319 198 336 337 219 348 222 224 100 228 232 105 362 366 369 242 370 118 250 381 
1 385 258 387 6 390 136 9 267 397 271 163 169 430 433 50 180 184 59 315 443 191 320 73 206 336 83 343 344 218 351 352 356 102 230 364 111 114 376 123 253 
10 384 14 276 412 287 35 166 297 298 427 426 56 58 194 202 80 82 219 220 94 98 226 355 104 362 240 374 
9 386 131 6 135 263 265 266 399 276 405 27 156 411 158 31 33 38 172 45 431 178 434 181 57 314 59 315 317 318 191 322 67 325 73 77 207 209 82 85 86 213 215 219 348 222 351 225 355 357 102 232 365 370 243 116 119 252 383 
2 354 197 166 9 234 332 13 433 339 436 
4 97 197 263 232 266 45 333 430 17 209 404 85 310 247 57 314 377 348 93 190 409 
6 264 138 266 13 408 281 156 29 161 421 38 39 41 170 299 175 303 431 178 440 318 447 194 70 212 216 220 227 228 229 361 126 255 
7 259 5 134 392 16 401 18 148 283 285 287 416 35 296 424 46 310 311 439 438 186 315 321 450 69 73 329 77 79 342 215 343 219 349 225 226 99 227 356 357 361 112 240 114 370 117 382 
6 5 17 275 20 404 286 290 422 297 433 306 307 60 446 70 208 88 94 98 228 110 376 
0 386 389 7 8 264 402 153 283 284 30 289 164 432 306 438 313 442 59 315 321 324 71 199 200 202 76 204 80 211 212 346 227 358 231 113 243 377 125 
8 257 387 261 262 135 12 15 399 274 403 283 156 413 31 423 297 172 173 432 51 179 439 314 442 445 190 63 193 199 333 334 82 340 215 217 218 219 345 347 352 98 227 357 104 233 106 360 361 237 364 365 240 114 120 379 125 
7 270 274 283 29 161 293 294 421 40 296 300 436 438 188 64 196 203 337 210 91 95 227 364 111 113 371 
14 1 392 397 271 272 153 287 33 164 167 47 309 54 186 442 324 325 200 74 336 215 234 250 
0 256 387 388 137 138 265 140 141 266 15 271 18 146 274 402 154 157 158 160 291 165 425 427 300 301 175 305 306 52 182 186 68 324 70 73 208 82 211 85 219 348 353 98 355 229 103 232 107 236 363 111 112 114 242 243 371 372 247 249 123 379 125 126 
3 386 11 267 395 151 281 282 284 424 42 428 308 439 441 443 319 191 199 203 78 206 207 83 347 94 99 232 235 373 
13 130 392 139 395 402 275 153 281 412 158 417 290 39 42 170 299 302 178 180 188 318 191 65 322 70 327 328 212 343 216 349 96 354 249 254 
1 73 268 110 433 343 88 376 414 
3 389 14 398 274 284 416 165 297 171 427 51 442 190 194 69 197 334 81 342 343 217 98 356 104 235 365 112 120 121 
1 3 5 264 267 12 398 271 16 404 22 150 278 156 413 288 420 45 173 430 53 311 440 315 60 449 66 68 69 71 77 343 225 100 356 102 357 362 236 240 118 382 
13 256 1 387 261 262 10 15 144 17 18 146 271 22 23 24 157 163 419 166 167 41 297 45 304 55 312 439 58 59 186 188 329 330 76 77 208 91 347 353 355 103 362 107 363 249 251 379 381 
12 384 1 392 270 399 19 408 153 287 166 297 302 56 58 445 446 322 197 73 202 205 80 340 342 344 220 94 95 98 100 233 240 374 377 
8 389 134 265 408 282 28 291 419 423 171 46 48 56 189 445 63 321 450 205 333 83 89 349 221 235 242 243 246 380 
1 259 261 267 271 147 150 281 27 284 420 165 433 437 311 439 441 314 445 320 66 71 330 77 78 79 88 348 349 352 356 232 361 234 235 363 239 115 252 
1 265 270 19 20 27 166 167 172 46 305 62 448 328 209 338 213 86 103 110 118 380 381 
12 3 393 141 397 398 404 22 407 411 156 163 166 39 424 299 302 179 180 59 191 321 66 67 73 74 333 80 336 218 97 102 230 231 236 364 240 114 376 123 
8 382 258 135 264 391 12 13 270 274 276 277 150 278 24 409 283 156 412 158 30 31 38 297 42 173 175 303 49 434 440 442 447 194 323 205 334 344 347 352 97 354 227 229 357 361 370 245 118 375 122 378 126 255 
1 390 264 268 24 25 153 154 155 156 30 415 416 33 289 164 293 38 169 172 52 437 186 442 193 321 197 71 203 205 206 80 210 84 212 86 341 344 218 219 346 347 226 358 360 106 364 110 113 375 378 125 383 
10 258 261 271 144 150 407 410 27 414 291 166 422 40 299 428 301 302 182 439 320 69 197 71 77 93 96 352 234 363 365 239 367 115 245 250 254 
6 258 265 10 395 276 405 153 409 33 38 42 173 175 48 431 178 181 442 61 190 191 317 445 67 324 334 336 82 215 88 219 222 351 352 355 112 370 378 255 
1 384 257 387 4 391 9 393 140 269 397 272 402 278 26 156 293 168 296 43 443 445 66 325 76 206 207 80 334 89 98 229 112 116 
3 417 354 264 332 13 80 305 182 343 185 410 
3 3 4 262 263 9 267 268 402 20 276 406 280 154 155 156 160 33 165 293 42 299 172 301 428 432 50 60 446 319 320 193 198 331 205 84 341 88 344 349 224 98 356 358 361 106 234 110 367 369 375 251 381 255 
10 386 259 388 133 6 7 8 134 137 139 12 389 270 392 274 402 148 276 404 151 406 155 283 29 285 413 415 161 290 35 417 40 296 299 49 53 310 315 191 321 195 199 200 203 76 204 207 209 210 337 340 342 351 352 226 99 227 356 231 232 362 111 112 369 370 119 250 383 
15 261 136 11 267 268 395 271 275 150 151 24 281 282 27 283 284 413 416 163 420 41 297 425 428 47 176 177 433 308 311 441 314 60 188 317 445 320 447 66 69 71 330 203 204 77 78 207 83 215 347 348 223 352 99 227 357 232 361 234 235 363 239 240 241 114 115 373 
5 382 1 384 134 264 12 13 271 412 157 159 288 38 424 175 303 431 53 54 60 447 448 449 66 194 208 91 92 227 100 229 356 361 362 108 115 118 126 255 
12 386 389 136 139 267 281 284 32 420 38 428 50 439 447 198 78 212 340 88 90 232 234 235 115 382 
15 387 261 264 265 271 274 276 153 30 415 416 289 418 164 423 297 173 47 431 432 434 51 179 190 191 63 321 324 325 71 333 206 334 80 336 212 340 86 215 345 346 98 358 104 113 243 120 
14 387 4 391 9 137 393 140 269 397 271 272 274 406 407 26 35 420 41 42 43 298 307 435 184 57 315 320 66 325 206 336 219 94 224 100 228 105 364 116 253 
5 1 33 35 164 133 325 76 13 332 397 305 246 215 152 
9 384 257 4 12 15 399 402 403 26 27 28 156 282 31 416 168 426 43 427 428 46 48 434 435 311 439 314 189 63 66 450 330 76 333 80 336 82 83 89 217 348 221 349 352 98 233 365 112 242 246 379 380 
1 1 5 134 262 8 263 390 12 268 270 399 17 402 19 404 406 25 153 154 155 285 286 414 160 289 293 297 42 299 426 302 306 307 53 437 187 60 319 322 70 198 73 205 333 207 208 342 344 94 95 96 97 98 228 233 369 381 
2 128 382 386 389 136 264 139 268 13 395 398 275 412 38 47 175 176 50 303 308 431 311 439 440 441 60 317 194 69 198 330 204 212 88 90 218 223 227 229 361 234 235 241 121 126 255 
2 69 429 339 212 440 91 92 159 
13 7 264 393 10 12 270 271 280 288 168 424 53 440 60 190 63 66 327 341 218 96 100 356 362 364 370 118 382 
1 258 131 261 6 7 139 401 18 19 278 282 28 284 158 287 413 35 292 41 42 427 173 46 303 311 186 189 190 63 445 66 68 72 73 329 205 78 83 344 89 218 219 348 221 222 349 224 352 231 104 232 235 364 242 370 244 117 246 372 252 380 382 
