450 19514
1 7 264 269 277 279 28 159 288 164 298 54 439 440 187 445 198 330 203 334 209 83 213 214 215 220 97 103 104 105 110 239 367 373 378 
4 384 128 389 390 395 14 15 398 275 148 406 24 291 38 296 44 434 50 308 181 55 440 186 445 66 71 199 330 335 214 218 220 100 104 105 109 110 240 114 115 374 123 
3 257 386 262 10 11 397 271 147 26 156 159 32 161 290 37 427 429 186 190 191 195 69 210 339 216 100 106 367 372 375 120 249 376 125 
2 132 7 10 267 17 280 282 26 286 162 442 443 190 448 321 196 201 332 333 206 338 211 218 223 97 100 357 108 367 112 113 370 116 117 376 381 382 
0 131 268 273 401 17 278 409 27 414 287 32 163 292 37 168 41 297 299 302 307 438 311 184 443 189 328 74 333 338 213 343 217 221 102 108 112 377 
1 128 258 260 393 265 274 150 414 159 288 162 35 169 432 49 53 54 439 318 449 323 324 198 72 329 203 208 213 214 343 342 89 218 223 224 109 375 252 
4 1 385 129 4 388 394 139 13 270 18 19 283 289 33 424 299 45 50 55 440 448 193 325 199 335 336 210 83 341 215 220 225 226 100 103 110 111 238 114 115 116 373 374 124 
3 385 130 134 390 391 267 11 271 20 276 404 152 281 412 156 30 417 35 166 295 167 40 171 44 301 46 302 47 305 50 51 314 187 192 67 200 205 77 210 82 220 224 225 96 361 106 371 381 
2 386 263 268 396 21 153 282 26 412 31 291 165 38 167 43 431 435 437 442 75 332 206 342 87 345 227 362 107 121 378 252 381 255 
0 3 4 388 132 393 16 273 278 22 282 27 28 158 286 32 168 297 42 47 48 53 58 443 62 448 196 328 77 339 344 217 218 222 223 228 229 106 113 114 117 119 376 
1 384 128 258 3 388 133 389 8 137 398 274 407 409 28 415 162 420 293 424 169 298 43 47 305 178 49 308 53 310 317 190 449 195 72 329 203 78 80 339 85 342 213 214 218 219 224 227 229 123 252 
4 129 258 389 264 266 139 395 13 399 271 18 275 24 25 283 156 285 161 34 294 39 168 170 46 304 50 438 55 440 183 314 319 193 449 65 328 204 78 335 334 339 343 218 219 348 220 103 380 381 
3 134 7 135 395 12 396 140 400 146 19 276 405 30 415 289 40 171 44 172 51 185 314 315 186 320 199 332 77 336 210 216 347 224 96 355 232 109 237 115 116 120 121 122 379 
2 382 2 131 387 391 136 392 140 396 272 17 277 151 410 411 412 31 162 418 165 167 423 301 47 306 435 308 50 313 316 446 447 320 193 66 321 198 75 332 211 83 88 345 217 222 226 230 362 237 377 126 255 
0 384 2 388 261 389 392 137 398 142 272 273 402 274 16 278 407 283 286 159 32 164 42 171 173 49 312 441 317 448 68 196 328 81 338 343 217 218 222 351 223 228 106 108 376 122 
1 384 137 10 138 394 398 399 15 143 274 404 278 407 22 164 292 38 168 44 174 47 49 53 54 313 58 443 444 317 64 329 202 73 334 219 348 350 223 224 227 228 229 233 235 112 240 114 373 119 123 253 382 125 
4 4 5 139 14 143 400 399 275 280 285 414 413 158 164 165 423 168 170 426 435 53 54 438 184 311 443 60 445 316 450 323 324 325 201 74 78 335 86 88 91 348 220 93 95 349 234 110 369 115 374 378 
3 387 7 392 264 395 12 396 140 271 400 401 19 277 21 286 161 162 35 289 292 167 40 171 45 176 305 52 436 310 57 320 199 207 82 84 341 86 215 346 91 220 350 225 354 97 230 235 109 117 251 380 125 379 
2 128 7 136 392 140 13 401 18 147 146 277 410 411 287 172 46 177 50 51 57 316 447 320 321 197 326 332 77 342 216 353 226 227 230 231 236 238 243 126 
0 261 8 137 393 398 402 403 147 407 288 163 167 171 429 47 52 312 441 314 319 192 63 448 204 81 82 343 89 94 351 227 228 232 233 108 237 113 
1 133 390 263 9 138 395 18 22 279 408 153 154 283 284 413 280 292 165 38 168 169 170 48 55 313 59 444 60 64 449 202 334 339 223 224 228 229 103 233 234 109 238 112 113 114 243 119 382 
4 129 130 131 136 10 395 139 143 16 21 279 280 153 154 283 284 413 290 419 34 165 38 39 168 170 175 434 309 53 54 55 313 314 64 65 323 335 224 225 99 356 229 230 361 234 233 241 114 115 373 246 378 124 383 
3 135 264 391 145 276 405 406 407 150 155 411 286 162 420 174 176 432 437 310 315 60 61 444 320 65 66 322 207 337 210 212 84 346 92 221 97 226 354 230 231 110 240 241 370 116 121 122 
2 385 2 136 392 12 142 398 146 402 25 283 287 288 292 295 168 426 172 173 46 432 52 56 186 58 62 191 63 321 67 205 336 337 87 352 101 231 232 107 237 112 241 115 246 
0 134 393 139 12 142 143 146 147 407 24 283 416 417 293 168 297 427 438 56 58 317 448 322 67 68 326 327 332 223 359 232 364 237 238 236 113 118 247 249 
1 258 3 4 263 9 138 393 394 267 399 403 414 158 419 423 168 169 177 434 179 435 440 447 448 449 323 325 69 333 210 339 215 87 100 229 357 114 124 
4 388 5 10 394 400 401 405 28 284 286 159 289 291 38 295 170 298 175 176 49 55 59 61 64 65 66 208 214 344 345 235 243 118 120 
3 1 137 10 11 396 270 142 149 150 405 27 286 160 291 420 419 425 426 311 59 61 325 71 329 75 210 340 345 230 231 362 235 236 367 240 239 116 250 252 126 
2 132 137 270 146 402 156 287 161 421 431 177 180 438 182 443 321 450 67 328 331 213 342 90 218 352 227 103 360 241 116 246 122 
0 391 8 13 273 147 403 404 157 31 288 289 162 293 294 167 427 301 173 179 57 62 63 64 323 67 69 72 73 332 77 337 211 342 348 228 242 118 247 121 123 252 
1 258 9 140 14 399 145 404 148 152 153 30 289 418 163 422 294 174 179 308 438 62 323 69 332 78 344 98 228 234 363 365 239 370 243 242 253 255 
4 3 5 133 10 15 273 405 290 419 295 299 434 180 54 183 185 314 444 60 446 319 328 74 331 336 83 216 219 93 221 349 350 230 104 233 106 363 239 111 125 254 
3 261 7 394 397 272 407 155 287 160 416 34 420 165 296 297 170 426 301 430 176 304 435 181 182 440 186 187 316 62 66 67 71 72 330 80 340 341 214 345 350 231 371 116 245 247 376 121 250 124 255 
2 256 258 261 263 392 12 396 402 148 22 282 155 412 156 33 161 421 38 422 297 425 172 431 177 436 441 61 62 65 71 331 206 335 81 341 342 222 351 96 352 232 237 368 242 373 246 245 121 251 127 
0 128 257 6 391 8 392 18 403 276 152 408 413 158 288 162 422 427 301 432 437 183 442 186 188 317 63 449 67 73 77 78 334 211 339 347 348 96 352 98 224 228 109 366 114 118 247 121 123 
1 258 397 152 409 410 414 415 163 37 294 299 428 300 174 307 185 443 62 190 448 323 68 75 332 213 217 348 349 94 353 229 234 373 124 127 
4 128 130 3 5 261 266 138 269 273 405 149 151 154 158 159 160 288 289 36 169 41 428 300 175 434 180 308 183 439 318 63 64 449 65 68 199 74 79 338 339 210 93 95 354 355 100 230 363 235 243 245 374 248 376 125 254 
3 2 387 260 136 9 394 270 16 272 276 21 22 151 279 27 411 286 34 165 296 427 430 175 304 176 435 180 181 440 189 445 67 71 75 76 206 337 85 342 214 92 350 227 99 236 112 241 369 117 121 124 126 
2 256 257 130 132 137 267 12 400 272 22 407 155 412 413 161 418 292 166 40 425 171 303 431 306 437 310 441 188 193 65 71 78 335 346 347 220 351 352 356 357 232 237 366 242 245 251 
0 128 133 8 264 13 269 272 18 403 276 154 412 161 162 292 293 39 298 42 172 44 302 431 432 177 178 437 186 188 68 71 327 73 77 208 82 341 342 92 352 353 96 357 358 233 366 123 252 251 379 
1 129 258 5 397 273 408 154 282 418 37 294 299 304 433 178 434 307 183 443 189 192 193 323 328 73 74 78 340 343 217 345 349 353 354 102 359 230 234 363 239 115 372 244 120 124 254 127 
4 259 133 10 269 15 274 403 279 158 290 421 40 428 174 305 311 439 313 444 191 448 449 65 68 196 70 204 81 338 86 89 349 94 223 350 355 235 240 245 120 248 125 
3 387 9 11 267 140 270 396 272 406 279 281 412 157 162 164 296 301 47 310 440 189 191 450 71 75 80 337 85 346 95 99 369 246 126 382 
2 2 130 132 8 137 266 267 13 397 16 272 401 400 417 292 40 297 302 181 182 310 186 187 195 76 77 206 81 82 337 343 220 348 352 96 356 101 357 361 233 238 366 118 123 
0 7 272 18 403 157 413 161 424 431 309 182 183 437 314 187 447 71 199 73 84 341 89 92 348 352 97 357 362 363 243 248 251 123 
1 129 385 390 8 12 268 398 273 19 275 24 282 414 160 288 419 294 424 299 50 179 184 188 63 448 192 328 74 88 344 353 354 98 358 102 109 368 372 248 249 
4 133 8 264 10 11 14 16 403 20 415 165 43 305 180 439 184 313 185 58 195 74 75 89 351 223 224 236 241 114 374 126 
3 131 10 275 21 411 157 286 416 164 297 170 427 301 306 434 180 181 312 185 56 445 317 190 450 195 322 71 202 74 81 85 87 216 344 90 92 350 95 365 370 245 122 251 254 
2 388 6 262 393 266 11 15 16 272 276 278 407 27 285 163 168 307 53 182 181 186 187 317 192 195 196 77 352 96 226 101 105 237 242 375 376 
0 128 129 2 7 8 136 12 14 19 277 406 408 287 418 298 46 303 308 182 57 187 316 447 192 197 73 78 87 92 352 97 226 354 353 102 363 107 238 367 239 372 244 248 377 
1 384 129 257 258 134 8 393 138 139 13 19 148 149 288 418 419 167 299 428 430 304 178 309 438 53 437 315 188 189 448 320 194 198 74 77 205 79 343 88 347 95 224 359 233 368 249 378 
4 130 135 393 396 18 20 279 24 281 410 284 286 288 289 166 171 300 310 56 185 61 190 449 324 198 75 80 85 94 99 108 240 369 114 378 
3 256 131 132 6 391 137 10 11 139 141 16 17 272 275 22 406 280 409 411 412 290 421 49 177 51 437 181 311 185 186 317 319 65 450 66 195 76 205 206 212 85 86 216 95 352 100 357 229 105 107 365 366 110 242 375 247 125 381 
2 1 132 260 6 397 142 16 17 146 276 22 32 417 162 422 297 170 427 433 307 181 438 440 317 318 191 447 323 71 201 332 208 80 213 86 87 93 350 96 97 98 352 356 361 362 107 106 366 367 371 376 
0 2 387 7 12 399 272 21 22 277 282 27 284 413 289 291 292 297 298 302 308 182 313 59 188 63 192 64 197 198 201 78 207 223 353 102 362 107 238 111 368 112 243 372 117 377 123 381 382 
1 389 135 138 140 142 24 25 412 288 424 298 299 48 52 188 193 322 328 74 203 79 84 98 354 99 103 360 232 364 365 244 378 250 383 
4 263 264 140 18 19 274 404 284 30 414 420 300 173 175 50 436 310 439 441 443 194 324 326 329 75 80 209 208 211 83 85 216 93 353 354 99 101 360 369 114 250 379 123 
3 256 385 384 131 390 136 392 10 267 16 146 402 24 25 411 157 287 292 294 295 426 300 47 431 177 306 62 67 196 200 76 205 204 336 87 221 352 226 105 361 114 371 115 120 122 380 
2 257 386 387 261 138 143 145 21 27 156 28 286 415 417 291 422 297 301 307 437 55 312 191 192 325 202 206 207 82 363 235 367 368 116 252 253 381 
0 133 266 143 17 21 23 283 287 32 418 292 176 308 439 444 446 193 329 202 201 78 83 212 214 86 88 219 356 102 104 111 117 248 377 122 382 
1 259 387 393 142 405 23 410 27 28 412 288 34 290 295 297 298 173 52 180 444 65 322 70 198 204 207 208 359 117 378 254 383 
4 256 259 261 135 263 10 394 141 269 399 145 146 148 24 30 31 33 34 418 36 420 165 425 173 430 304 179 310 58 443 315 318 195 328 200 84 85 353 109 238 370 115 114 371 245 119 373 250 379 124 255 
3 256 385 384 390 395 267 141 269 20 276 151 24 285 30 290 35 37 294 421 426 301 46 432 179 437 55 441 442 316 447 191 449 70 201 332 204 205 337 89 91 220 222 359 231 105 361 107 366 110 371 376 377 125 
2 386 262 390 271 16 145 21 22 408 27 413 30 415 291 37 293 296 298 300 432 306 307 182 55 183 188 192 321 68 197 325 196 73 202 82 210 87 222 235 372 121 381 126 
0 258 259 132 264 392 266 12 397 143 402 148 149 22 23 151 27 34 292 37 421 39 423 42 428 176 177 308 53 61 193 197 331 208 86 88 222 356 102 112 241 374 248 253 
1 2 387 259 133 393 14 399 272 403 23 408 27 33 424 297 298 429 303 53 182 309 313 319 449 450 194 203 207 79 335 340 92 225 362 110 115 117 374 
4 128 134 135 8 393 140 399 148 404 150 24 25 411 29 30 416 33 418 35 420 165 38 295 299 301 303 433 180 309 58 314 186 191 193 200 328 76 85 214 90 219 99 234 109 238 114 123 124 254 255 
3 256 261 262 390 267 395 269 15 152 25 154 285 287 36 37 295 40 42 300 305 179 310 317 64 449 201 205 81 210 86 89 91 359 236 115 376 377 381 
2 3 390 136 396 271 402 275 26 156 30 31 300 301 306 307 311 202 337 210 338 343 216 221 228 232 367 113 372 118 120 121 376 
0 263 392 142 143 148 151 414 419 421 297 42 302 304 433 313 61 189 63 194 198 331 79 208 83 217 222 241 373 378 
1 128 385 2 134 263 264 265 139 270 398 272 153 155 28 33 34 418 164 38 39 40 168 43 45 303 48 304 434 54 182 184 313 314 189 448 323 199 204 84 92 94 223 362 363 364 109 369 243 118 248 380 
4 6 134 393 394 11 140 399 409 414 30 33 420 165 303 175 305 435 310 314 188 195 324 329 74 205 210 341 213 346 219 95 224 225 231 236 365 116 244 119 121 123 124 255 
3 256 261 137 266 16 401 146 151 154 30 417 161 35 162 422 40 41 424 300 45 50 307 437 310 312 315 64 197 201 334 82 341 87 220 96 230 244 125 126 
2 257 131 388 5 262 17 402 273 275 411 158 32 163 37 167 41 46 47 48 306 51 181 56 185 316 317 321 322 72 202 216 92 221 95 226 231 236 365 372 377 122 126 383 
0 263 9 137 396 397 14 143 408 153 28 412 417 162 36 38 423 43 428 173 47 306 307 52 57 317 318 322 323 198 87 216 217 93 349 222 227 234 239 373 124 253 126 
1 128 259 138 269 144 404 149 148 153 154 157 289 418 293 38 425 298 427 44 429 173 434 53 309 310 313 58 315 314 318 67 323 200 204 208 209 337 213 85 89 218 90 348 353 99 233 238 369 114 374 247 379 124 
4 386 130 134 391 8 10 13 19 276 149 278 280 409 155 30 161 35 166 423 40 425 44 429 430 49 51 435 314 188 320 325 200 205 220 95 224 98 228 229 239 368 374 380 255 
3 129 130 135 266 11 12 140 141 271 399 17 146 407 156 31 35 420 422 39 41 175 50 436 309 55 315 60 316 325 326 201 332 206 335 85 91 220 219 351 96 225 352 356 230 237 242 375 377 381 382 127 
2 257 136 272 146 276 406 407 152 156 160 37 421 297 428 302 430 432 51 437 311 56 313 316 318 321 66 322 70 203 331 336 340 88 93 352 97 236 371 372 122 250 
0 389 262 394 11 273 148 278 407 152 279 281 412 158 33 164 169 43 428 427 52 54 57 318 191 322 198 203 332 208 337 218 93 98 227 101 237 367 371 373 378 
1 384 130 132 135 138 15 399 402 20 149 34 418 423 42 44 48 434 439 312 313 444 318 68 324 338 89 222 94 98 355 240 113 243 373 374 245 248 383 
4 260 389 8 394 139 144 18 20 150 154 283 414 160 418 163 40 44 430 431 433 436 439 59 315 316 443 319 64 321 324 73 330 204 206 211 339 343 215 90 219 220 91 95 96 100 105 109 113 244 119 380 253 
3 1 7 392 266 396 397 14 141 145 150 282 155 284 410 286 287 32 415 412 420 422 167 172 301 430 57 442 60 446 194 325 70 330 206 335 336 91 104 235 366 374 376 250 381 
2 133 135 137 138 141 18 146 277 405 23 151 407 411 45 181 56 442 315 62 71 331 332 336 337 212 341 92 97 225 358 231 363 241 243 246 248 
0 256 263 11 268 142 147 277 278 281 153 158 417 38 422 166 43 427 48 434 52 53 436 439 57 62 67 323 324 76 332 78 207 333 209 213 214 346 93 98 99 101 232 237 371 373 247 378 382 383 
1 128 263 393 400 17 18 285 158 287 159 413 418 290 423 42 174 175 434 53 54 439 312 60 319 65 323 68 197 204 333 214 219 222 99 107 374 248 377 379 
4 385 260 389 390 263 136 9 138 265 141 270 144 24 408 26 159 418 163 164 419 48 433 50 434 179 435 54 440 58 318 64 320 448 324 73 330 75 210 339 219 228 229 100 361 234 364 366 239 375 251 380 253 
3 386 259 265 266 14 271 17 145 275 276 277 151 155 284 156 165 169 426 170 46 430 51 436 181 437 439 441 442 315 60 316 320 65 321 194 327 330 205 79 335 211 212 216 217 96 356 102 231 104 106 107 111 374 376 251 
2 256 257 6 135 272 403 20 405 157 288 290 162 293 166 42 172 45 47 432 431 178 437 315 63 322 68 326 200 202 76 336 81 347 225 110 367 241 246 251 380 382 
0 256 257 263 139 268 141 144 273 402 147 278 152 153 411 29 163 166 167 427 428 172 48 432 433 436 437 443 447 192 321 67 323 328 203 76 333 208 337 82 213 346 347 223 98 357 231 364 369 378 254 383 
1 389 262 264 269 17 18 274 287 418 423 168 172 429 303 440 442 443 444 445 63 448 68 197 329 330 333 78 334 209 82 83 338 214 215 219 348 220 352 353 358 105 107 108 109 373 377 379 253 
4 385 258 265 138 275 406 23 408 279 411 414 160 164 293 38 40 296 45 429 48 50 435 181 439 440 184 186 318 66 71 74 84 344 223 354 228 230 105 110 370 244 248 124 
3 257 386 259 260 266 142 144 17 147 285 414 32 160 291 37 165 296 297 170 169 300 301 425 302 180 436 54 439 440 57 186 316 324 325 75 331 79 80 337 340 85 342 216 345 346 221 349 101 234 237 372 250 255 
2 256 261 272 402 20 407 157 161 162 290 36 422 167 42 426 176 177 52 436 437 441 442 447 448 322 71 200 202 333 207 81 338 217 346 223 96 351 356 231 107 108 110 113 246 251 380 382 
0 388 268 141 272 17 273 278 409 411 158 414 162 37 423 167 43 299 48 177 51 53 438 184 442 317 189 447 321 323 72 74 77 333 337 82 338 213 347 222 352 357 102 231 108 247 253 
1 384 258 260 262 8 265 394 13 274 150 159 34 35 40 168 44 173 172 49 178 433 54 439 442 444 448 73 329 78 82 214 343 88 94 352 353 109 375 379 253 
4 1 385 129 4 390 264 395 269 399 18 23 279 293 45 174 303 50 54 439 440 184 314 445 193 325 199 203 79 336 84 341 349 224 354 226 100 359 105 110 111 113 116 383 
3 271 144 146 275 276 152 412 414 31 417 35 421 166 296 46 302 435 54 56 185 441 187 312 192 324 200 332 77 80 81 85 215 216 90 350 355 360 234 111 242 371 255 
2 387 263 392 265 266 268 271 147 277 22 153 286 161 38 166 167 426 43 172 175 176 52 181 436 56 57 445 447 67 76 332 207 212 85 86 217 355 356 102 361 107 117 378 382 
0 2 3 4 388 386 7 393 268 273 278 26 37 168 296 172 177 308 53 182 442 448 206 82 338 339 213 87 344 223 352 97 357 229 362 367 113 114 116 118 119 252 
1 384 273 147 278 24 409 415 288 417 420 168 169 44 49 305 178 310 439 57 190 448 195 327 329 80 339 85 214 219 93 104 363 237 373 118 
4 384 386 259 5 390 264 266 395 268 271 274 275 404 149 279 156 160 41 169 46 174 50 178 55 60 189 448 65 199 330 335 215 88 95 225 354 99 358 105 109 243 375 381 
3 1 389 7 136 12 400 146 275 21 280 29 285 171 299 175 56 185 445 446 192 450 195 331 209 342 347 350 357 360 232 116 117 119 122 381 
2 1 2 266 147 276 150 281 412 157 287 32 418 420 423 171 302 308 181 313 441 60 446 191 198 330 332 83 212 88 217 101 107 366 112 240 371 
0 384 1 2 389 262 263 393 267 269 271 272 273 274 403 148 277 278 282 283 159 288 163 164 168 298 428 173 49 178 307 177 53 182 181 58 443 447 192 63 448 197 333 82 91 92 222 97 357 102 233 361 107 108 367 368 242 118 
1 3 133 134 263 8 392 10 15 274 404 279 158 32 164 298 302 54 438 444 198 334 338 339 212 343 88 350 353 235 240 122 125 
4 134 264 9 269 274 279 24 153 283 290 165 423 170 426 175 50 53 54 55 311 316 63 319 449 450 194 201 333 335 340 86 88 345 91 349 94 354 99 230 104 105 364 110 243 244 115 374 248 
3 387 4 5 131 262 392 15 401 274 20 276 277 281 285 286 162 166 167 52 184 450 341 91 350 94 95 231 105 364 365 112 121 380 
2 128 2 6 392 395 13 271 18 21 282 286 287 35 292 172 46 432 305 436 442 186 62 447 67 196 71 82 215 91 96 353 102 361 366 238 243 372 117 125 381 
0 1 2 388 7 272 17 148 277 23 283 156 288 292 426 429 53 182 314 187 63 319 66 197 202 203 204 333 336 89 92 94 223 97 228 233 107 367 246 252 253 382 
1 133 390 7 395 404 277 278 280 284 32 289 419 293 165 169 170 55 187 60 444 198 203 212 88 348 224 97 98 234 363 367 243 
4 384 128 259 4 5 131 263 136 398 16 21 279 24 153 284 290 419 165 38 294 423 169 170 429 308 55 184 65 450 199 205 333 340 343 218 349 356 104 361 108 364 241 243 115 246 120 253 
3 4 390 391 136 10 274 402 20 21 280 25 282 156 285 286 159 290 291 292 297 171 300 429 432 306 311 184 317 190 322 69 206 207 81 82 339 212 346 94 97 226 100 356 364 115 120 249 
2 2 386 7 393 10 395 397 398 16 402 21 22 280 281 26 283 288 35 291 168 172 173 47 177 305 52 436 57 58 186 62 190 67 196 76 215 227 100 232 370 371 116 
0 2 134 7 392 139 13 398 17 401 403 402 22 24 282 283 156 288 293 168 41 426 173 311 58 62 66 68 202 207 336 212 348 221 228 359 107 364 112 113 246 248 377 249 122 
1 4 388 7 394 13 399 404 277 23 283 28 29 33 289 162 428 432 433 434 179 435 440 59 187 448 193 325 72 210 342 215 349 224 97 100 229 103 234 238 367 368 114 243 378 123 124 252 383 
4 128 4 260 389 10 394 269 398 400 401 18 408 285 286 291 38 294 424 175 176 308 55 60 61 444 193 66 218 225 99 103 109 373 374 248 379 125 
3 134 390 137 265 142 146 404 406 25 27 30 286 159 290 35 291 295 296 44 429 305 181 314 195 69 71 200 332 205 339 341 215 226 100 101 231 360 105 362 236 367 249 252 125 
2 386 10 16 402 21 280 282 171 177 306 438 182 443 190 62 192 72 201 328 206 82 213 216 218 351 227 100 103 232 370 381 255 
0 128 3 131 387 13 397 401 403 404 27 283 288 289 294 41 42 297 428 303 179 308 311 58 69 202 212 342 348 221 353 233 238 112 113 242 377 122 123 127 
1 255 388 133 9 393 140 13 399 145 274 403 404 23 30 288 33 34 35 289 293 38 294 162 173 174 432 179 438 184 64 193 324 69 198 72 203 339 213 342 344 348 354 228 229 234 108 365 239 370 123 252 383 
4 384 389 134 265 139 13 398 15 400 23 283 29 294 295 175 48 180 309 185 58 441 60 446 193 74 331 204 79 336 209 340 214 216 218 219 221 350 223 354 228 230 103 106 364 115 373 120 249 
3 2 130 134 11 16 401 404 405 406 407 30 290 35 292 291 422 40 297 170 44 45 300 176 305 181 182 55 57 314 67 72 205 210 216 220 351 224 225 231 236 366 241 242 371 116 120 121 252 
2 258 7 263 391 136 397 401 402 148 22 26 287 33 36 165 38 296 41 297 301 306 307 435 316 62 67 72 75 76 217 345 92 352 357 231 237 116 373 377 126 255 
0 128 3 137 397 142 16 18 403 402 408 413 286 32 288 37 293 297 42 298 307 53 317 63 449 196 73 334 207 339 212 343 348 224 106 109 117 118 376 383 
1 128 388 133 264 137 138 14 399 19 403 404 407 408 409 410 28 415 289 38 298 43 300 47 303 179 185 317 190 64 73 74 75 213 218 348 349 223 354 227 124 
4 129 258 130 260 389 261 266 269 400 144 403 404 151 410 34 36 168 41 300 175 304 180 309 438 185 314 450 78 209 214 348 224 225 355 230 240 373 120 376 
3 2 130 261 6 135 390 11 397 400 146 19 405 406 151 411 156 286 289 35 291 37 40 296 431 432 50 186 315 316 320 67 195 197 71 199 76 337 210 86 342 351 352 225 227 356 109 112 117 120 379 125 126 
2 131 387 7 136 392 391 12 141 396 140 401 146 22 410 411 412 413 416 418 422 41 46 302 303 177 50 51 311 188 316 320 321 193 78 216 217 352 97 226 357 230 232 247 377 127 
0 128 132 261 8 264 137 397 269 403 22 407 154 413 288 37 39 298 171 44 178 52 438 183 312 441 317 318 448 77 78 81 217 351 228 358 232 238 243 248 123 379 127 
1 129 5 139 14 22 408 284 413 288 292 48 179 308 53 184 313 58 318 74 202 340 345 354 230 108 239 112 368 244 120 382 
4 130 4 10 143 149 29 413 416 419 421 39 295 170 44 306 180 53 54 311 439 185 190 319 191 65 323 324 196 81 218 355 229 233 234 235 240 
3 382 387 264 267 11 396 272 145 21 410 411 157 415 32 162 291 420 40 296 42 170 427 301 174 47 305 310 185 60 444 191 66 322 196 330 84 341 342 351 354 361 106 235 111 240 241 246 121 126 255 
2 385 8 267 13 141 276 407 25 412 417 421 295 301 302 51 436 311 312 67 71 72 77 205 343 348 226 357 231 233 106 107 236 362 238 241 115 118 247 122 123 
0 128 137 138 13 142 402 146 23 407 412 416 293 424 298 171 303 52 309 56 441 314 442 188 317 62 318 193 67 326 327 199 332 78 81 337 84 89 358 232 236 237 238 242 
1 129 385 390 138 267 268 14 143 19 148 275 22 24 409 153 160 292 165 38 423 299 177 50 184 58 443 189 447 448 69 202 79 338 87 349 228 357 103 364 239 112 113 244 249 124 
4 130 388 135 138 11 15 16 143 20 405 409 28 29 414 419 420 164 39 424 298 44 180 53 185 318 319 195 73 75 334 208 84 218 350 351 224 229 360 233 234 236 239 241 118 249 250 125 126 
3 261 135 136 137 264 140 16 145 401 21 406 405 149 26 410 415 419 37 296 425 426 427 174 430 302 306 51 181 56 312 186 59 440 317 444 197 329 202 76 335 207 81 211 84 340 87 216 92 354 227 230 236 239 240 241 245 246 250 126 
2 385 131 388 7 393 12 141 270 17 22 406 152 25 278 411 151 417 163 295 168 297 51 180 53 182 437 307 187 192 321 450 326 71 202 331 205 82 341 90 360 115 246 122 252 
0 129 391 392 138 13 14 18 19 147 277 146 152 412 157 31 416 417 163 422 298 43 427 428 301 303 308 183 56 57 188 318 67 326 72 332 78 211 354 232 363 236 237 239 244 247 121 252 253 
1 129 134 139 267 269 148 408 153 152 409 163 422 423 430 304 177 53 309 184 313 315 62 63 320 447 194 332 205 78 333 338 83 84 87 343 90 95 357 364 238 239 244 249 253 
4 388 389 135 391 396 15 144 273 24 25 281 28 286 414 159 158 420 166 295 298 170 171 429 299 434 54 183 56 444 61 190 70 328 329 208 339 85 343 344 93 349 355 359 234 363 365 245 118 374 250 125 254 255 
3 387 132 136 137 16 17 145 272 149 22 150 406 25 155 286 416 161 160 419 421 165 296 304 176 306 435 311 186 59 60 317 191 447 65 196 70 329 75 350 351 357 362 235 366 239 240 242 247 251 
2 396 142 270 146 147 151 166 425 172 433 307 436 437 438 180 441 450 323 76 208 337 82 213 342 87 90 346 93 98 357 231 360 236 237 241 242 251 252 127 
0 133 391 138 143 399 148 23 284 157 31 289 417 162 423 167 301 174 303 432 437 59 62 64 193 327 202 83 211 88 347 352 358 237 242 373 248 121 252 253 383 
1 128 129 258 135 140 13 144 19 148 24 25 153 152 29 419 422 424 428 429 174 433 309 54 58 314 189 62 448 199 73 332 333 78 79 338 84 343 98 103 360 364 365 238 242 243 118 248 249 250 253 
4 384 3 140 144 273 19 20 25 153 30 288 420 299 300 429 174 433 434 436 310 183 441 190 195 324 326 211 85 216 90 218 93 99 355 101 229 228 104 360 363 365 370 250 
3 256 2 136 394 141 272 145 146 402 406 411 31 287 160 34 292 165 421 167 430 304 177 306 51 181 441 445 62 65 67 70 76 335 80 340 214 350 355 356 105 361 110 241 246 376 250 124 
2 256 132 261 138 267 143 155 28 156 287 416 161 37 166 425 426 176 51 187 447 65 197 76 77 335 336 81 341 342 346 356 102 363 368 245 247 251 253 
0 257 258 6 143 276 23 28 167 423 303 432 437 439 186 444 193 67 198 329 337 82 83 214 342 218 347 219 96 358 104 366 252 253 
1 128 258 259 139 397 14 144 273 405 278 154 290 419 37 38 295 424 428 304 433 307 180 183 314 189 63 65 194 70 199 73 204 338 84 88 217 348 369 127 
4 256 261 8 264 139 140 141 269 146 155 158 415 31 35 36 425 428 174 430 305 179 313 444 190 449 194 68 205 79 80 338 90 224 98 354 359 234 365 366 369 371 248 250 378 254 255 
3 260 136 9 265 266 141 270 146 147 275 21 22 279 31 421 165 166 426 170 430 175 306 436 437 316 189 191 447 450 71 75 76 332 337 85 217 90 222 99 361 107 112 369 251 
2 256 130 261 266 271 400 21 22 151 408 413 417 162 37 422 40 41 298 427 177 307 436 310 183 441 188 68 73 202 76 82 341 220 357 361 362 251 
0 259 263 264 267 143 272 149 23 152 33 34 161 418 39 167 297 428 431 437 313 447 193 198 71 77 83 341 88 347 352 362 368 374 248 251 
1 128 3 8 12 149 282 29 159 34 424 169 59 188 443 319 192 194 450 69 199 78 79 335 340 88 348 353 225 102 364 110 368 113 369 115 372 254 
4 133 140 145 274 403 411 30 416 420 425 169 43 45 430 174 48 301 179 310 439 313 58 191 200 330 76 204 344 89 345 349 94 223 354 104 364 365 370 255 
3 385 260 262 265 10 267 142 270 17 275 152 26 35 164 37 421 166 42 170 172 175 431 434 181 440 316 445 190 196 74 80 85 86 344 350 95 106 366 376 377 254 
2 1 386 3 257 6 142 15 406 407 281 27 156 285 161 37 171 427 432 307 312 186 442 317 191 195 197 201 202 337 338 86 87 343 342 351 96 228 356 232 105 362 366 367 113 372 118 246 375 377 
0 136 392 143 272 148 277 406 28 414 288 33 419 37 46 304 177 433 316 189 194 203 79 82 341 92 93 226 102 368 372 373 378 
1 257 3 259 263 265 12 270 143 18 149 282 155 283 29 159 34 39 40 167 424 45 173 429 178 437 314 188 448 193 73 77 333 347 94 353 99 228 364 373 379 380 
4 258 4 133 6 388 260 11 14 145 18 403 274 23 154 284 30 288 35 420 294 40 425 43 428 173 174 433 179 180 435 54 310 184 313 320 449 194 323 198 199 73 75 341 214 89 346 349 94 95 223 354 229 359 231 234 108 364 369 370 116 375 121 378 380 
3 5 139 140 141 270 275 20 276 409 285 31 417 290 36 421 420 164 422 297 426 302 431 176 49 434 307 180 312 185 316 190 319 192 321 197 74 331 82 341 87 344 216 90 229 360 105 371 375 254 
2 1 388 260 262 137 268 397 15 16 17 271 402 276 273 281 412 285 158 286 163 291 426 43 427 170 48 176 181 440 186 191 195 196 197 71 201 80 337 87 92 222 350 105 106 371 375 247 376 383 
0 258 387 136 9 267 268 14 143 17 148 21 22 277 406 153 282 287 33 291 292 38 423 47 313 316 62 318 67 198 72 201 202 203 208 88 93 349 226 234 107 362 111 112 367 368 239 377 378 124 381 382 
1 257 259 8 268 269 142 144 149 153 412 158 39 167 423 424 425 178 434 52 437 310 183 314 315 188 193 323 324 199 200 77 85 89 90 347 98 99 232 363 108 369 373 374 
4 384 258 386 260 263 8 9 391 14 145 18 274 20 148 150 276 404 155 284 30 288 161 166 425 173 174 430 304 51 315 443 320 325 198 199 74 204 210 83 344 90 94 95 353 99 230 358 108 370 374 375 378 380 383 
3 384 256 385 5 261 10 139 12 266 397 271 16 17 21 22 406 24 25 26 409 280 290 292 294 301 49 177 319 71 204 205 91 96 352 100 101 229 360 105 365 237 240 114 115 242 380 127 
2 260 6 391 11 267 397 272 21 277 26 156 157 286 291 37 296 297 170 428 307 440 313 442 186 317 318 447 191 322 202 203 206 207 80 337 211 212 88 93 350 101 102 237 111 112 372 376 381 
0 387 132 133 389 263 394 12 142 17 21 22 279 277 153 282 27 158 33 291 164 292 422 169 297 428 48 433 177 54 182 313 187 318 323 328 201 202 207 208 88 93 233 107 111 112 377 123 381 
1 130 135 8 13 142 15 269 18 274 20 404 412 159 293 39 303 52 314 193 322 198 329 208 209 214 343 355 103 104 233 232 240 113 369 245 374 119 373 378 
4 384 389 263 394 13 270 144 19 24 284 158 289 34 294 40 173 431 435 436 443 320 321 194 325 204 205 206 210 83 89 90 91 96 353 99 100 235 109 114 375 379 380 254 
3 384 386 387 266 397 15 24 281 282 285 30 161 162 290 294 167 295 172 305 436 57 441 61 62 320 321 200 75 76 204 206 337 216 96 356 357 232 105 361 241 114 115 121 380 
2 386 133 262 391 138 267 16 145 146 147 272 23 152 411 157 286 31 415 162 36 292 167 42 306 437 317 196 325 327 211 86 222 97 102 358 363 235 246 248 121 377 382 
0 383 263 392 266 397 273 22 153 27 158 287 418 37 38 302 176 434 439 57 446 323 324 197 72 78 207 337 209 212 213 86 214 217 218 99 356 103 107 117 377 122 378 127 
1 387 389 269 143 400 273 18 403 149 23 27 285 33 290 163 164 38 297 175 60 444 319 448 65 329 203 207 209 213 214 218 94 99 117 248 378 123 379 383 
4 129 389 136 141 270 399 19 148 275 408 409 26 154 29 160 289 34 418 294 40 168 170 299 428 304 53 439 58 443 319 320 65 325 328 329 330 205 333 210 215 220 94 95 100 105 361 366 238 114 119 251 380 
3 256 130 386 390 11 269 271 272 276 415 161 166 295 40 41 296 431 305 51 436 435 437 179 442 317 321 449 327 200 206 210 212 215 89 217 96 227 101 102 359 105 241 
2 256 386 131 390 267 403 277 152 26 157 30 31 288 162 293 296 300 46 178 437 442 62 447 63 68 201 332 206 210 211 342 87 226 116 120 121 381 126 
0 383 132 137 139 144 151 29 32 162 163 37 38 421 428 47 48 433 307 438 312 443 317 61 67 328 331 333 208 212 218 93 223 364 369 241 122 378 254 127 
1 2 393 138 272 403 148 158 33 164 38 298 44 48 49 434 308 53 54 439 182 313 440 445 318 324 74 330 84 214 215 88 92 220 353 99 104 105 362 118 123 379 
4 385 389 390 393 394 139 270 275 404 406 278 409 411 29 33 291 296 170 299 44 45 303 304 49 50 181 55 183 186 314 445 64 320 66 324 325 71 210 213 215 219 220 100 229 105 110 119 123 
3 257 130 262 390 395 12 140 142 271 147 405 151 154 32 35 291 37 166 295 424 41 45 436 437 182 441 315 446 64 321 331 334 211 215 225 230 365 244 372 251 381 
2 131 5 261 136 267 396 141 272 17 401 275 406 287 162 292 301 46 47 306 437 311 185 443 447 448 71 333 338 217 92 222 95 223 97 226 231 108 365 112 113 247 376 121 
0 258 132 133 392 137 396 13 397 402 278 409 283 414 32 163 36 421 299 302 47 48 306 307 52 53 184 312 189 448 328 74 212 213 216 347 222 223 98 227 228 103 233 122 126 127 
1 128 2 3 260 389 265 138 394 13 398 143 272 150 24 159 288 33 35 164 40 169 427 44 303 49 53 182 439 444 318 449 67 323 324 329 337 92 93 224 228 362 109 114 247 375 379 
4 1 385 8 393 139 149 278 409 33 420 170 44 45 429 303 49 50 188 445 199 336 213 341 214 219 98 354 226 363 110 111 368 116 373 380 
3 129 135 395 140 396 399 271 276 405 281 154 156 412 161 417 35 420 166 39 40 424 46 302 51 309 310 55 56 441 187 64 320 321 192 72 331 77 334 336 216 346 219 220 221 225 226 357 230 236 244 251 
2 387 5 263 136 392 268 272 146 275 151 153 411 160 38 41 43 427 430 302 306 51 311 185 316 70 71 331 212 340 347 221 95 102 365 241 242 250 378 382 
0 3 4 132 393 11 396 142 273 402 147 278 407 152 281 158 417 163 36 303 48 432 306 52 438 312 317 322 333 339 216 344 218 101 229 237 113 114 371 119 126 383 
1 3 132 133 389 143 402 274 403 24 153 157 159 415 419 164 420 294 169 42 43 427 305 54 312 59 444 318 63 193 67 195 328 333 80 337 208 219 223 104 364 238 247 
4 390 8 266 139 271 275 20 404 278 280 156 414 288 290 163 294 424 41 299 46 49 50 433 55 314 59 188 445 319 64 194 328 334 340 343 215 90 224 225 98 229 230 103 105 368 244 119 375 253 381 
3 129 386 257 7 135 265 392 12 14 399 145 150 410 155 161 420 292 166 39 41 425 171 302 432 309 310 56 60 191 65 67 325 331 335 336 342 216 217 347 219 221 97 225 356 230 232 116 117 245 121 122 
2 387 392 141 406 151 152 156 160 162 422 423 172 302 430 51 308 437 57 313 447 192 66 70 198 332 336 83 340 88 231 107 236 250 
0 128 384 3 389 392 137 393 11 274 147 278 281 159 288 164 427 44 47 48 49 53 312 443 317 62 191 448 72 328 202 333 337 342 343 223 228 101 103 232 237 371 118 
1 4 132 133 388 389 10 15 143 399 274 402 279 413 158 164 42 174 303 49 312 58 64 449 448 333 334 218 350 222 233 235 109 240 114 243 125 
4 128 263 138 395 400 274 19 149 280 410 159 163 164 419 424 425 426 175 433 50 55 311 316 64 65 448 73 329 201 330 334 335 339 86 343 344 345 214 91 353 230 105 110 239 244 373 249 379 253 
3 1 386 387 6 391 392 396 14 276 277 150 281 410 155 412 284 162 165 167 295 171 51 52 55 316 61 446 194 325 70 75 80 336 220 226 230 104 106 235 111 240 374 121 250 255 
2 128 2 7 135 13 272 18 146 402 277 406 151 405 282 156 287 162 37 166 167 421 296 45 306 187 315 71 201 202 331 332 337 212 341 342 222 97 353 225 356 102 238 112 241 243 246 
0 256 388 8 393 157 417 166 422 297 173 429 178 307 436 58 314 62 319 448 67 76 77 333 204 337 343 89 346 94 98 228 233 118 247 253 
1 4 389 390 263 395 399 17 279 280 285 159 287 164 165 293 424 170 428 429 179 54 55 60 444 63 449 68 197 199 328 73 333 78 338 339 343 344 348 107 364 238 119 377 
4 131 388 390 136 138 139 395 269 16 145 400 274 21 405 280 408 154 285 159 290 165 424 169 170 48 434 439 59 60 318 64 448 450 195 69 199 74 340 89 345 349 94 223 225 228 356 230 110 239 241 115 244 246 120 
3 1 259 6 391 390 11 400 272 406 407 286 160 165 169 425 430 176 432 439 56 445 317 446 66 322 330 79 80 207 335 212 345 90 346 221 349 97 231 236 110 111 240 245 121 250 
2 387 392 12 397 398 20 277 151 407 282 283 157 288 290 167 168 42 426 172 173 431 441 58 61 63 71 200 76 336 337 82 86 351 352 227 232 362 237 110 122 380 
0 257 134 8 393 139 267 141 398 407 24 152 411 412 283 288 293 168 172 432 177 51 53 437 58 63 448 321 68 72 77 338 343 88 352 353 231 232 233 359 364 238 112 118 377 249 123 
1 258 4 389 262 263 9 394 268 399 404 284 34 38 169 44 172 173 178 179 435 53 438 440 442 59 443 449 325 78 82 83 338 210 339 215 348 349 223 224 352 100 229 113 119 249 253 
4 138 395 401 18 23 285 286 288 289 290 291 293 169 170 428 175 176 434 55 439 59 444 61 448 449 66 450 203 339 340 85 94 350 224 99 230 235 239 240 113 115 249 125 254 383 
3 260 6 137 265 396 142 270 144 27 414 165 40 170 171 427 180 54 57 61 191 65 324 70 326 76 80 337 341 90 351 226 231 362 234 366 367 241 250 252 
2 1 265 402 171 175 176 438 57 443 445 321 328 76 337 85 213 346 91 347 218 352 355 227 103 236 247 376 122 127 
0 128 386 3 262 7 8 267 13 398 272 404 23 26 283 28 411 289 37 294 167 296 172 432 177 178 179 437 182 442 443 447 64 68 69 72 333 206 342 87 348 353 116 123 252 
1 383 4 260 138 140 14 145 273 147 284 30 289 417 35 169 174 433 179 183 57 448 327 82 339 88 344 349 352 353 229 365 237 239 370 248 379 253 255 
4 263 264 268 400 405 23 279 409 293 169 175 178 180 53 308 185 60 189 444 446 448 199 203 331 336 339 84 343 88 216 221 350 99 358 359 104 106 111 113 115 120 248 125 383 
3 1 386 5 6 389 11 270 144 406 407 280 282 412 29 414 291 36 292 296 297 299 175 176 435 307 54 182 440 185 310 187 324 72 76 209 85 215 90 95 100 234 236 241 370 119 247 121 381 126 255 
2 1 2 258 261 6 263 265 11 397 272 148 150 27 411 33 162 292 420 38 171 175 176 181 441 187 60 445 446 67 197 330 85 86 346 91 96 227 356 101 355 237 240 371 373 122 127 
0 1 257 386 7 271 272 18 403 26 296 177 178 181 182 183 192 449 206 334 82 339 213 343 91 224 353 98 102 233 362 361 109 238 367 114 372 116 118 
1 129 3 392 138 13 398 274 19 147 404 409 410 283 415 32 417 163 294 299 300 173 302 48 53 57 185 443 188 190 193 69 327 328 74 75 212 88 93 353 98 358 234 237 239 119 122 123 
4 129 130 388 5 261 10 266 268 14 15 151 153 290 36 423 41 175 178 184 448 193 323 70 75 333 88 345 94 350 99 355 229 358 230 104 234 239 243 245 373 376 379 124 
3 2 4 132 6 389 137 10 11 12 266 15 147 275 150 29 285 296 299 175 176 180 190 450 196 326 331 76 80 209 337 342 351 227 356 231 236 365 112 241 370 117 246 119 122 126 
2 11 12 16 150 407 412 32 418 420 303 305 182 442 187 60 188 446 191 317 193 67 327 72 330 78 82 86 87 91 347 221 356 101 232 361 240 371 122 382 
0 1 2 7 8 264 267 12 269 271 17 18 403 277 408 154 287 39 44 177 181 182 188 63 198 73 77 78 82 91 353 357 358 361 373 377 123 379 
1 5 392 404 23 414 32 289 288 293 294 299 302 304 309 58 188 189 193 69 328 74 203 212 340 345 219 349 93 354 230 359 234 235 239 368 115 373 120 122 383 
4 389 393 10 269 14 15 399 274 405 279 153 284 413 415 416 34 290 164 421 423 300 174 303 306 184 185 63 64 65 448 319 196 70 199 75 333 81 86 95 105 235 240 243 374 379 
3 385 4 6 10 267 15 16 272 274 275 21 406 25 157 285 416 417 162 42 426 427 47 306 180 55 184 185 317 191 195 326 71 327 202 331 206 90 92 94 100 356 360 364 110 370 375 122 126 382 
2 386 6 8 137 11 395 13 271 16 276 21 22 407 152 417 35 292 291 422 302 47 305 51 307 186 192 72 77 206 207 215 347 348 97 357 233 237 238 111 366 241 242 371 116 247 376 123 125 127 
0 128 387 7 8 18 277 22 408 156 293 424 298 426 302 309 183 314 188 192 193 66 199 72 202 78 336 84 89 353 102 233 243 117 246 123 382 127 
1 129 385 134 7 264 390 14 19 275 277 278 23 284 160 288 165 294 293 303 49 50 179 184 58 187 188 198 74 208 97 354 359 363 238 239 367 113 118 378 
4 128 384 389 9 138 11 398 16 19 20 275 404 409 410 29 415 289 420 38 299 300 305 178 308 185 444 449 450 75 204 80 209 214 218 348 350 351 355 236 365 240 241 114 245 119 126 
3 256 385 130 260 136 10 395 15 16 147 20 21 407 411 285 30 159 31 161 290 35 295 427 300 429 306 312 185 186 441 316 317 195 69 200 202 77 336 339 87 92 351 356 110 241 115 246 375 376 121 122 249 380 
2 132 388 137 10 11 393 16 147 21 22 278 280 281 26 412 162 163 36 292 168 296 306 307 53 182 190 192 77 206 211 87 217 352 100 357 370 116 376 121 252 381 
0 129 131 387 138 14 401 18 19 22 23 408 282 28 287 32 418 292 37 293 167 41 297 302 303 307 183 311 188 192 193 197 198 73 202 78 207 217 92 221 354 107 239 244 122 382 127 
1 388 134 144 19 23 24 409 28 33 162 293 298 429 430 432 184 315 63 448 320 194 72 74 203 205 208 84 342 88 90 218 94 95 353 354 108 364 244 118 378 123 124 252 383 
4 129 130 389 135 391 140 13 398 396 274 20 24 25 410 283 281 159 415 34 166 39 294 171 300 173 303 305 310 56 314 448 193 195 323 69 324 204 205 338 85 343 219 354 355 103 233 114 373 245 119 
3 386 132 134 137 16 20 21 22 404 411 32 416 290 421 295 40 170 171 44 305 306 51 185 314 196 200 331 76 205 215 224 225 357 232 105 361 110 366 241 246 247 120 251 
2 386 132 137 396 142 17 21 22 152 31 162 36 165 296 41 301 302 433 435 438 318 67 323 75 208 213 87 216 217 345 93 221 352 98 357 111 242 116 121 255 
0 387 132 133 392 143 16 399 18 27 28 284 413 286 289 292 37 297 42 298 172 174 303 59 64 196 198 207 83 221 222 358 106 367 243 248 376 
1 134 135 137 138 393 140 398 144 19 404 407 25 28 414 419 293 38 424 298 299 47 432 443 188 317 318 194 68 72 74 203 79 209 213 218 354 227 359 360 364 365 239 244 118 249 250 123 252 
4 258 135 263 394 140 13 14 144 145 273 20 404 24 25 283 34 39 168 169 299 49 305 434 436 438 441 190 195 326 204 78 80 211 85 214 216 348 93 224 355 101 360 370 245 373 124 
3 256 130 387 134 7 135 141 401 146 19 402 21 404 25 287 416 289 292 421 295 426 44 300 301 177 50 305 55 312 314 62 191 67 199 201 76 205 215 224 226 356 109 366 241 116 246 120 379 
2 256 1 386 131 136 137 138 140 141 396 143 401 410 28 31 32 417 287 165 422 296 41 297 427 301 302 50 435 311 442 316 320 321 197 202 75 77 207 337 211 87 216 217 345 221 226 230 362 363 236 367 368 121 252 253 382 255 
0 2 258 132 133 261 138 397 143 16 23 28 412 286 168 42 171 302 307 52 308 439 312 441 313 444 317 322 196 198 329 203 333 207 81 214 219 222 351 227 104 106 376 253 127 
1 259 133 134 137 138 144 148 405 22 23 24 407 29 290 292 38 295 173 429 47 304 178 180 308 439 313 314 189 318 317 65 70 199 202 208 84 213 343 89 218 224 227 228 359 233 364 238 112 249 123 382 
4 256 258 261 135 394 143 144 145 146 399 404 413 30 31 34 294 39 168 424 49 305 53 310 309 438 189 323 324 78 348 224 98 355 360 105 234 366 371 245 120 250 123 
3 130 261 264 395 400 272 146 19 21 27 286 31 289 37 426 45 306 310 55 442 315 447 196 325 71 199 332 335 81 84 217 222 225 102 107 235 109 111 112 116 245 376 379 381 
2 131 136 140 141 401 406 408 410 282 412 413 287 293 41 298 432 50 307 183 56 311 188 316 447 192 321 320 197 72 73 202 82 92 230 231 107 236 372 247 
0 258 259 261 263 264 138 142 149 33 34 37 39 423 42 171 427 48 432 308 312 313 441 62 318 193 203 81 337 217 351 227 232 237 242 243 373 374 248 
1 388 133 138 139 403 148 404 22 24 29 159 34 419 292 293 43 174 314 450 199 202 333 335 84 340 89 218 94 225 228 359 233 364 110 238 112 115 373 374 253 382 
4 129 260 134 140 143 149 25 411 413 30 414 416 33 35 164 419 299 301 429 303 304 53 310 184 186 191 319 323 324 200 76 209 85 213 95 224 233 365 244 375 250 255 
3 130 261 262 391 264 267 145 146 406 152 410 155 37 421 425 42 426 45 46 174 176 50 437 60 444 446 316 65 321 325 71 327 81 211 84 212 86 92 354 107 235 115 117 245 376 377 
2 257 385 3 262 136 137 141 146 25 416 295 426 427 46 51 307 316 447 197 332 205 206 207 336 338 343 228 236 113 241 115 372 118 122 
0 137 138 142 146 147 148 407 152 28 412 414 416 33 417 419 428 304 308 56 57 189 62 317 318 194 322 198 326 203 79 208 337 338 83 93 236 242 247 253 383 
1 259 265 267 270 143 144 18 404 149 153 154 155 284 413 34 39 40 423 424 428 45 48 177 183 314 188 319 447 333 87 88 89 94 357 233 369 374 379 380 254 383 
4 388 6 9 265 11 139 140 144 145 404 150 409 28 30 40 298 429 434 59 319 320 329 208 210 341 346 100 229 231 236 365 110 239 370 116 118 121 123 255 
3 256 261 140 141 16 145 146 149 150 281 410 31 415 417 287 419 420 422 425 426 307 436 435 311 442 59 316 192 65 321 197 200 329 75 206 335 82 211 340 342 87 346 91 95 96 356 110 239 112 240 366 246 250 
2 257 262 267 268 142 270 273 152 411 156 158 286 32 417 163 37 41 427 172 431 48 180 437 61 450 67 326 207 336 90 357 360 366 251 383 
0 133 263 391 9 14 142 278 152 412 157 31 33 423 427 301 433 437 438 62 318 447 67 198 72 77 337 211 213 342 93 349 98 234 239 368 119 247 121 378 124 252 
1 258 259 269 148 149 152 408 154 34 418 422 39 168 423 425 428 429 178 179 53 310 58 315 62 63 318 68 200 73 332 333 334 85 343 89 90 94 228 363 238 239 369 242 373 378 253 
4 386 3 391 265 273 403 276 150 159 161 35 419 166 39 425 434 51 183 59 315 320 193 449 324 325 329 74 205 334 79 340 215 343 89 90 93 349 363 365 249 380 254 
3 256 261 6 262 266 11 12 394 397 146 150 151 26 31 34 162 36 165 422 167 296 41 425 420 430 304 51 436 435 440 185 316 65 206 335 214 345 92 96 352 237 240 242 371 245 376 124 127 
2 256 267 397 272 151 155 161 166 425 42 427 428 432 436 437 313 61 62 318 65 66 327 203 76 335 88 93 351 102 112 241 372 245 377 251 382 
0 389 6 394 276 279 153 158 162 164 38 167 169 427 432 433 54 438 186 318 323 332 208 337 82 211 87 93 96 352 228 366 117 247 127 
1 128 130 258 138 397 269 15 403 20 149 152 154 288 33 34 37 422 168 428 433 307 308 438 439 184 59 62 318 448 68 73 333 338 214 217 94 355 360 240 242 243 245 374 373 248 379 253 127 
4 385 258 3 394 274 158 164 428 429 174 431 49 436 183 440 314 444 316 64 321 68 325 74 206 80 210 338 91 349 96 354 105 363 108 375 248 249 380 254 
3 391 392 9 394 397 271 21 279 26 155 282 287 161 34 167 170 172 430 175 431 304 302 435 57 441 189 62 197 70 71 201 75 331 206 212 85 86 87 214 90 350 99 360 105 106 237 112 369 371 245 124 255 
2 1 130 133 138 12 271 272 400 18 23 152 155 287 40 425 47 436 437 310 57 65 71 212 341 342 91 220 97 226 102 358 362 107 363 243 245 248 126 382 
0 257 6 276 153 158 161 431 433 434 439 186 442 318 447 193 323 324 71 332 208 209 341 214 87 88 347 92 96 99 366 373 118 122 251 252 383 
1 258 389 12 268 397 400 273 153 154 282 285 290 37 294 168 44 173 429 175 49 433 307 308 434 60 319 192 65 73 78 83 343 88 217 218 348 93 99 102 104 363 372 374 127 
4 384 385 259 4 133 134 8 136 141 403 149 26 155 158 415 165 39 169 43 44 428 174 434 179 184 313 58 63 68 325 205 210 338 220 349 223 354 105 361 366 370 375 248 251 254 
3 5 136 9 266 271 275 279 164 165 166 46 431 434 437 442 189 327 206 212 85 217 90 345 350 95 99 100 102 369 376 254 
2 256 1 130 387 261 141 271 272 400 403 152 412 288 292 37 166 293 40 421 42 171 176 432 178 310 316 62 63 447 322 68 327 202 76 341 91 220 222 97 356 105 107 117 377 127 
0 388 7 139 144 153 28 29 158 161 163 38 43 172 431 177 433 182 443 447 71 328 333 208 213 341 87 352 357 362 364 369 251 254 383 
1 384 3 389 263 8 264 12 268 269 273 18 279 154 282 164 294 168 424 428 178 183 439 440 188 445 64 192 448 69 328 330 78 215 88 220 224 353 98 99 102 105 109 368 372 379 
4 385 259 133 390 264 269 14 15 143 274 403 148 275 404 406 155 160 33 418 291 419 38 39 40 169 296 43 44 45 174 429 304 49 178 53 181 55 184 313 186 444 189 445 448 449 66 71 199 330 203 79 335 210 214 215 89 348 94 95 223 350 105 364 110 369 243 374 380 
3 257 386 5 10 266 397 142 15 271 147 275 151 281 412 285 30 286 32 417 164 37 41 46 175 176 434 436 441 190 446 326 74 80 211 344 90 95 355 100 101 360 105 237 365 367 372 376 381 254 
2 386 6 262 392 11 15 16 272 276 277 281 282 157 286 285 162 167 42 171 311 57 443 317 191 448 322 195 196 197 202 333 337 338 216 91 222 223 96 356 102 232 105 106 107 108 113 375 121 
0 2 136 393 12 268 272 17 273 278 406 153 409 158 287 414 163 299 46 48 177 308 53 182 437 184 443 316 189 192 448 323 69 328 74 88 218 92 223 98 226 227 357 102 103 
1 257 260 388 134 8 265 13 274 403 150 23 278 409 279 283 288 35 163 164 38 167 40 423 49 178 437 54 188 444 63 449 324 198 77 334 79 88 347 348 224 98 104 108 375 
4 1 390 140 14 18 19 274 279 280 284 285 160 289 288 165 169 170 50 179 55 445 450 198 199 204 336 84 85 340 341 88 220 225 226 99 105 108 364 110 111 116 378 380 
3 5 391 10 139 15 16 401 275 276 151 280 281 409 407 412 285 417 295 296 297 302 49 307 436 182 185 442 187 190 319 192 321 195 326 77 80 85 90 95 226 100 101 229 360 105 111 370 375 380 255 
2 1 387 260 263 268 271 276 21 22 277 153 281 286 38 296 42 43 170 306 52 440 316 447 196 327 201 332 80 212 92 222 350 97 102 361 106 107 112 376 378 382 
0 4 17 21 22 277 278 282 283 291 292 168 297 53 443 192 197 328 201 202 77 339 213 344 229 357 103 111 113 114 119 377 381 
1 8 393 394 142 273 274 278 279 408 412 159 288 415 164 420 43 173 305 52 310 439 188 444 190 448 322 195 198 329 334 80 85 343 229 104 232 108 368 114 373 378 253 383 
4 386 4 389 390 263 9 10 266 398 271 399 274 280 408 156 284 415 161 34 289 165 294 41 170 173 46 55 440 443 450 199 204 335 83 213 353 230 105 364 109 113 115 244 119 379 381 
3 384 386 390 7 12 15 276 21 22 24 25 280 161 294 426 431 311 185 60 446 204 205 336 210 82 341 216 347 232 105 107 237 110 114 115 116 120 377 122 380 
2 386 131 387 391 145 21 22 277 282 27 286 287 415 162 291 167 296 423 172 301 52 308 55 57 313 442 447 325 198 332 206 337 83 211 88 222 352 226 235 111 112 376 251 
0 384 387 388 389 266 12 398 17 273 274 277 278 413 159 163 164 291 292 173 176 49 443 317 446 63 448 68 201 202 207 86 218 93 223 228 356 103 108 113 372 117 377 
1 128 387 4 388 389 393 10 142 15 143 273 18 274 398 23 279 409 27 28 284 288 289 164 293 38 169 297 174 48 52 59 444 449 322 328 203 334 207 83 344 350 99 235 108 109 240 113 243 117 118 378 125 254 383 
4 384 5 263 264 394 395 19 148 149 275 24 408 284 29 33 418 165 426 299 175 304 50 439 184 311 58 60 445 316 449 68 325 199 328 201 333 335 83 340 86 91 220 353 230 358 104 109 238 239 368 244 374 379 124 253 
3 384 1 130 131 387 261 6 390 392 396 269 147 20 276 277 24 281 30 286 160 162 35 37 294 167 300 46 51 52 179 56 186 61 445 192 449 195 204 205 207 336 89 346 221 226 101 359 105 110 367 114 115 375 120 121 125 
2 128 390 7 396 13 145 18 277 282 27 30 31 286 415 291 37 172 301 300 177 52 55 321 325 76 332 207 337 210 211 342 221 353 227 362 235 238 111 366 243 116 120 121 376 126 
0 3 388 387 392 393 266 397 22 151 32 163 292 421 168 297 42 173 429 176 53 312 314 61 446 63 192 447 448 319 202 331 204 333 207 86 343 89 217 94 222 228 356 233 107 112 113 241 118 123 
1 128 2 387 133 390 9 393 394 395 399 272 404 280 27 28 284 285 289 164 165 169 170 297 428 303 308 182 55 183 59 64 207 339 213 348 93 224 353 362 113 114 117 118 378 123 
4 131 5 389 136 393 395 269 16 400 18 148 21 404 24 280 285 290 418 165 294 39 40 168 170 44 429 174 303 309 55 184 58 314 60 65 193 328 335 339 213 214 224 354 356 229 230 235 109 110 238 113 241 246 374 123 
3 390 135 391 11 395 269 25 30 286 416 295 40 171 432 179 437 315 317 64 449 322 321 326 201 331 76 205 207 212 341 342 89 346 92 221 352 97 225 226 230 231 359 236 111 115 244 246 121 125 382 
2 390 393 266 12 397 396 271 398 282 283 411 30 31 288 162 36 292 168 41 172 173 46 301 300 177 306 307 311 58 63 191 192 327 337 210 216 221 226 232 112 242 117 120 121 122 377 
0 387 132 134 8 393 139 142 402 278 151 24 27 412 32 293 421 173 178 307 183 312 58 61 317 448 67 68 323 198 331 228 359 233 364 238 241 118 249 122 
1 128 2 258 133 138 394 398 143 272 278 279 284 33 38 169 43 303 178 179 308 435 182 440 313 64 449 325 199 210 213 215 218 92 93 349 98 100 229 234 362 239 368 118 124 
4 5 389 393 10 139 399 401 278 280 25 409 155 286 415 414 33 34 163 290 291 169 170 44 303 48 176 54 55 59 61 319 66 70 200 328 334 79 339 340 213 344 345 93 350 230 235 239 113 120 123 124 125 
3 1 130 135 137 11 140 142 405 406 154 27 40 424 50 181 310 55 56 61 445 64 66 76 334 335 341 225 231 105 106 235 236 362 367 244 252 125 126 
2 5 7 136 392 142 401 147 275 411 287 32 36 41 46 432 177 306 51 182 438 56 185 443 192 67 326 328 213 342 216 218 347 221 95 227 357 103 236 237 365 247 
0 396 398 402 147 403 404 288 289 36 37 294 423 306 179 52 307 57 58 64 322 68 69 327 73 338 343 216 348 93 222 227 228 232 238 113 123 126 127 
1 133 134 8 140 14 145 404 409 284 157 30 33 289 35 294 168 43 427 48 433 184 59 318 63 67 323 69 337 83 344 93 349 234 365 238 239 368 370 247 124 255 
4 129 5 134 263 8 138 399 404 405 278 409 410 163 423 40 44 175 309 55 185 441 313 188 189 446 193 194 70 331 79 336 340 216 345 93 221 350 224 225 98 230 104 106 234 239 240 368 
3 129 387 135 391 140 399 400 145 401 150 406 407 412 415 416 291 292 420 39 296 297 171 50 309 182 186 187 442 190 66 67 196 71 72 330 91 219 222 97 226 230 232 235 247 120 126 
2 258 263 12 141 143 272 148 406 151 407 411 287 160 33 416 38 167 41 426 430 177 51 182 311 316 62 70 71 326 337 340 347 221 352 241 373 247 250 127 
0 133 8 11 18 402 403 152 281 408 417 42 173 47 178 317 191 449 322 68 327 72 334 339 343 219 348 224 227 101 357 232 233 109 237 238 114 242 371 118 123 
1 132 138 14 143 402 148 279 153 410 413 415 294 39 423 299 300 174 48 184 185 58 312 189 190 64 448 69 199 74 75 333 344 222 223 228 229 233 113 243 119 124 
4 5 261 266 139 144 405 278 151 409 154 414 159 163 36 419 294 295 41 169 300 429 49 433 180 54 185 59 64 69 200 73 75 334 339 213 343 345 348 350 224 229 230 105 240 244 376 249 124 125 253 
3 2 131 261 266 11 140 14 275 406 284 31 415 291 37 296 50 181 55 60 446 65 194 325 330 332 337 212 227 100 104 112 240 241 117 245 374 120 250 
2 387 135 141 146 405 22 413 418 292 426 45 302 303 431 51 315 188 193 66 67 321 76 332 78 336 221 352 225 357 242 122 127 
0 256 133 264 11 269 18 147 23 408 281 154 412 157 417 162 166 39 422 298 43 44 427 432 52 436 57 313 188 62 193 323 68 72 73 76 332 337 213 342 346 348 353 101 358 232 242 243 371 247 379 382 
1 129 132 5 134 143 17 274 402 283 28 287 294 42 428 304 53 184 443 189 69 197 333 79 338 340 345 349 230 107 239 113 115 244 120 377 253 
4 384 130 134 138 15 20 408 410 159 416 415 290 163 421 295 48 433 306 180 185 59 190 191 318 195 196 324 73 333 334 81 86 344 349 350 98 355 228 364 238 240 245 
3 131 259 387 267 141 14 16 272 21 22 406 152 155 284 157 162 165 296 169 42 170 425 427 302 47 430 181 310 55 439 66 194 70 71 330 331 76 79 81 345 349 350 351 104 240 241 245 374 381 382 
2 262 135 8 12 13 146 20 405 22 151 32 161 290 416 292 417 166 421 171 45 431 436 182 315 192 67 326 71 72 200 331 76 77 341 343 347 348 97 225 357 232 233 362 110 238 241 118 246 123 251 380 127 
0 128 256 257 13 141 23 411 413 418 293 166 167 422 424 51 436 309 437 183 314 442 62 321 322 199 73 76 332 78 337 82 84 343 88 89 346 347 352 353 357 231 363 243 
1 128 129 258 385 262 390 269 14 17 19 275 279 408 153 158 287 160 33 414 163 418 165 428 304 433 50 442 189 63 197 198 74 333 78 79 82 343 88 93 349 352 353 354 228 107 239 368 244 248 249 377 124 253 
4 130 135 138 11 15 16 143 274 408 25 410 285 159 35 420 293 295 169 174 48 49 178 305 180 53 54 439 445 190 318 195 68 329 74 75 203 334 344 219 350 95 223 351 354 355 228 359 236 364 240 113 241 250 125 126 383 
3 256 130 131 259 260 6 135 261 137 265 140 411 414 37 165 169 170 427 425 301 181 54 439 312 186 317 62 191 445 202 75 76 79 80 81 340 87 92 349 351 355 234 236 241 245 250 255 
2 132 388 137 266 393 12 397 20 278 407 411 156 32 290 163 422 168 297 176 177 53 446 192 66 200 82 86 222 107 110 371 247 251 252 380 
0 128 129 257 13 14 141 18 19 23 408 411 413 162 418 167 423 172 173 177 51 437 182 442 188 447 321 77 342 87 88 347 353 354 357 231 362 363 239 244 378 252 
1 129 4 262 139 14 19 278 24 409 29 413 414 289 163 293 423 172 173 430 178 435 309 438 183 442 315 188 443 64 320 448 323 74 205 79 209 82 88 90 95 352 353 354 359 363 239 244 248 253 
4 133 391 396 269 399 274 23 25 281 410 286 415 293 169 171 300 48 305 56 315 444 61 190 74 75 203 79 80 344 89 349 94 354 365 240 113 250 383 
3 132 260 6 392 265 144 17 275 22 406 26 411 30 31 414 162 36 421 166 295 41 170 301 175 435 54 310 440 186 445 446 447 321 324 71 75 76 85 86 217 90 345 95 352 356 357 232 361 234 362 365 366 242 247 
2 257 132 6 392 265 17 147 276 417 166 175 433 52 181 182 438 312 57 186 441 436 445 446 447 323 72 208 81 82 85 213 87 346 93 98 355 232 362 366 242 247 121 
0 257 386 262 7 267 399 17 26 28 284 413 287 289 167 296 172 174 177 308 437 182 442 59 64 193 198 77 78 206 83 93 352 97 362 368 243 116 248 
1 135 139 140 273 19 147 278 25 414 417 293 299 304 438 57 314 443 327 78 208 89 218 223 354 358 359 360 363 364 237 365 368 250 254 
4 259 135 268 269 398 145 279 25 415 420 294 40 425 300 174 305 178 436 439 441 448 326 211 88 216 219 223 101 358 360 364 248 
3 5 389 392 10 12 142 15 270 271 402 275 280 29 286 287 32 292 41 170 297 299 46 177 180 56 185 440 62 191 192 67 195 201 209 216 90 221 350 365 370 371 119 
2 257 6 138 11 142 143 16 150 281 28 420 171 176 177 57 186 60 317 197 72 330 337 91 351 96 101 361 362 363 366 367 240 368 252 253 
0 1 2 133 271 272 157 33 418 428 303 177 308 181 439 313 442 444 197 329 203 82 83 214 87 88 91 219 352 102 358 104 361 368 373 
1 263 392 139 405 29 32 34 163 290 293 419 295 302 180 183 313 314 188 189 65 193 70 199 79 84 212 218 93 223 358 103 359 233 364 122 378 
4 256 4 260 135 9 265 140 13 14 141 146 19 279 25 153 284 30 31 289 36 423 179 308 309 54 310 315 63 194 199 333 78 80 84 85 98 99 359 104 365 366 370 243 371 118 249 379 
3 256 4 5 261 141 270 146 274 26 287 161 290 421 422 177 306 180 311 184 312 442 316 445 190 191 447 450 195 196 200 201 332 337 210 85 86 217 90 91 94 95 222 105 361 107 364 365 110 112 240 370 246 251 380 
2 256 1 257 137 395 12 16 402 276 21 408 281 413 286 35 422 297 298 427 305 307 183 312 188 317 192 196 197 73 215 91 361 106 366 125 381 
0 2 258 259 388 7 138 12 272 17 148 149 22 282 156 287 34 292 39 423 298 426 193 66 197 203 78 336 83 88 102 362 107 367 243 373 246 374 253 
1 388 7 392 13 149 277 24 283 32 288 419 423 424 428 429 302 309 58 187 188 193 194 450 198 204 79 335 83 84 212 340 89 97 225 228 110 367 368 369 115 373 374 249 122 254 
4 128 260 135 398 144 274 150 23 24 153 411 284 30 159 416 289 414 164 420 38 294 423 169 425 43 44 173 301 175 304 430 308 310 186 315 63 191 195 69 199 200 329 76 204 333 80 208 209 84 90 218 348 93 95 353 239 368 245 374 375 373 250 379 255 
3 385 4 5 261 262 136 267 396 141 15 146 274 151 152 159 37 42 300 429 431 311 184 447 69 201 205 206 81 91 94 95 355 100 232 106 364 370 249 250 377 380 
2 3 10 11 12 397 142 395 21 280 26 35 291 37 292 422 297 432 305 307 190 197 201 206 207 82 211 212 87 215 343 100 101 228 106 367 113 118 376 121 377 125 381 
0 257 131 387 138 401 148 277 28 156 414 287 33 419 423 41 297 426 428 302 304 433 311 189 318 192 66 194 202 79 207 336 221 93 107 112 372 246 377 122 253 
1 385 388 133 7 264 265 393 139 269 270 18 149 277 154 155 283 160 33 34 162 163 293 40 298 45 314 187 199 72 73 208 84 342 97 108 367 369 373 118 378 252 380 383 
4 128 384 133 6 264 9 11 398 144 19 404 149 150 29 30 159 289 34 293 38 40 425 299 179 310 320 193 195 199 210 341 343 218 346 93 353 103 231 116 375 120 121 379 253 255 
3 256 257 5 6 134 266 395 12 141 142 15 400 146 20 404 281 159 417 290 422 41 171 44 300 429 305 51 307 436 314 315 316 442 192 195 69 197 200 201 205 82 339 212 342 215 96 356 232 106 112 241 375 376 249 125 381 
2 386 388 391 10 396 142 273 280 27 157 286 158 31 163 167 297 301 46 48 306 312 317 190 322 197 201 211 92 100 370 372 376 121 381 383 
0 258 131 9 268 397 14 401 27 28 157 33 41 297 428 302 307 311 313 323 197 202 203 217 221 93 349 234 107 239 368 124 382 
1 393 144 18 403 149 23 288 162 293 39 425 43 432 310 315 188 449 324 72 200 203 209 85 214 342 90 93 94 353 113 374 378 379 252 253 
4 384 386 391 265 13 145 276 150 283 155 161 35 420 166 39 299 430 304 51 435 185 314 315 189 320 193 209 89 90 219 95 224 103 369 370 373 375 378 380 
3 134 390 266 12 397 16 17 272 400 276 404 151 156 30 35 36 291 44 45 300 305 307 310 314 201 76 206 337 210 91 224 352 227 237 111 367 242 115 371 120 121 376 125 126 127 
2 257 262 391 136 267 396 397 142 17 406 157 32 162 36 165 296 41 42 426 428 301 435 311 312 313 442 316 318 322 202 75 203 206 211 345 221 93 97 362 107 112 116 377 126 255 
0 387 389 263 137 394 268 397 143 16 272 18 148 279 407 158 286 32 33 164 38 169 42 297 428 302 48 433 307 54 438 312 313 317 196 328 207 212 217 98 227 103 106 108 373 376 122 378 383 
1 128 384 130 259 133 137 393 398 15 143 20 407 159 34 39 47 313 317 318 448 329 204 78 208 218 94 227 228 355 240 245 119 123 379 
4 128 129 258 260 389 270 145 24 155 284 29 414 34 35 293 39 40 168 44 45 430 431 304 49 50 435 433 53 54 309 438 58 315 316 444 321 323 325 330 204 205 78 79 206 209 211 91 348 95 96 100 229 359 234 375 379 124 380 
3 392 397 271 400 19 405 282 410 156 287 415 161 289 291 36 167 40 41 172 46 50 436 181 310 55 57 315 316 62 446 320 321 197 199 76 205 337 210 211 342 215 216 346 91 220 96 225 231 361 106 362 109 120 379 
2 131 387 133 262 138 267 140 396 401 18 406 23 152 410 157 162 292 37 41 46 432 50 437 56 57 187 316 317 320 321 322 326 92 221 97 226 102 230 231 232 358 107 236 363 248 121 122 126 
0 383 132 261 13 142 273 402 147 148 37 42 171 428 434 438 439 312 441 317 318 324 81 209 338 214 217 351 98 99 227 232 237 242 373 127 
1 128 384 389 269 400 274 148 149 22 285 159 290 292 39 44 173 429 175 434 54 439 60 448 65 193 323 199 202 78 214 343 88 218 219 94 223 99 228 238 112 113 378 253 382 383 
4 384 129 4 134 390 136 141 270 143 144 399 275 404 280 26 154 413 414 39 40 299 44 45 173 305 435 53 309 440 314 315 188 320 448 323 90 220 95 224 100 229 103 105 233 234 361 366 369 251 124 254 383 
3 130 135 264 391 400 145 405 150 287 415 167 40 46 174 437 310 442 444 446 326 327 330 331 84 212 216 217 91 220 354 102 360 235 
2 385 142 403 406 152 25 288 416 162 293 295 41 178 51 61 317 63 321 68 326 331 332 205 212 221 352 97 226 236 366 241 115 246 377 382 
0 261 263 137 139 144 273 146 147 402 278 29 416 417 163 168 56 57 441 443 326 327 223 98 358 103 363 236 237 364 369 242 118 378 254 
1 384 133 8 267 403 148 22 279 408 153 154 418 44 173 428 177 434 54 439 440 58 444 445 63 447 323 329 330 333 334 87 215 219 220 353 99 357 105 233 109 112 382 
4 388 134 390 264 9 14 143 270 398 404 406 409 154 155 28 411 159 289 291 420 165 296 298 45 435 181 54 55 186 314 445 320 66 323 324 325 71 329 204 335 208 215 349 353 100 364 239 118 378 380 
3 256 257 262 264 266 140 142 147 149 410 31 32 415 419 37 166 41 425 45 174 50 59 187 315 444 446 320 321 326 71 329 84 226 354 101 360 111 239 367 372 381 
2 385 136 141 270 272 146 277 25 282 411 156 157 416 161 162 417 421 295 427 431 180 56 312 443 317 191 447 448 450 326 71 327 201 331 205 333 338 87 90 223 231 360 362 107 108 236 112 113 241 115 246 122 382 
0 257 391 393 142 273 146 147 152 409 412 157 414 31 168 299 301 48 432 53 183 56 184 443 189 322 323 326 72 328 74 332 333 211 218 227 108 236 247 121 252 383 
1 384 260 389 265 267 398 143 150 152 413 158 159 289 35 422 39 40 423 44 177 433 53 54 63 447 323 324 329 332 334 208 83 87 224 357 359 104 233 109 238 242 375 123 379 253 254 
4 1 3 4 388 390 273 404 28 159 288 415 419 165 298 50 434 54 59 69 329 335 80 208 336 339 341 215 89 348 226 100 105 235 363 110 111 239 116 118 380 
3 131 396 271 149 281 155 156 412 287 160 417 34 419 420 165 296 425 427 301 46 302 430 51 435 55 59 187 316 192 325 326 329 330 77 336 337 345 221 105 239 116 382 255 
2 256 263 268 270 272 17 402 151 152 153 156 416 162 421 38 166 426 43 171 52 180 437 57 450 71 76 336 341 90 347 357 360 378 251 382 
0 4 388 391 393 267 147 278 23 157 31 162 422 167 427 301 48 437 62 448 328 332 333 338 211 213 344 218 347 92 223 229 237 114 119 121 252 383 
1 384 258 263 8 152 415 33 163 164 420 422 423 428 305 433 54 310 439 58 190 62 63 319 195 328 332 79 80 85 214 219 348 224 98 104 114 242 123 
4 385 3 259 390 266 271 273 156 285 159 160 424 41 169 46 50 55 183 439 64 69 74 79 340 215 344 93 363 109 244 249 381 
3 256 1 261 7 391 265 394 16 145 22 407 281 411 160 161 34 36 166 425 171 430 304 187 445 62 446 197 70 330 75 335 80 81 336 337 85 214 341 217 91 220 221 347 350 355 101 232 237 117 245 246 122 124 127 
2 2 261 7 266 142 272 17 155 287 418 292 37 166 167 423 425 426 171 427 47 308 436 313 441 65 66 198 76 77 335 336 81 337 83 86 88 346 222 107 117 245 246 251 
0 384 3 388 389 6 262 267 398 274 276 278 159 288 162 163 164 167 427 172 49 53 437 186 443 442 447 192 448 78 337 342 87 343 347 223 96 352 228 102 366 247 
1 383 258 3 4 388 393 10 394 268 397 15 273 403 148 279 284 158 33 289 164 37 169 428 49 433 307 54 438 184 63 448 449 68 69 209 83 339 343 88 217 344 348 350 224 228 229 235 240 243 248 125 127 
4 129 259 5 390 395 269 14 400 280 283 285 158 159 418 165 294 170 426 428 429 174 175 50 55 311 60 316 444 63 68 201 74 205 78 338 339 340 86 91 220 349 359 115 120 248 124 
3 256 1 387 392 9 17 401 402 277 22 279 152 281 286 160 416 162 291 165 167 426 171 430 175 176 51 52 180 56 440 61 189 446 320 450 70 331 80 85 341 90 346 347 350 226 99 356 231 360 362 369 116 255 
2 128 130 261 392 13 397 271 400 18 282 287 161 40 172 431 176 181 310 57 186 62 447 446 197 76 332 337 211 86 342 217 346 91 220 222 351 96 352 353 238 366 243 117 251 
0 257 262 12 397 398 272 18 277 278 283 161 162 167 168 172 173 429 431 177 58 187 314 319 448 71 204 77 333 82 338 341 87 89 347 94 352 228 362 108 367 251 
1 4 390 8 9 394 395 12 399 273 404 280 282 165 169 170 428 179 53 55 183 313 59 64 192 449 68 78 334 83 339 213 343 344 229 102 103 363 109 243 372 119 
4 131 4 133 259 264 14 16 403 21 279 165 293 43 174 310 55 440 313 60 189 450 78 85 89 345 219 94 223 225 99 356 230 359 361 364 110 239 368 241 369 246 
3 391 265 397 270 145 22 281 286 415 164 167 175 176 432 434 180 437 56 61 190 317 445 322 74 207 81 211 212 85 341 344 90 221 350 97 355 356 357 231 365 370 116 376 121 250 251 125 254 
2 2 392 393 11 267 398 15 16 271 147 407 283 285 287 288 167 168 172 173 51 312 441 58 446 63 195 81 342 347 351 96 227 356 101 102 357 105 361 366 112 371 375 122 
0 134 7 8 136 262 139 267 393 272 406 24 158 168 46 182 58 187 316 442 63 448 447 71 338 341 87 92 223 97 226 228 359 364 372 249 
1 257 3 9 273 274 282 283 284 159 167 173 174 178 179 435 437 440 59 443 64 193 449 325 198 77 210 213 215 88 344 347 93 224 100 102 233 234 239 114 119 
4 129 133 269 14 143 400 401 18 403 404 279 284 285 286 288 290 291 165 38 295 170 43 173 303 176 309 55 313 59 61 189 449 66 194 198 204 340 350 225 354 99 230 235 108 238 120 378 
3 7 137 10 11 139 142 15 270 276 409 27 285 286 162 290 164 49 434 319 450 196 200 74 202 335 336 341 344 217 95 100 229 231 362 110 367 370 116 246 375 376 121 252 126 
2 2 260 266 11 12 397 142 15 271 402 407 282 285 286 292 297 170 172 176 177 182 438 56 440 186 443 446 191 195 196 328 201 206 80 82 213 87 218 91 222 350 352 227 356 103 232 105 366 117 375 122 127 
0 128 2 8 136 398 272 403 404 21 277 406 282 283 288 289 291 293 294 428 46 178 179 182 183 58 316 63 64 192 68 69 201 202 203 87 348 97 226 357 102 362 111 367 113 372 118 377 381 
1 383 129 257 263 8 140 14 142 145 404 278 23 409 284 412 30 35 293 167 423 169 174 303 434 53 437 322 198 203 77 344 347 349 358 232 365 113 370 373 248 124 255 
4 384 129 263 140 14 15 400 18 19 274 24 410 160 288 34 35 290 299 430 175 185 58 443 441 189 446 65 193 194 195 323 70 198 324 328 331 204 336 83 216 221 353 99 106 235 108 109 115 378 379 
3 384 385 6 10 139 275 20 407 25 26 281 409 412 286 290 291 292 294 295 297 49 51 52 181 182 187 61 190 319 66 67 195 72 200 205 341 86 346 222 351 100 229 105 236 365 114 370 376 121 
2 258 260 262 7 263 397 16 148 407 281 26 27 287 33 291 38 296 170 172 182 440 186 62 72 206 80 82 350 96 237 242 116 117 373 376 381 
0 2 12 13 398 18 21 22 408 287 291 292 293 183 188 63 449 68 197 201 202 334 207 339 343 224 97 228 102 109 111 114 243 377 381 
1 129 133 9 13 14 142 144 399 18 398 410 28 412 415 288 289 34 294 43 300 52 184 185 188 190 322 69 198 75 208 338 83 344 349 354 232 234 239 368 
4 128 130 3 258 259 261 263 389 266 394 400 273 151 409 33 290 36 164 294 168 41 169 44 173 428 175 434 54 185 443 319 65 75 204 83 339 214 345 348 349 350 353 240 114 120 376 379 124 125 380 383 
3 384 2 390 11 395 396 15 16 401 20 407 24 282 285 286 420 294 296 300 46 440 441 186 446 71 327 204 205 337 210 342 216 351 227 232 362 236 366 112 114 115 117 375 122 380 
2 12 396 16 17 145 402 26 282 412 413 31 415 418 291 297 302 303 432 177 55 188 62 193 66 67 196 322 325 72 201 78 206 81 222 97 357 235 242 116 121 381 126 
0 128 387 264 392 266 13 269 397 17 18 403 154 27 292 39 44 303 176 437 446 197 202 203 212 86 343 348 353 356 358 103 243 117 377 122 379 127 
1 129 387 5 138 398 18 19 404 278 409 27 297 299 44 303 184 73 207 340 345 354 230 108 238 239 115 244 117 120 378 123 124 
4 389 135 15 399 20 148 24 29 413 415 416 34 418 164 421 295 300 305 306 311 185 58 190 191 65 196 69 199 328 74 334 81 209 90 94 355 360 238 113 114 115 369 119 378 124 125 
3 382 257 130 387 261 390 267 269 272 400 20 276 26 157 30 162 35 40 42 300 45 47 176 305 179 181 191 449 66 215 89 346 220 359 105 361 115 246 120 121 376 125 126 127 
2 381 387 390 391 8 16 272 401 406 407 412 30 31 291 292 167 171 300 301 302 182 57 442 192 67 76 206 210 342 343 216 348 221 227 357 102 233 106 362 236 237 238 111 367 242 116 118 246 120 121 123 251 252 126 127 
0 128 137 138 13 23 151 408 407 27 28 32 37 421 424 298 302 307 309 183 314 188 61 199 202 331 84 212 89 222 353 358 241 123 
1 128 385 2 390 138 139 143 272 275 148 404 23 409 414 159 160 419 165 168 298 43 303 304 50 308 53 182 184 313 194 323 199 203 79 213 92 349 223 354 359 362 244 118 248 123 
4 384 130 389 134 135 393 394 11 398 15 16 20 404 278 23 405 25 159 33 39 430 303 304 49 190 319 448 203 204 205 78 79 80 84 213 219 94 350 224 351 228 236 241 373 250 123 126 
3 256 131 395 141 21 405 281 154 282 411 287 417 35 422 424 41 427 177 50 305 436 310 312 316 317 64 320 66 202 75 334 87 92 220 225 230 361 244 117 125 126 
2 388 5 391 136 137 393 11 141 397 401 275 276 278 406 412 286 417 163 36 422 168 297 301 302 177 307 53 182 185 442 187 321 72 77 212 216 95 227 101 231 362 365 252 126 
0 129 133 392 138 396 14 19 412 36 302 306 52 312 61 317 193 322 197 198 83 216 353 354 227 232 363 239 244 248 253 126 127 
1 128 129 133 139 14 19 148 23 408 157 414 38 294 299 427 429 174 430 48 304 53 182 58 315 189 318 319 320 67 323 74 205 337 210 84 214 90 92 95 228 233 362 364 373 247 254 
4 129 134 135 8 9 391 393 140 269 14 396 399 273 404 278 281 409 410 34 164 420 166 39 40 295 43 171 303 53 310 56 188 61 198 75 205 80 83 213 219 98 229 104 365 240 368 244 250 255 
3 129 130 131 132 399 17 402 21 22 154 285 35 39 424 45 306 309 55 315 64 320 321 196 325 334 86 222 357 235 366 242 244 247 251 125 
2 5 6 137 142 17 275 406 26 411 160 417 36 421 297 46 430 433 307 438 57 185 316 318 192 321 323 70 326 72 208 337 82 340 213 92 93 221 95 352 98 357 236 365 247 250 
0 133 138 11 267 13 396 399 402 152 281 282 284 289 36 422 297 174 47 303 433 178 306 308 312 59 191 64 322 327 83 216 222 353 227 101 358 232 363 367 371 253 126 383 
1 129 132 135 140 143 402 149 25 157 33 293 427 303 48 304 312 314 67 337 222 223 359 360 233 364 238 369 247 249 250 378 
4 134 8 139 140 145 273 278 408 25 154 409 414 163 420 44 429 305 433 436 54 310 439 441 314 59 188 190 324 326 200 73 75 211 85 343 216 223 224 98 101 360 364 239 368 250 253 254 
3 256 129 14 399 272 402 155 31 287 292 420 39 41 425 175 177 50 51 309 315 60 316 62 320 67 71 330 76 81 82 86 87 219 91 230 104 361 374 377 
2 257 132 137 138 143 272 146 22 151 406 26 28 32 160 421 426 46 430 51 307 191 197 70 331 336 340 87 363 236 111 112 367 368 246 247 250 253 
0 258 133 137 11 142 398 147 23 281 28 157 412 33 162 163 417 418 422 427 303 439 57 187 188 317 62 191 444 193 67 327 72 329 78 337 83 214 219 347 227 101 104 362 368 371 253 
1 132 134 269 143 402 148 405 153 29 158 414 34 163 290 419 295 42 180 53 438 312 185 314 63 65 323 70 199 333 79 222 98 233 364 238 369 248 
4 256 129 258 261 140 141 146 408 409 154 31 415 34 35 163 420 425 170 429 430 433 54 310 439 59 315 319 194 200 73 333 78 334 83 339 85 343 94 224 366 239 370 371 123 253 
3 256 391 136 141 14 17 145 276 150 26 284 165 166 425 426 300 302 306 435 442 447 320 65 194 321 75 332 77 335 336 81 337 340 86 217 91 222 95 104 107 366 112 371 245 374 251 255 
2 7 135 137 11 271 146 405 151 408 156 413 161 166 298 426 427 45 46 436 437 183 56 315 188 192 66 197 73 201 202 336 225 236 242 372 117 251 
0 256 257 258 259 264 138 144 149 152 28 157 34 162 418 166 39 167 422 423 427 432 436 437 313 62 318 193 197 327 203 76 77 337 342 346 93 363 368 373 374 248 253 
1 138 17 149 24 153 283 28 287 33 163 164 419 423 424 428 304 309 58 63 450 197 204 335 340 88 349 94 223 225 99 107 110 238 369 115 243 374 248 249 377 378 253 
4 3 259 133 260 138 140 408 25 154 411 30 159 416 35 164 420 38 424 425 301 429 430 48 434 54 310 313 186 444 189 318 191 450 195 76 334 80 208 85 90 223 228 364 239 368 370 245 374 375 249 254 255 
3 256 259 261 262 390 267 140 397 271 146 151 152 155 162 291 36 37 169 42 170 426 430 177 51 180 437 435 311 439 316 65 201 330 75 79 80 207 336 340 345 90 349 350 355 105 361 371 116 120 376 250 251 377 381 
2 256 3 262 266 142 272 146 147 20 411 161 290 417 292 422 427 307 436 441 187 66 200 201 76 77 336 338 343 91 92 228 356 231 110 112 113 241 118 247 377 252 380 
0 258 263 392 138 141 148 407 152 153 411 157 414 33 419 38 167 422 427 428 304 432 51 437 313 189 62 447 321 194 203 77 79 337 82 83 88 347 352 231 368 373 378 
1 128 262 263 9 265 268 270 155 283 29 158 34 163 39 40 172 45 178 309 58 314 442 204 82 338 89 352 364 379 380 254 
4 128 259 260 6 269 399 145 150 23 24 159 35 293 40 425 299 430 435 310 443 190 63 64 193 203 205 79 210 339 89 90 346 354 231 236 109 365 113 116 244 245 121 383 
3 260 261 265 266 270 144 146 147 151 414 415 160 417 162 422 41 170 301 307 180 436 54 435 312 440 316 192 67 324 197 70 82 211 340 87 90 350 96 352 234 366 371 116 376 255 
2 257 2 388 391 265 266 267 268 397 142 273 147 22 26 158 32 163 37 166 41 427 175 48 436 181 437 441 445 71 202 76 207 81 85 86 87 355 356 361 237 367 116 252 383 
0 258 386 263 9 14 143 17 26 33 162 38 423 296 172 428 432 433 178 438 442 447 321 323 72 77 206 213 87 347 92 349 352 98 357 234 362 239 368 116 124 253 
1 258 259 134 262 264 144 273 18 147 278 408 153 154 417 34 424 425 172 173 429 433 178 434 310 183 57 314 315 442 324 327 200 78 82 85 343 88 90 93 94 353 99 109 237 114 374 253 
4 383 386 259 391 264 9 139 268 144 145 400 275 276 150 23 153 155 161 35 293 166 39 40 424 425 428 45 174 430 178 51 179 53 434 183 184 59 315 444 63 320 448 194 449 325 73 205 79 210 88 89 90 94 354 358 369 370 375 248 254 255 
3 255 130 260 5 261 389 12 144 17 25 29 414 31 421 299 51 180 435 54 440 190 321 450 324 326 206 209 350 95 352 355 106 234 237 242 119 376 121 127 
2 1 132 261 6 265 271 150 281 157 287 417 420 37 422 42 428 47 175 177 181 57 186 313 60 317 318 445 327 202 203 330 207 81 82 85 86 88 92 93 96 97 355 356 101 361 240 241 371 372 
0 1 2 258 386 389 262 7 138 394 12 398 271 279 26 282 158 33 164 38 296 169 43 433 181 54 438 442 447 323 328 206 213 87 91 92 93 97 357 361 116 378 382 
1 384 130 135 263 392 398 15 144 273 147 20 148 154 417 34 39 173 302 429 434 183 57 443 188 63 324 327 204 214 88 94 98 355 228 104 360 237 240 245 374 122 
4 385 4 135 9 265 268 404 278 409 284 159 35 423 169 303 431 178 179 435 436 440 315 316 63 320 321 449 448 325 330 333 206 210 83 84 343 88 91 219 349 94 95 96 100 358 109 239 243 375 253 
3 386 4 5 389 136 392 10 397 270 16 17 274 275 280 282 156 29 285 36 167 41 299 172 432 177 180 311 184 57 441 445 62 446 321 450 195 326 206 209 82 210 216 90 91 360 105 236 364 365 119 375 
2 133 262 138 142 16 272 276 21 150 23 152 281 286 32 420 42 427 176 437 186 60 61 446 191 322 201 330 207 81 212 91 96 352 227 358 361 106 363 111 240 117 248 377 
0 1 2 271 272 17 148 277 158 287 288 38 298 48 434 181 182 439 187 443 317 318 447 192 323 324 203 333 209 214 91 97 99 103 361 362 373 383 
1 384 389 392 14 398 400 273 283 285 32 290 302 175 308 183 443 60 444 319 323 324 198 203 83 212 214 219 353 358 103 104 363 373 248 122 378 379 
4 385 136 265 141 14 143 269 270 19 149 279 153 26 155 284 290 423 169 45 430 50 179 435 54 184 440 445 63 320 194 323 324 333 210 338 90 94 95 99 105 361 364 109 366 243 244 375 249 251 379 255 
3 385 130 4 261 7 136 10 15 271 272 146 274 20 275 407 25 26 281 285 161 290 36 295 42 46 176 306 51 437 184 185 442 321 195 196 197 71 200 327 202 205 207 211 212 87 217 91 94 222 96 351 100 101 102 231 232 105 356 357 364 370 116 375 376 380 
2 257 386 387 6 11 12 395 272 403 276 21 152 26 286 287 288 162 35 37 293 296 42 305 178 52 437 186 442 63 66 68 196 201 206 207 215 346 227 107 376 125 381 
0 382 388 139 144 17 277 153 282 156 29 426 43 427 48 53 438 443 66 202 333 207 336 218 227 103 107 108 364 112 369 246 378 254 127 
