100 332
0 9 3 4 23 
0 8 32 11 6 
1 1 4 5 
2 1 3 21 22 
0 3 45 46 7 
1 2 18 19 44 
1 17 12 5 13 
1 9 2 10 
2 8 1 10 
0 8 9 24 25 
1 41 2 62 15 
0 26 13 7 
2 64 65 12 7 
0 16 59 53 15 
2 16 11 14 
1 47 43 14 15 
0 31 19 30 7 
0 50 29 6 
2 17 51 52 6 
0 33 34 21 22 
1 4 20 22 
3 4 20 21 
1 24 1 25 
2 25 10 23 
3 24 10 23 
1 27 12 28 
0 26 28 54 55 
2 26 27 36 37 
1 18 30 31 
2 17 29 31 
3 17 29 30 
1 33 2 34 
2 32 34 20 
3 32 33 20 
0 36 37 60 61 
1 35 28 71 
1 40 35 28 39 
0 40 73 95 39 
2 40 37 38 
3 37 38 39 
0 42 11 83 78 
1 48 41 49 43 
0 16 42 77 
0 87 88 6 46 
1 5 46 86 
2 44 5 45 
0 16 48 57 58 
2 49 42 47 
0 48 42 99 100 
1 18 52 93 94 
0 19 52 92 
3 50 19 51 
1 55 14 54 
2 27 53 55 
3 27 53 54 
0 58 98 69 70 
1 58 68 47 
2 56 57 47 
1 60 61 14 
2 35 59 75 76 
2 74 35 59 
0 64 11 63 
1 64 66 67 62 
3 13 62 63 
0 66 67 13 
2 65 67 63 
3 65 66 63 
0 57 69 70 
1 56 68 70 
2 56 68 69 
0 72 73 36 
1 96 73 97 71 
2 72 38 71 
0 75 76 61 
1 74 60 76 
3 74 75 60 
1 43 78 79 
2 41 90 91 77 
0 81 82 89 77 
0 81 82 84 85 
1 80 82 79 
2 80 81 79 
1 41 84 85 
2 80 83 85 
3 80 83 84 
0 88 45 87 
1 88 44 86 
2 44 86 87 
1 90 91 79 
0 89 91 78 
3 89 90 78 
1 51 93 94 
0 50 92 94 
2 50 92 93 
1 96 97 38 
0 72 97 95 
2 72 96 95 
1 56 99 100 
2 49 98 100 
3 49 98 99 
