100 332
0 2 4 12 13 
1 1 33 34 4 
0 8 32 11 7 
2 1 2 5 
0 48 49 4 6 
1 9 10 5 7 
2 3 92 6 
1 9 3 27 62 
0 8 74 6 
0 75 68 76 6 
1 18 3 20 13 
1 1 59 23 
2 16 1 11 15 
0 16 60 61 15 
1 35 44 13 14 
1 13 14 29 
0 24 25 18 19 
2 17 11 19 
1 17 18 21 22 
0 11 21 22 
2 19 20 22 
3 19 20 21 
0 24 25 12 
1 17 99 100 23 
1 17 51 52 23 
0 27 28 70 71 
2 8 26 28 
1 64 26 27 77 
0 16 30 31 
1 36 29 37 31 
2 46 29 30 45 
1 33 34 3 
0 32 2 34 
2 32 33 2 
0 39 40 37 15 
0 89 37 30 
2 35 36 30 
0 40 42 43 39 
1 40 35 38 
2 35 38 39 
0 56 43 54 55 
1 57 58 43 38 
2 41 42 38 
0 45 46 15 
1 44 46 31 
3 44 45 31 
0 48 49 93 94 
1 49 5 47 
2 48 5 47 
0 65 81 82 98 
0 25 66 67 52 
2 80 25 51 
0 90 91 54 55 
1 41 53 55 
2 41 53 54 
1 41 58 95 
0 96 97 42 58 
2 56 57 42 
0 12 60 61 
1 59 61 14 
2 59 60 14 
0 8 64 84 85 
0 64 83 78 79 
2 28 62 63 
1 50 66 67 
2 88 65 51 87 
2 65 51 86 
1 10 69 70 
0 72 73 68 70 
2 26 68 69 
1 72 73 26 
2 73 69 71 
3 72 69 71 
1 9 75 76 
2 10 74 76 
3 10 74 75 
0 28 78 79 
1 79 77 63 
2 77 78 63 
0 81 82 52 
1 80 50 82 
2 80 81 50 
1 84 85 63 
2 83 85 62 
3 83 84 62 
0 88 67 87 
1 88 66 86 
3 66 86 87 
1 90 91 36 
2 89 91 53 
3 89 90 53 
0 93 94 7 
1 92 94 47 
2 92 93 47 
0 56 96 97 
1 57 97 95 
2 96 57 95 
1 50 99 100 
0 24 98 100 
2 24 98 99 
