88 292
0 17 3 11 7 
0 24 25 5 77 
1 1 4 78 79 
0 80 26 3 14 
1 9 2 10 7 
0 8 18 19 7 
2 1 5 6 
1 9 10 6 
0 8 10 5 
2 8 9 5 
1 1 60 13 61 
0 16 56 59 13 
2 33 34 11 12 
1 39 40 4 15 
0 50 21 14 22 
1 51 12 52 62 
1 1 18 19 
2 17 19 6 
3 17 18 6 
0 57 58 21 22 
1 75 20 76 15 
1 74 20 15 
0 24 27 28 53 
1 31 2 30 23 
1 2 42 43 29 
1 35 4 28 
1 28 36 37 23 
2 26 27 23 
0 25 44 30 
2 24 29 31 
0 24 45 30 46 
0 33 34 66 67 
1 32 34 13 
3 32 33 13 
0 26 36 37 
2 27 35 84 85 
2 27 35 83 
0 40 63 71 39 
2 40 14 38 
3 39 14 38 
0 42 43 54 55 
2 25 41 43 
3 25 41 42 
1 29 46 47 
1 48 49 46 31 
2 44 45 31 
0 48 49 44 
2 49 45 47 
3 48 45 47 
1 51 52 15 
0 16 50 68 
0 16 50 69 70 
1 55 54 23 
2 41 53 55 
3 41 53 54 
1 57 58 12 
2 56 58 20 
3 56 57 20 
1 12 60 61 
0 11 59 61 
2 11 59 60 
0 16 64 63 
1 64 38 62 
2 72 73 62 63 
0 81 66 67 82 
1 32 65 67 
2 32 65 66 
1 51 69 70 
2 52 68 70 
3 52 68 69 
1 72 73 38 
0 64 73 71 
3 64 72 71 
0 88 75 22 87 
2 74 76 21 
0 75 21 86 
1 2 78 79 
0 3 77 79 
2 3 77 78 
1 81 82 4 
2 80 65 82 
3 80 65 81 
0 84 37 85 
1 83 36 85 
3 83 36 84 
1 88 76 87 
2 88 74 86 
3 74 86 87 
