88 292
0 65 2 6 7 
1 1 4 53 38 
0 8 5 21 22 
0 2 12 13 20 
1 3 60 61 6 
2 24 1 25 5 
1 1 59 78 79 
1 9 10 3 
0 8 10 54 55 
2 8 9 17 15 
0 32 44 13 30 
1 4 13 45 47 
2 11 4 12 
0 16 40 68 15 
1 16 10 14 
2 18 19 14 15 
0 10 18 19 
1 16 17 19 
3 16 17 18 
1 42 43 4 21 
2 26 3 20 
1 41 3 27 28 
0 24 25 77 
1 25 6 23 
3 24 6 23 
0 27 28 21 
2 26 28 22 
3 26 27 22 
0 66 67 30 31 
1 11 29 31 
2 56 33 29 30 
1 33 34 11 
0 32 37 62 31 
0 32 57 58 35 
1 88 34 36 87 
0 64 35 37 63 
1 33 36 86 
0 40 2 39 
1 40 69 38 70 
2 39 14 38 
0 42 51 52 22 
2 41 43 20 
0 42 50 20 
1 11 45 46 
0 12 44 46 
2 49 74 44 45 
0 48 49 12 
1 49 75 76 47 
3 48 46 47 
1 43 51 52 
2 41 50 81 82 
2 80 41 50 
0 2 54 55 
1 9 53 71 
1 9 73 83 53 
0 57 58 31 
1 56 34 58 
2 56 57 34 
0 60 61 7 
2 59 5 61 
3 59 60 5 
1 64 33 63 
2 64 36 62 
3 36 62 63 
1 1 66 67 
2 65 67 29 
3 65 66 29 
1 69 14 70 
0 68 70 39 
2 68 69 39 
0 72 73 54 
1 73 84 85 71 
2 71 72 55 
0 75 76 46 
2 48 74 76 
3 48 74 75 
1 79 78 23 
0 79 77 7 
2 77 78 7 
0 81 82 52 
1 80 82 51 
3 80 81 51 
0 84 85 55 
2 72 83 85 
3 72 83 84 
0 88 37 87 
2 88 35 86 
3 35 86 87 
